   3.1497245e+03
   3.7098214e+03
   4.2341607e+03
   4.6419589e+03
   5.5554352e+03
   5.7745726e+03
   6.2762350e+03
   7.3638809e+03
   7.7487197e+03
   9.0032444e+03
   9.4038371e+03
   9.9690664e+03
   1.1368180e+04
   1.1843397e+04
   1.8372467e+04
   1.8702645e+04
   1.9056772e+04
   1.9327352e+04
   2.4618472e+04
   2.4955458e+04
   2.6190845e+04
   2.6910654e+04
   2.7852852e+04
   2.8405031e+04
   3.0401474e+04
   3.1710663e+04
   3.2388515e+04
   3.2830433e+04
   3.3143116e+04
   3.4024956e+04
   3.4861180e+04
   3.8745477e+04
   3.9159102e+04
   3.9612803e+04
   4.0378563e+04
   4.0381099e+04
   4.0576371e+04
   4.0798247e+04
   4.1182719e+04
   4.3108659e+04
   4.3384088e+04
   4.3544670e+04
   4.3794426e+04
   4.4002404e+04
   4.4635630e+04
   4.4912970e+04
   4.5100479e+04
   4.5363856e+04
   4.5583515e+04
   4.5889469e+04
   4.6159407e+04
   4.6474886e+04
   4.6739049e+04
   4.6965380e+04
   4.7833533e+04
   4.8091959e+04
   4.8482727e+04
   4.8711126e+04
   4.9444457e+04
   5.0036075e+04
   5.0567598e+04
   5.1220393e+04
   5.2036362e+04
   5.2266484e+04
   5.2492722e+04
   5.2705378e+04
   5.2964601e+04
   5.3588889e+04
   5.3882612e+04
   5.6467675e+04
   5.6622810e+04
   5.6763985e+04
   5.6842117e+04
   5.6946602e+04
   5.7042680e+04
   5.7170282e+04
   5.7307319e+04
   5.7436311e+04
   5.7650262e+04
   5.7805435e+04
   5.7921441e+04
   5.8052556e+04
   5.8213688e+04
   5.8345195e+04
   5.8497430e+04
   5.8669780e+04
   5.8811210e+04
   5.8915622e+04
   5.9039279e+04
   5.9129156e+04
   5.9237436e+04
   5.9413286e+04
   5.9545624e+04
   5.9660655e+04
   5.9793024e+04
   5.9955699e+04
   6.0778808e+04
   6.1222840e+04
   6.1588283e+04
   6.2053406e+04
   6.2931439e+04
   6.4722497e+04
   6.5105361e+04
   6.5376779e+04
   6.7071437e+04
   6.7832296e+04
   6.8151180e+04
   6.8578045e+04
   7.1544341e+04
   7.2980404e+04
   7.3434479e+04
   7.3838200e+04
   7.4236752e+04
   7.6006711e+04
   7.6284437e+04
   7.7029183e+04
   7.9119144e+04
   7.9570993e+04
   7.9948608e+04
   8.4371300e+04
   8.5359845e+04
   8.6804256e+04
   8.7179489e+04
   8.7432781e+04
   8.8128242e+04
   8.8534324e+04
   8.8934115e+04
   8.9387114e+04
   9.0313035e+04
   9.0519723e+04
   9.1127931e+04
   9.1628849e+04
   9.2664325e+04
   9.2956056e+04
   9.4988959e+04
   9.5894928e+04
   9.6442030e+04
   9.8227141e+04
   1.0046239e+05
   1.0061983e+05
   1.0099073e+05
   1.0111279e+05
   1.0136829e+05
   1.0169646e+05
   1.0228172e+05
   1.0328985e+05
   1.0361038e+05
   1.0379976e+05
   1.0422309e+05
   1.0447390e+05
   1.0469671e+05
   1.0507462e+05
   1.0531593e+05
   1.0559476e+05
   1.0597173e+05
   1.0627759e+05
   1.0675764e+05
   1.0776229e+05
   1.0792846e+05
   1.0808915e+05
   1.0823074e+05
   1.0838539e+05
   1.0852577e+05
   1.0872100e+05
   1.0890411e+05
   1.0908327e+05
   1.0926797e+05
   1.0947759e+05
   1.0968233e+05
   1.0985300e+05
   1.1003365e+05
   1.1020038e+05
   1.1037874e+05
   1.1065001e+05
   1.1080956e+05
   1.1099464e+05
   1.1134195e+05
   1.1146723e+05
   1.1164563e+05
   1.1178135e+05
   1.1199389e+05
   1.1216827e+05
   1.1238352e+05
   1.1256084e+05
   1.1272213e+05
   1.1294458e+05
   1.1338830e+05
   1.1362275e+05
   1.1379852e+05
   1.1428753e+05
   1.1489786e+05
   1.1512092e+05
   1.1566807e+05
   1.1589119e+05
   1.1616424e+05
   1.1637650e+05
   1.1661997e+05
   1.1684311e+05
   1.1725111e+05
   1.1757420e+05
   1.1777965e+05
   1.1804979e+05
   1.1824223e+05
   1.1841449e+05
   1.1879984e+05
   1.1902086e+05
   1.1927125e+05
   1.1943728e+05
   1.1972052e+05
   1.2026380e+05
   1.2061942e+05
   1.3168850e+05
   1.3229039e+05
   1.3281751e+05
   1.3361647e+05
   1.3402463e+05
   1.3464690e+05
   1.3796806e+05
   1.3909701e+05
   1.3945336e+05
   1.3981714e+05
   1.4020362e+05
   1.4042800e+05
   1.4078932e+05
   1.4097951e+05
   1.4164735e+05
   1.4289782e+05
   1.4362698e+05
   1.4508016e+05
   1.4574637e+05
   1.4683112e+05
   1.4732636e+05
   1.4762316e+05
   1.4779660e+05
   1.4827202e+05
   1.4894909e+05
   1.4958459e+05
   1.5147202e+05
   1.5305062e+05
   1.5337756e+05
   1.5366855e+05
   1.5398117e+05
   1.5447031e+05
   1.5478599e+05
   1.5516251e+05
   1.5596048e+05
   1.5651300e+05
   1.5725161e+05
   1.5777809e+05
   1.5820965e+05
   1.5850696e+05
   1.5887757e+05
   1.5934644e+05
   1.5989163e+05
   1.6032503e+05
   1.6053181e+05
   1.6071921e+05
   1.6092892e+05
   1.6121341e+05
   1.6136058e+05
   1.6165868e+05
   1.6187037e+05
   1.6223841e+05
   1.6237923e+05
   1.6255338e+05
   1.6270690e+05
   1.6301466e+05
   1.6326247e+05
   1.6344200e+05
   1.6357409e+05
   1.6399662e+05
   1.6415302e+05
   1.6431319e+05
   1.6451260e+05
   1.6475224e+05
   1.6520490e+05
   1.6557189e+05
   1.6593278e+05
   1.6616201e+05
   1.6642664e+05
   1.6664315e+05
   1.6685477e+05
   1.6745987e+05
   1.6801174e+05
   1.6830181e+05
   1.6878954e+05
   1.6913711e+05
   1.6936033e+05
   1.6959898e+05
   1.6991741e+05
   1.7017351e+05
   1.7059299e+05
   1.7080436e+05
   1.7099395e+05
   1.7120769e+05
   1.7137745e+05
   1.7159771e+05
   1.7187875e+05
   1.7229501e+05
   1.7261339e+05
   1.7287025e+05
   1.7311852e+05
   1.7340806e+05
   1.7396970e+05
   1.7450482e+05
   1.7466236e+05
   1.7485581e+05
   1.7498201e+05
   1.7513644e+05
   1.7537664e+05
   1.7557155e+05
   1.7575266e+05
   1.7603268e+05
   1.7627879e+05
   1.7642131e+05
   1.7658300e+05
   1.7678010e+05
   1.7699881e+05
   1.7718222e+05
   1.7737884e+05
   1.7764239e+05
   1.7796482e+05
   1.7831675e+05
   1.7847437e+05
   1.7864413e+05
   1.7885095e+05
   1.7900441e+05
   1.7917162e+05
   1.7945255e+05
   1.7956566e+05
   1.7967656e+05
   1.7989206e+05
   1.8108793e+05
   1.8159950e+05
   1.8195006e+05
   1.8233904e+05
   1.8272734e+05
   1.8315696e+05
   1.8347462e+05
   1.8417548e+05
   1.8513244e+05
   1.8707136e+05
   1.8740688e+05
   1.8775079e+05
   1.8802589e+05
   1.8827682e+05
   1.8869601e+05
   1.8938941e+05
   1.8979815e+05
   1.9091724e+05
   1.9112637e+05
   1.9163241e+05
   1.9194559e+05
   1.9285441e+05
   1.9311729e+05
   1.9439434e+05
   1.9485351e+05
   1.9571841e+05
   1.9667289e+05
   1.9754298e+05
   1.9825708e+05
   1.9866867e+05
   1.9911405e+05
   2.0066075e+05
   2.0289031e+05
   2.0388641e+05
   2.0471081e+05
   2.0544723e+05
   2.0578070e+05
   2.0621271e+05
   2.0670426e+05
   2.0693383e+05
   2.0753381e+05
   2.0798831e+05
   2.0863047e+05
   2.0891113e+05
   2.0922022e+05
   2.1016985e+05
   2.1184894e+05
   2.1397794e+05
   2.1445194e+05
   2.1559249e+05
   2.1591185e+05
   2.1628948e+05
   2.1708410e+05
   2.1882973e+05
   2.1929527e+05
   2.1982941e+05
   2.2024348e+05
   2.2044479e+05
   2.2087536e+05
   2.2120102e+05
   2.2147797e+05
   2.2187654e+05
   2.2226216e+05
   2.2307081e+05
   2.2332555e+05
   2.2356334e+05
   2.2435437e+05
   2.2452999e+05
   2.2497273e+05
   2.2518158e+05
   2.2545843e+05
   2.2578010e+05
   2.2609458e+05
   2.2634426e+05
   2.2667989e+05
   2.2686708e+05
   2.2741184e+05
   2.2763804e+05
   2.2786604e+05
   2.2806827e+05
   2.2860426e+05
   2.2881246e+05
   2.2903820e+05
   2.2933193e+05
   2.2959816e+05
   2.3001452e+05
   2.3023518e+05
   2.3048169e+05
   2.3077478e+05
   2.3116401e+05
   2.3144799e+05
   2.3188516e+05
   2.3261330e+05
   2.3293501e+05
   2.3315622e+05
   2.3331720e+05
   2.3352013e+05
   2.3445565e+05
   2.3469188e+05
   2.3504111e+05
   2.3524611e+05
   2.3541505e+05
   2.3562682e+05
   2.3594578e+05
   2.3628287e+05
   2.3643920e+05
   2.3674874e+05
   2.3708067e+05
   2.3729732e+05
   2.3756401e+05
   2.3771175e+05
   2.3796982e+05
   2.3813062e+05
   2.3836145e+05
   2.3862940e+05
   2.3881376e+05
   2.3912774e+05
   2.3947734e+05
   2.4037906e+05
   2.4114107e+05
   2.4168677e+05
   2.4193949e+05
   2.4326746e+05
   2.4402129e+05
   2.4431602e+05
   2.4481940e+05
   2.4606958e+05
   2.4672495e+05
   2.4728216e+05
   2.4942105e+05
   2.4967752e+05
   2.4998737e+05
   2.5051688e+05
   2.5073786e+05
   2.5105030e+05
   2.5156544e+05
   2.5239895e+05
   2.5287147e+05
   2.5381593e+05
   2.5420317e+05
   2.5554797e+05
   2.5606667e+05
   2.5657426e+05
   2.5935909e+05
   2.5959411e+05
   2.6210290e+05
   2.6244722e+05
   2.6347501e+05
   2.6441632e+05
   2.6502917e+05
   2.6621740e+05
   2.6642459e+05
   2.6692498e+05
   2.6735296e+05
   2.6752536e+05
   2.6772640e+05
   2.6800665e+05
   2.6833775e+05
   2.6946240e+05
   2.7026901e+05
   2.7134333e+05
   2.7299605e+05
   2.7377662e+05
   2.7409343e+05
   2.7435682e+05
   2.7765255e+05
   2.8048432e+05
   2.8091613e+05
   2.8136517e+05
   2.8161603e+05
   2.8198871e+05
   2.8296288e+05
   2.8377657e+05
   2.8410612e+05
   2.8464993e+05
   2.8502587e+05
   2.8588393e+05
   2.8716863e+05
   2.8733226e+05
   2.8750797e+05
   2.8788040e+05
   2.8812423e+05
   2.8829120e+05
   2.8843795e+05
   2.8877065e+05
   2.8920308e+05
   2.8939095e+05
   2.9005794e+05
   2.9019474e+05
   2.9052444e+05
   2.9071100e+05
   2.9124392e+05
   2.9158855e+05
   2.9195261e+05
   2.9219484e+05
   2.9245130e+05
   2.9262711e+05
   2.9278546e+05
   2.9304538e+05
   2.9335307e+05
   2.9367351e+05
   2.9436593e+05
   2.9454964e+05
   2.9830230e+05
   2.9855814e+05
   3.0039940e+05
   3.0083395e+05
   3.0135142e+05
   3.0182902e+05
   3.1236485e+05
   3.1282099e+05
   3.1302637e+05
   3.1595851e+05
   3.1639074e+05
   3.1811805e+05
   3.2056924e+05
   3.2150908e+05
   3.2289208e+05
   3.2320503e+05
   3.2379148e+05
   3.2417130e+05
   3.2494842e+05
   3.2779364e+05
   3.2851505e+05
   3.3309921e+05
   3.3383302e+05
   3.3416353e+05
   3.3471464e+05
   3.3649227e+05
   3.3675896e+05
   3.3718097e+05
   3.3758169e+05
   3.3939947e+05
   3.3976448e+05
   3.4019028e+05
   3.4045525e+05
   3.4106952e+05
   3.4173179e+05
   3.4255253e+05
   3.4280755e+05
   3.4308805e+05
   3.4366454e+05
   3.4396705e+05
   3.4415661e+05
   3.4455905e+05
   3.4476229e+05
   3.4495806e+05
   3.4526327e+05
   3.4578070e+05
   3.4627598e+05
   3.4653150e+05
   3.4725702e+05
   3.4749427e+05
   3.4767718e+05
   3.4783745e+05
   3.4801866e+05
   3.4843361e+05
   3.4862519e+05
   3.4912878e+05
   3.4941824e+05
   3.4973265e+05
   3.4998139e+05
   3.5020320e+05
   3.5045863e+05
   3.5079277e+05
   3.5099477e+05
   3.5154749e+05
   3.5175515e+05
   3.5202952e+05
   3.5238476e+05
   3.5260029e+05
   3.5290597e+05
   3.5311872e+05
   3.5331409e+05
   3.5346288e+05
   3.5362402e+05
   3.5399181e+05
   3.5450885e+05
   3.5468064e+05
   3.5496815e+05
   3.5514420e+05
   3.5534221e+05
   3.5558208e+05
   3.5576736e+05
   3.5608948e+05
   3.5638652e+05
   3.5654076e+05
   3.5686905e+05
   3.5701139e+05
   3.5719524e+05
   3.5740246e+05
   3.5761221e+05
   3.5787541e+05
   3.5805393e+05
   3.5824341e+05
   3.5840616e+05
   3.5857273e+05
   3.5874200e+05
   3.5892367e+05
   3.5914501e+05
   3.5929033e+05
   3.5943630e+05
   3.5980271e+05
   3.6066218e+05
   3.6113681e+05
   3.6155082e+05
   3.6206431e+05
   3.6235410e+05
   3.6283907e+05
   3.6386812e+05
   3.6407581e+05
   3.6533388e+05
   3.6584552e+05
   3.6639393e+05
   3.6679244e+05
   3.6729638e+05
   3.6797260e+05
   3.6861527e+05
   3.6892440e+05
   3.6957317e+05
   3.6991154e+05
   3.7058751e+05
   3.7299401e+05
   3.7337824e+05
   3.7441912e+05
   3.7480898e+05
   3.7517312e+05
   3.7568725e+05
   3.7698372e+05
   3.7728233e+05
   3.7764975e+05
   3.7794486e+05
   3.7843374e+05
   3.7884201e+05
   3.7913151e+05
   3.8025047e+05
   4.0031008e+05
   4.0062552e+05
   4.0130369e+05
   4.0168848e+05
   4.0224325e+05
   4.0261543e+05
   4.0282308e+05
   4.0302854e+05
   4.0327303e+05
   4.0348473e+05
   4.0388507e+05
   4.0416451e+05
   4.0521345e+05
   4.0547763e+05
   4.0588574e+05
   4.0606788e+05
   4.0633875e+05
   4.0654420e+05
   4.0817186e+05
   4.0844391e+05
   4.0868504e+05
   4.0890980e+05
   4.0915378e+05
   4.0934848e+05
   4.0951192e+05
   4.0973058e+05
   4.0988936e+05
   4.1005757e+05
   4.1022519e+05
   4.1046394e+05
   4.1069574e+05
   4.1087302e+05
   4.1107024e+05
   4.1146123e+05
   4.1169749e+05
   4.1209190e+05
   4.1222510e+05
   4.1251973e+05
   4.1287511e+05
   4.1306296e+05
   4.1330568e+05
   4.1371979e+05
   4.1391073e+05
   4.1478470e+05
   4.1502349e+05
   4.1569675e+05
   4.1603514e+05
   4.1743719e+05
   4.1845878e+05
   4.1884283e+05
   4.1935181e+05
   4.1982988e+05
   4.2083094e+05
   4.2109955e+05
   4.2170143e+05
   4.2226686e+05
   4.2353930e+05
   4.2405565e+05
   4.2452030e+05
   4.2496634e+05
   4.4080341e+05
   4.4110925e+05
   4.4278663e+05
   4.4416226e+05
   4.4469697e+05
   4.4528446e+05
   4.4591023e+05
   4.4648302e+05
   4.4711871e+05
   4.4761092e+05
   4.4801899e+05
   4.4851455e+05
   4.5097782e+05
   4.5211857e+05
   4.5244689e+05
   4.5289862e+05
   4.5358907e+05
   4.5388585e+05
   4.5434230e+05
   4.5509945e+05
   4.5533338e+05
   4.5618238e+05
   4.5654908e+05
   4.5685691e+05
   4.5770007e+05
   4.5827793e+05
   4.5853921e+05
   4.5890081e+05
   4.5917018e+05
   4.5960605e+05
   4.5981849e+05
   4.6022428e+05
   4.6043814e+05
   4.6062321e+05
   4.6081849e+05
   4.6109749e+05
   4.6150255e+05
   4.6177368e+05
   4.6226416e+05
   4.6250216e+05
   4.6269010e+05
   4.6297025e+05
   4.6328705e+05
   4.6348621e+05
   4.6380473e+05
   4.6407543e+05
   4.6432285e+05
   4.6451619e+05
   4.6469445e+05
   4.6488674e+05
   4.6504789e+05
   4.6534968e+05
   4.6566306e+05
   4.6587320e+05
   4.6609285e+05
   4.6643794e+05
   4.6671345e+05
   4.6686843e+05
   4.6791743e+05
   4.6817809e+05
   4.6842718e+05
   4.6902500e+05
   4.6933454e+05
   4.7051559e+05
   4.7098026e+05
   4.7174688e+05
   4.7266537e+05
   4.7286305e+05
   4.7310788e+05
   4.7380999e+05
   4.7460679e+05
   4.7474412e+05
   4.7496478e+05
   4.7521234e+05
   4.7550857e+05
   4.7577569e+05
   4.7628221e+05
   4.7650424e+05
   4.7693574e+05
   4.7716568e+05
   4.7755336e+05
   4.7776796e+05
   4.7796973e+05
   4.7829739e+05
   4.7843806e+05
   4.7870661e+05
   4.7888553e+05
   4.7917362e+05
   4.7933366e+05
   4.7955566e+05
   4.7982551e+05
   4.8063854e+05
   4.8123254e+05
   4.8652439e+05
   4.8717861e+05
   4.8905692e+05
   4.8932639e+05
   4.8965140e+05
   4.9000710e+05
   4.9092232e+05
   4.9175866e+05
   4.9224392e+05
   4.9294632e+05
   4.9356126e+05
   4.9391725e+05
   4.9420980e+05
   4.9616804e+05
   4.9691562e+05
   4.9759089e+05
   4.9779991e+05
   4.9805746e+05
   4.9832570e+05
   4.9860672e+05
   4.9886232e+05
   5.0002258e+05
   5.0132052e+05
   5.0236704e+05
   5.0277634e+05
   5.0294214e+05
   5.1453893e+05
   5.1508379e+05
   5.1581265e+05
   5.1606130e+05
   5.1644099e+05
   5.1673068e+05
   5.1787189e+05
   5.2018547e+05
   5.2033963e+05
   5.2054366e+05
   5.2090309e+05
   5.2106030e+05
   5.2127367e+05
   5.2147621e+05
   5.2160130e+05
   5.2188684e+05
   5.2220633e+05
   5.2235101e+05
   5.2253510e+05
   5.2272484e+05
   5.2294886e+05
   5.2322626e+05
   5.2346220e+05
   5.2361549e+05
   5.2381319e+05
   5.2404616e+05
   5.2430448e+05
   5.2447470e+05
   5.2464904e+05
   5.2484031e+05
   5.2509662e+05
   5.2524944e+05
   5.2544474e+05
   5.2559086e+05
   5.2580925e+05
   5.2607508e+05
   5.2632186e+05
   5.2651961e+05
   5.2673635e+05
   5.2695447e+05
   5.2756835e+05
   5.2807633e+05
   5.2866018e+05
   5.2912680e+05
   5.2974544e+05
   5.3462499e+05
   5.3479187e+05
   5.3495733e+05
   5.3510078e+05
   5.3545541e+05
   5.3569457e+05
   5.3587102e+05
   5.3600744e+05
   5.3633206e+05
   5.3649790e+05
   5.3661721e+05
   5.3677566e+05
   5.3704921e+05
   5.3725410e+05
   5.3749922e+05
   5.3766997e+05
   5.3781859e+05
   5.3802437e+05
   5.3815433e+05
   5.3831738e+05
   5.3846241e+05
   5.3858383e+05
   5.3880654e+05
   5.3894244e+05
   5.3921091e+05
   5.3936355e+05
   5.3952070e+05
   5.3973251e+05
   5.3989613e+05
   5.4021378e+05
   5.4063874e+05
   5.4135807e+05
   5.4173194e+05
   5.4259383e+05
   5.4285894e+05
   5.4331590e+05
   5.4397148e+05
   5.4441344e+05
   5.4501357e+05
   5.4538603e+05
   5.4572786e+05
   5.4625613e+05
   5.4686589e+05
   5.4724881e+05
   5.4760897e+05
   5.4804387e+05
   5.4838347e+05
   5.4889107e+05
   5.4975620e+05
   5.5003332e+05
   5.5165688e+05
   5.5224630e+05
   5.5254170e+05
   5.5297055e+05
   5.5340137e+05
   5.5409847e+05
   5.5448876e+05
   5.5496796e+05
   5.5530582e+05
   5.5569803e+05
   5.5600019e+05
   5.5689577e+05
   5.5795284e+05
   5.5861803e+05
   5.5902011e+05
   5.7038603e+05
   5.7070907e+05
   5.7144234e+05
   5.7182216e+05
   5.7247330e+05
   5.7448797e+05
   5.7484359e+05
   5.7584659e+05
   5.7736080e+05
   5.7809556e+05
   5.7901656e+05
   5.8075097e+05
   5.8501090e+05
   5.8534123e+05
   5.8676628e+05
   6.0024485e+05
   6.0064749e+05
   6.0260584e+05
   6.0509579e+05
   6.0567614e+05
   6.0588234e+05
   6.0659490e+05
   6.0694885e+05
   6.0733704e+05
   6.0824024e+05
   6.0880836e+05
   6.0941207e+05
   6.1007556e+05
   6.1042460e+05
   6.1070121e+05
   6.1110254e+05
   6.1143046e+05
   6.1206395e+05
   6.1265157e+05
   6.1320731e+05
   6.1486297e+05
   6.1569490e+05
   6.2194950e+05
   6.2302854e+05
   6.2334645e+05
   6.2368370e+05
   6.2403038e+05
   6.2498379e+05
   6.2723260e+05
   6.2839525e+05
   6.3321542e+05
   6.3575975e+05
   6.3685322e+05
   6.3759166e+05
   6.3806757e+05
   6.3888508e+05
   6.3935745e+05
   6.3979792e+05
   6.4024050e+05
   6.4053664e+05
   6.4077861e+05
   6.4143954e+05
   6.4169966e+05
   6.4227298e+05
   6.4260358e+05
   6.4318926e+05
   6.4347661e+05
   6.4383101e+05
   6.4406861e+05
   6.4449293e+05
   6.4555132e+05
   6.4604661e+05
   6.4688518e+05
   6.4749993e+05
   6.4898949e+05
   6.4932428e+05
   6.4998319e+05
   6.5085969e+05
   6.5119868e+05
   6.5243217e+05
   6.5269640e+05
   6.5382752e+05
   6.5405125e+05
   6.5524202e+05
   6.5574115e+05
   6.5612035e+05
   6.5687859e+05
   6.5777704e+05
   6.5812811e+05
   6.5854584e+05
   6.5889615e+05
   6.5916141e+05
   6.5955183e+05
   6.5988043e+05
   6.6015160e+05
   6.6116405e+05
   6.6162314e+05
   6.6183761e+05
   6.6295181e+05
   6.6321602e+05
   6.6372135e+05
   6.6484235e+05
   6.6526368e+05
   6.6575795e+05
   6.6698750e+05
   6.7191312e+05
   6.7276103e+05
   6.7336677e+05
   6.7417062e+05
   6.7480303e+05
   6.7637935e+05
   6.7758855e+05
   6.7794163e+05
   6.7824457e+05
   6.7907356e+05
   6.8119263e+05
   6.8190612e+05
   6.8248542e+05
   6.8353923e+05
   6.8377260e+05
   6.8459326e+05
   6.8484329e+05
   6.8523362e+05
   6.8657927e+05
   6.8723936e+05
   6.8806040e+05
   6.8879014e+05
   6.8909644e+05
   6.8943041e+05
   6.9034077e+05
   6.9077130e+05
   6.9130918e+05
   6.9170684e+05
   6.9212139e+05
   6.9406708e+05
   6.9497919e+05
   6.9518796e+05
   6.9575269e+05
   6.9896907e+05
   6.9943284e+05
   6.9999385e+05
   7.0026409e+05
   7.0080936e+05
   7.0383278e+05
   7.0472490e+05
   7.0501062e+05
   7.0547438e+05
   7.0784635e+05
   7.0835565e+05
   7.1055606e+05
   7.1079602e+05
   7.1109730e+05
   7.1137635e+05
   7.1188020e+05
   7.1213926e+05
   7.1261430e+05
   7.1308654e+05
   7.1353051e+05
   7.1381633e+05
   7.1420813e+05
   7.1653136e+05
   7.2132295e+05
   7.2252137e+05
   7.2325405e+05
   7.2444430e+05
   7.4785022e+05
   7.5181181e+05
   7.5211941e+05
   7.5254465e+05
   7.5321898e+05
   7.5380136e+05
   7.5433869e+05
   7.5475310e+05
   7.5506400e+05
   7.5532846e+05
   7.5569234e+05
   7.5599820e+05
   7.6045446e+05
   7.6084074e+05
   7.6120427e+05
   7.6188723e+05
   7.6340256e+05
   7.6408108e+05
   7.6620724e+05
   7.6813329e+05
   7.6855952e+05
   7.6875881e+05
   7.6902066e+05
   7.6923693e+05
   7.6951622e+05
   7.6963801e+05
   7.7100764e+05
   7.7120401e+05
   7.7140549e+05
   7.7160031e+05
   7.7187808e+05
   7.7234601e+05
   7.7267424e+05
   7.7295927e+05
   7.7319432e+05
   7.7367349e+05
   7.7390791e+05
   7.7437500e+05
   7.7464026e+05
   7.7478227e+05
   7.7489698e+05
   7.7507786e+05
   7.7523417e+05
   7.7536551e+05
   7.7555723e+05
   7.7600173e+05
   7.7613131e+05
   7.7647570e+05
   7.7671828e+05
   7.7685782e+05
   7.7699707e+05
   7.7724752e+05
   7.7741892e+05
   7.7762516e+05
   7.8031396e+05
   7.8094433e+05
   7.8129184e+05
   7.8161356e+05
   7.8198570e+05
   7.8224541e+05
   7.8292283e+05
   7.8449355e+05
   7.8560961e+05
   7.8604317e+05
   7.8636297e+05
   7.8653676e+05
   7.8747025e+05
   7.8833371e+05
   7.9165512e+05
   7.9217851e+05
   7.9399674e+05
   7.9419562e+05
   7.9447034e+05
   7.9526596e+05
   7.9574820e+05
   7.9606343e+05
   7.9626667e+05
   7.9691291e+05
   7.9882771e+05
   7.9917233e+05
   8.0078853e+05
   8.0111018e+05
   8.0132033e+05
   8.0154128e+05
   8.0362731e+05
   8.0404953e+05
   8.0456693e+05
   8.0552379e+05
   8.0570503e+05
   8.0978277e+05
   8.1040574e+05
   8.1150667e+05
   8.1170082e+05
   8.1190135e+05
   8.1226646e+05
   8.1275079e+05
   8.1298501e+05
   8.1343194e+05
   8.1367066e+05
   8.2027859e+05
   8.2041743e+05
   8.2055980e+05
   8.2074753e+05
   8.2107848e+05
   8.2124878e+05
   8.2144370e+05
   8.2161500e+05
   8.2180085e+05
   8.2212473e+05
   8.2222598e+05
   8.2243912e+05
   8.2265062e+05
   8.2292342e+05
   8.2309114e+05
   8.2321351e+05
   8.2331618e+05
   8.2349415e+05
   8.2371041e+05
   8.2382668e+05
   8.2398471e+05
   8.2419710e+05
   8.2435527e+05
   8.2451101e+05
   8.2469862e+05
   8.2488941e+05
   8.2505348e+05
   8.2551448e+05
   8.2570988e+05
   8.2603501e+05
   8.2617458e+05
   8.2662859e+05
   8.2684706e+05
   8.2732917e+05
   8.2750075e+05
   8.2763994e+05
   8.2811227e+05
   8.2830119e+05
   8.2849034e+05
   8.2918092e+05
   8.2939587e+05
   8.2958061e+05
   8.2977410e+05
   8.2999635e+05
   8.3011131e+05
   8.3035845e+05
   8.3064786e+05
   8.3078427e+05
   8.3090266e+05
   8.3113516e+05
   8.3128134e+05
   8.3153878e+05
   8.3175057e+05
   8.3210433e+05
   8.3244113e+05
   8.3254699e+05
   8.3277706e+05
   8.3299345e+05
   8.3314162e+05
   8.3324485e+05
   8.3337775e+05
   8.3356608e+05
   8.3425081e+05
   8.3447461e+05
   8.3491430e+05
   8.3511606e+05
   8.3562196e+05
   8.3597177e+05
   8.3623263e+05
   8.3660631e+05
   8.3689853e+05
   8.3707670e+05
   8.3738759e+05
   8.3751877e+05
   8.3772009e+05
   8.3821080e+05
   8.3844335e+05
   8.3879089e+05
   8.3914250e+05
   8.4030044e+05
   8.4651754e+05
   8.4674257e+05
   8.4825141e+05
   8.4909877e+05
   8.4947036e+05
   8.4975563e+05
   8.4998313e+05
   8.5027958e+05
   8.5064220e+05
   8.6363667e+05
   8.6707218e+05
   8.6760055e+05
   8.6822060e+05
   8.6856482e+05
   8.6877810e+05
   8.6987727e+05
   8.7027468e+05
   8.7082506e+05
   8.7101666e+05
   8.7138975e+05
   8.7167569e+05
   8.7206006e+05
   8.7248549e+05
   8.7326603e+05
   8.7730272e+05
   8.7750262e+05
   8.7799631e+05
   8.7865985e+05
   8.8010996e+05
   8.8025414e+05
   8.8041430e+05
   8.8072938e+05
   8.8084104e+05
   8.8101284e+05
   8.8115908e+05
   8.8137954e+05
   8.8176379e+05
   8.8190810e+05
   8.8201202e+05
   8.8223802e+05
   8.8239341e+05
   8.8265184e+05
   8.8280146e+05
   8.8301141e+05
   8.8341057e+05
   8.8355019e+05
   8.8365227e+05
   8.8380727e+05
   8.8402824e+05
   8.8422906e+05
   8.8440396e+05
   8.8453326e+05
   8.8485469e+05
   8.8509496e+05
   8.8519250e+05
   8.8540283e+05
   8.8554049e+05
   8.8621512e+05
   8.8639715e+05
   8.8657324e+05
   8.8756611e+05
   8.8777251e+05
   8.8811033e+05
   8.8821994e+05
   8.8834786e+05
   8.8848557e+05
   8.8882194e+05
   8.8896466e+05
   8.8908242e+05
   8.8920664e+05
   8.8936330e+05
   8.8955885e+05
   8.8982410e+05
   8.9010893e+05
   8.9026951e+05
   8.9042531e+05
   8.9060364e+05
   8.9077813e+05
   8.9100768e+05
   8.9122260e+05
   8.9136747e+05
   8.9153095e+05
   8.9169716e+05
   9.0036434e+05
   9.0058243e+05
   9.0133675e+05
   9.0365904e+05
   9.0435384e+05
   9.0451913e+05
   9.0495444e+05
   9.0537754e+05
   9.0564051e+05
   9.0588319e+05
   9.0759672e+05
   9.0883386e+05
   9.0918222e+05
   9.0947321e+05
   9.1087146e+05
   9.1201210e+05
   9.1295661e+05
   9.1321775e+05
   9.1350166e+05
   9.1373255e+05
   9.1404129e+05
   9.1425587e+05
   9.1447107e+05
   9.1463276e+05
   9.1495796e+05
   9.1518318e+05
   9.1543546e+05
   9.1625292e+05
   9.1697768e+05
   9.1721547e+05
   9.1766366e+05
   9.1824597e+05
   9.1875078e+05
   9.1907458e+05
   9.2058107e+05
   9.2107527e+05
   9.2242608e+05
   9.2374990e+05
   9.2416280e+05
   9.2441938e+05
   9.2479864e+05
   9.2525969e+05
   9.2568761e+05
   9.2618257e+05
   9.3817664e+05
   9.3843109e+05
   9.3877218e+05
   9.3938371e+05
   9.3996737e+05
   9.4009384e+05
   9.4020767e+05
   9.4046683e+05
   9.4057556e+05
   9.4075125e+05
   9.4090260e+05
   9.4104211e+05
   9.4118196e+05
   9.4141847e+05
   9.4163018e+05
   9.4193799e+05
   9.4221907e+05
   9.4258411e+05
   9.4273958e+05
   9.4284471e+05
   9.4301066e+05
   9.4312585e+05
   9.4332043e+05
   9.4345884e+05
   9.4360903e+05
   9.4388625e+05
   9.4401121e+05
   9.4413297e+05
   9.4472016e+05
   9.4483376e+05
   9.4501708e+05
   9.4520974e+05
   9.4536548e+05
   9.4560615e+05
   9.4581863e+05
   9.4603095e+05
   9.4624727e+05
   9.4635982e+05
   9.4657273e+05
   9.4677467e+05
   9.4752950e+05
   9.4766601e+05
   9.4779660e+05
   9.4792643e+05
   9.4938024e+05
   9.4948699e+05
   9.4965549e+05
   9.4982028e+05
   9.5022414e+05
   9.5053507e+05
   9.5065018e+05
   9.5078620e+05
   9.5096756e+05
   9.5139599e+05
   9.5152908e+05
   9.5173251e+05
   9.5188419e+05
   9.5207730e+05
   9.5219573e+05
   9.5338181e+05
   9.5358503e+05
   9.5368883e+05
   9.5382690e+05
   9.5391753e+05
   9.5425364e+05
   9.5437956e+05
   9.5461491e+05
   9.5483047e+05
   9.5498963e+05
   9.5520981e+05
   9.5544924e+05
   9.5569655e+05
   9.5582880e+05
   9.5610342e+05
   9.5629857e+05
   9.5643081e+05
   9.5657381e+05
   9.5678636e+05
   9.5761867e+05
   9.5802040e+05
   9.5817307e+05
   9.5834340e+05
   9.5871661e+05
   9.5888826e+05
   9.5967120e+05
   9.5979978e+05
   9.6022158e+05
   9.6045137e+05
   9.6065468e+05
   9.6128299e+05
   9.6189512e+05
   9.6219178e+05
   9.6268930e+05
   9.6289377e+05
   9.6383322e+05
   9.6475453e+05
   9.6551974e+05
   9.6591464e+05
   9.6628019e+05
   9.6662451e+05
   9.6694780e+05
   9.6752526e+05
   9.6849581e+05
   9.6904013e+05
   9.7014359e+05
   9.7059629e+05
   9.7118964e+05
   9.7182061e+05
   9.7259061e+05
   9.7877501e+05
   9.7930122e+05
   9.8231866e+05
   9.8264011e+05
   9.8297167e+05
   9.8371050e+05
   9.8673446e+05
   9.8692584e+05
   9.8736295e+05
   9.8798716e+05
   9.8822051e+05
   9.8850181e+05
   9.9222663e+05
   9.9269845e+05
   9.9601682e+05
   9.9622565e+05
   9.9710219e+05
   9.9772989e+05
   9.9819438e+05
   9.9840345e+05
   9.9923863e+05
   9.9947266e+05
   1.0001817e+06
   1.0003182e+06
   1.0006045e+06
   1.0007146e+06
   1.0010288e+06
   1.0012692e+06
   1.0013923e+06
   1.0017773e+06
   1.0019094e+06
   1.0020455e+06
   1.0023727e+06
   1.0024815e+06
   1.0026232e+06
   1.0027275e+06
   1.0029777e+06
   1.0031538e+06
   1.0033023e+06
   1.0034452e+06
   1.0036133e+06
   1.0037806e+06
   1.0039032e+06
   1.0040417e+06
   1.0043054e+06
   1.0046795e+06
   1.0048256e+06
   1.0049965e+06
   1.0051199e+06
   1.0053285e+06
   1.0056312e+06
   1.0058437e+06
   1.0060049e+06
   1.0062481e+06
   1.0067242e+06
   1.0069481e+06
   1.0073815e+06
   1.0076638e+06
   1.0078443e+06
   1.0080544e+06
   1.0081640e+06
   1.0082959e+06
   1.0084902e+06
   1.0086668e+06
   1.0087951e+06
   1.0088889e+06
   1.0090241e+06
   1.0093002e+06
   1.0096605e+06
   1.0098232e+06
   1.0099618e+06
   1.0102695e+06
   1.0104003e+06
   1.0107988e+06
   1.0109162e+06
   1.0115861e+06
   1.0117417e+06
   1.0119075e+06
   1.0120313e+06
   1.0122333e+06
   1.0124572e+06
   1.0126043e+06
   1.0127104e+06
   1.0128382e+06
   1.0130176e+06
   1.0132581e+06
   1.0134910e+06
   1.0137710e+06
   1.0138612e+06
   1.0141289e+06
   1.0143589e+06
   1.0145421e+06
   1.0146737e+06
   1.0148107e+06
   1.0149685e+06
   1.0150767e+06
   1.0152449e+06
   1.0153985e+06
   1.0155339e+06
   1.0157497e+06
   1.0159057e+06
   1.0160247e+06
   1.0161959e+06
   1.0163496e+06
   1.0165556e+06
   1.0167383e+06
   1.0169003e+06
   1.0171604e+06
   1.0172551e+06
   1.0175275e+06
   1.0177307e+06
   1.0179279e+06
   1.0180463e+06
   1.0182350e+06
   1.0186056e+06
   1.0188456e+06
   1.0191988e+06
   1.0193483e+06
   1.0196137e+06
   1.0197606e+06
   1.0198657e+06
   1.0204385e+06
   1.0216850e+06
   1.0254938e+06
   1.0257534e+06
   1.0260951e+06
   1.0264752e+06
   1.0276818e+06
   1.0278596e+06
   1.0280489e+06
   1.0284416e+06
   1.0287588e+06
   1.0289813e+06
   1.0296157e+06
   1.0308160e+06
   1.0328025e+06
   1.0350392e+06
   1.0353382e+06
   1.0355842e+06
   1.0359232e+06
   1.0371839e+06
   1.0374992e+06
   1.0395781e+06
   1.0401059e+06
   1.0406701e+06
   1.0412039e+06
   1.0420945e+06
   1.0424899e+06
   1.0428407e+06
   1.0431502e+06
   1.0438349e+06
   1.0443873e+06
   1.0446066e+06
   1.0449272e+06
   1.0457412e+06
   1.0460723e+06
   1.0462817e+06
   1.0502033e+06
   1.0524303e+06
   1.0527807e+06
   1.0544274e+06
   1.0545695e+06
   1.0548608e+06
   1.0552386e+06
   1.0575203e+06
   1.0579619e+06
   1.0585177e+06
   1.0588764e+06
   1.0601533e+06
   1.0603943e+06
   1.0605302e+06
   1.0606708e+06
   1.0608650e+06
   1.0609905e+06
   1.0611009e+06
   1.0611877e+06
   1.0614238e+06
   1.0616166e+06
   1.0617258e+06
   1.0618509e+06
   1.0619548e+06
   1.0620424e+06
   1.0622144e+06
   1.0623729e+06
   1.0625967e+06
   1.0627352e+06
   1.0628369e+06
   1.0629644e+06
   1.0631322e+06
   1.0632899e+06
   1.0637144e+06
   1.0638361e+06
   1.0639655e+06
   1.0640887e+06
   1.0642476e+06
   1.0643465e+06
   1.0644627e+06
   1.0646036e+06
   1.0647777e+06
   1.0648744e+06
   1.0650095e+06
   1.0651532e+06
   1.0653132e+06
   1.0654199e+06
   1.0655954e+06
   1.0657320e+06
   1.0658508e+06
   1.0659387e+06
   1.0660654e+06
   1.0661944e+06
   1.0663212e+06
   1.0665217e+06
   1.0666675e+06
   1.0668275e+06
   1.0669372e+06
   1.0673730e+06
   1.0676602e+06
   1.0677757e+06
   1.0679049e+06
   1.0680214e+06
   1.0682120e+06
   1.0683481e+06
   1.0684738e+06
   1.0685866e+06
   1.0688565e+06
   1.0692092e+06
   1.0693615e+06
   1.0694622e+06
   1.0696045e+06
   1.0697390e+06
   1.0700060e+06
   1.0701775e+06
   1.0703691e+06
   1.0704816e+06
   1.0706135e+06
   1.0707381e+06
   1.0708843e+06
   1.0710277e+06
   1.0712614e+06
   1.0714418e+06
   1.0716387e+06
   1.0718177e+06
   1.0719457e+06
   1.0721859e+06
   1.0725423e+06
   1.0726809e+06
   1.0728507e+06
   1.0730047e+06
   1.0733974e+06
   1.0735239e+06
   1.0736329e+06
   1.0737596e+06
   1.0739834e+06
   1.0742185e+06
   1.0743504e+06
   1.0745771e+06
   1.0747223e+06
   1.0749052e+06
   1.0750544e+06
   1.0752090e+06
   1.0753546e+06
   1.0755775e+06
   1.0757351e+06
   1.0758482e+06
   1.0760361e+06
   1.0761791e+06
   1.0763054e+06
   1.0765299e+06
   1.0767409e+06
   1.0768292e+06
   1.0769587e+06
   1.0771097e+06
   1.0772757e+06
   1.0774452e+06
   1.0776376e+06
   1.0777944e+06
   1.0779771e+06
   1.0780952e+06
   1.0782133e+06
   1.0783473e+06
   1.0785985e+06
   1.0787081e+06
   1.0788455e+06
   1.0792490e+06
   1.0794365e+06
   1.0795606e+06
   1.0802958e+06
   1.0809527e+06
   1.0819903e+06
   1.0823398e+06
   1.0828507e+06
   1.0837539e+06
   1.0847523e+06
   1.0854754e+06
   1.0867167e+06
   1.0879339e+06
   1.0882678e+06
   1.0897887e+06
   1.0902934e+06
   1.0908800e+06
   1.0919390e+06
   1.0920973e+06
   1.0923722e+06
   1.0929487e+06
   1.0939169e+06
   1.0942211e+06
   1.0945478e+06
   1.0957641e+06
   1.0966502e+06
   1.0970182e+06
   1.0972904e+06
   1.0983527e+06
   1.0986883e+06
   1.0989406e+06
   1.0996582e+06
   1.1010603e+06
   1.1015153e+06
   1.1020911e+06
   1.1023044e+06
   1.1025866e+06
   1.1030879e+06
   1.1032904e+06
   1.1039726e+06
   1.1043192e+06
   1.1045817e+06
   1.1053018e+06
   1.1060206e+06
   1.1201306e+06
   1.1202468e+06
   1.1203465e+06
   1.1204505e+06
   1.1206318e+06
   1.1207653e+06
   1.1208799e+06
   1.1210406e+06
   1.1211416e+06
   1.1212995e+06
   1.1214855e+06
   1.1216431e+06
   1.1217798e+06
   1.1220926e+06
   1.1222219e+06
   1.1223508e+06
   1.1225642e+06
   1.1226855e+06
   1.1227925e+06
   1.1229087e+06
   1.1230247e+06
   1.1233636e+06
   1.1235456e+06
   1.1236600e+06
   1.1237612e+06
   1.1238627e+06
   1.1240021e+06
   1.1241142e+06
   1.1242465e+06
   1.1243735e+06
   1.1245337e+06
   1.1246442e+06
   1.1247981e+06
   1.1249395e+06
   1.1250662e+06
   1.1252354e+06
   1.1253525e+06
   1.1255742e+06
   1.1257021e+06
   1.1258363e+06
   1.1259535e+06
   1.1260624e+06
   1.1261488e+06
   1.1262783e+06
   1.1264044e+06
   1.1264915e+06
   1.1265756e+06
   1.1268301e+06
   1.1269579e+06
   1.1271585e+06
   1.1272867e+06
   1.1274483e+06
   1.1276162e+06
   1.1277525e+06
   1.1279611e+06
   1.1280840e+06
   1.1283458e+06
   1.1284810e+06
   1.1286460e+06
   1.1288215e+06
   1.1290441e+06
   1.1292479e+06
   1.1293721e+06
   1.1295119e+06
   1.1298346e+06
   1.1299610e+06
   1.1301431e+06
   1.1302881e+06
   1.1304679e+06
   1.1306548e+06
   1.1307844e+06
   1.1309164e+06
   1.1310075e+06
   1.1316432e+06
   1.1317611e+06
   1.1319509e+06
   1.1320533e+06
   1.1321937e+06
   1.1323844e+06
   1.1324950e+06
   1.1326571e+06
   1.1327795e+06
   1.1329824e+06
   1.1333374e+06
   1.1335605e+06
   1.1337925e+06
   1.1339553e+06
   1.1342704e+06
   1.1343650e+06
   1.1344797e+06
   1.1345969e+06
   1.1347917e+06
   1.1351525e+06
   1.1352926e+06
   1.1354216e+06
   1.1355837e+06
   1.1357744e+06
   1.1359258e+06
   1.1360669e+06
   1.1362251e+06
   1.1366143e+06
   1.1367463e+06
   1.1369505e+06
   1.1370888e+06
   1.1372514e+06
   1.1374188e+06
   1.1375193e+06
   1.1376375e+06
   1.1378296e+06
   1.1380925e+06
   1.1382867e+06
   1.1384775e+06
   1.1387420e+06
   1.1388539e+06
   1.1389524e+06
   1.1390891e+06
   1.1391893e+06
   1.1392962e+06
   1.1394826e+06
   1.1396670e+06
   1.1398062e+06
   1.1399429e+06
   1.1410678e+06
   1.1412742e+06
   1.1417702e+06
   1.1428133e+06
   1.1448142e+06
   1.1456048e+06
   1.1458034e+06
   1.1466066e+06
   1.1471757e+06
   1.1477018e+06
   1.1481032e+06
   1.1484059e+06
   1.1489452e+06
   1.1500568e+06
   1.1504017e+06
   1.1507767e+06
   1.1512484e+06
   1.1514385e+06
   1.1519178e+06
   1.1527798e+06
   1.1532008e+06
   1.1534348e+06
   1.1541433e+06
   1.1543225e+06
   1.1550147e+06
   1.1553172e+06
   1.1564729e+06
   1.1577933e+06
   1.1583684e+06
   1.1589930e+06
   1.1593801e+06
   1.1600383e+06
   1.1608344e+06
   1.1610191e+06
   1.1615752e+06
   1.1617824e+06
   1.1621685e+06
   1.1625524e+06
   1.1631826e+06
   1.1634816e+06
   1.1639913e+06
   1.1649304e+06
   1.1653185e+06
   1.1664133e+06
   1.1677044e+06
   1.1766166e+06
   1.1769485e+06
   1.1775477e+06
   1.1801486e+06
   1.1802853e+06
   1.1804816e+06
   1.1805633e+06
   1.1806836e+06
   1.1807950e+06
   1.1809411e+06
   1.1810392e+06
   1.1811489e+06
   1.1812556e+06
   1.1813450e+06
   1.1815079e+06
   1.1816424e+06
   1.1817348e+06
   1.1818420e+06
   1.1819827e+06
   1.1821096e+06
   1.1822495e+06
   1.1823517e+06
   1.1824492e+06
   1.1825697e+06
   1.1826644e+06
   1.1827769e+06
   1.1828787e+06
   1.1830340e+06
   1.1831342e+06
   1.1832339e+06
   1.1833373e+06
   1.1834573e+06
   1.1835987e+06
   1.1836974e+06
   1.1838081e+06
   1.1839215e+06
   1.1841053e+06
   1.1842448e+06
   1.1844469e+06
   1.1845313e+06
   1.1846616e+06
   1.1848841e+06
   1.1850086e+06
   1.1851206e+06
   1.1852648e+06
   1.1854440e+06
   1.1856161e+06
   1.1857232e+06
   1.1858538e+06
   1.1860042e+06
   1.1861585e+06
   1.1864295e+06
   1.1865407e+06
   1.1866430e+06
   1.1868150e+06
   1.1870979e+06
   1.1873253e+06
   1.1875783e+06
   1.1877202e+06
   1.1880310e+06
   1.1882421e+06
   1.1883844e+06
   1.1885052e+06
   1.1885942e+06
   1.1887556e+06
   1.1888747e+06
   1.1889755e+06
   1.1890771e+06
   1.1894081e+06
   1.1895221e+06
   1.1896300e+06
   1.1897239e+06
   1.1898388e+06
   1.1900173e+06
   1.1901288e+06
   1.1902546e+06
   1.1904397e+06
   1.1906138e+06
   1.1908218e+06
   1.1909361e+06
   1.1910564e+06
   1.1911459e+06
   1.1912536e+06
   1.1913860e+06
   1.1915062e+06
   1.1916993e+06
   1.1917725e+06
   1.1918730e+06
   1.1920372e+06
   1.1922424e+06
   1.1923736e+06
   1.1925702e+06
   1.1927693e+06
   1.1929011e+06
   1.1930424e+06
   1.1931334e+06
   1.1932868e+06
   1.1934100e+06
   1.1935533e+06
   1.1937403e+06
   1.1938512e+06
   1.1939631e+06
   1.1943580e+06
   1.1944940e+06
   1.1946175e+06
   1.1947255e+06
   1.1949214e+06
   1.1950280e+06
   1.1951694e+06
   1.1953171e+06
   1.1954935e+06
   1.1956103e+06
   1.1957193e+06
   1.1959176e+06
   1.1960464e+06
   1.1961613e+06
   1.1963389e+06
   1.1965297e+06
   1.1966242e+06
   1.1967566e+06
   1.1969019e+06
   1.1971663e+06
   1.1974406e+06
   1.1975589e+06
   1.1976648e+06
   1.1978081e+06
   1.1979797e+06
   1.1980690e+06
   1.1981956e+06
   1.1983083e+06
   1.1986063e+06
   1.1987932e+06
   1.1990153e+06
   1.1991374e+06
   1.1993095e+06
   1.1994839e+06
   1.1998512e+06
   1.1999990e+06
   1.2010879e+06
   1.2012664e+06
   1.2014485e+06
   1.2023401e+06
   1.2028363e+06
   1.2032569e+06
   1.2034641e+06
   1.2038509e+06
   1.2043739e+06
   1.2050019e+06
   1.2053169e+06
   1.2073901e+06
   1.2105682e+06
   1.2109225e+06
   1.2110670e+06
   1.2115457e+06
   1.2119548e+06
   1.2124579e+06
   1.2136268e+06
   1.2152953e+06
   1.2203027e+06
   1.2206957e+06
   1.2212757e+06
   1.2232817e+06
   1.2236238e+06
   1.2238948e+06
   1.2242789e+06
   1.2246649e+06
   1.2252252e+06
   1.2254816e+06
   1.2258591e+06
   1.2266620e+06
   1.2276809e+06
   1.2283620e+06
   1.2288419e+06
   1.2293594e+06
   1.2307176e+06
   1.2308567e+06
   1.2400939e+06
   1.2402394e+06
   1.2403720e+06
   1.2405053e+06
   1.2406069e+06
   1.2406886e+06
   1.2407757e+06
   1.2408982e+06
   1.2409804e+06
   1.2411650e+06
   1.2413364e+06
   1.2414258e+06
   1.2415265e+06
   1.2417272e+06
   1.2418778e+06
   1.2420017e+06
   1.2421040e+06
   1.2423006e+06
   1.2424510e+06
   1.2426080e+06
   1.2427293e+06
   1.2429230e+06
   1.2430626e+06
   1.2431614e+06
   1.2432980e+06
   1.2433750e+06
   1.2435809e+06
   1.2436783e+06
   1.2437831e+06
   1.2439097e+06
   1.2440324e+06
   1.2441965e+06
   1.2444439e+06
   1.2445631e+06
   1.2446900e+06
   1.2448036e+06
   1.2450292e+06
   1.2451236e+06
   1.2452067e+06
   1.2452996e+06
   1.2454362e+06
   1.2455378e+06
   1.2456822e+06
   1.2458452e+06
   1.2459460e+06
   1.2460593e+06
   1.2461452e+06
   1.2463064e+06
   1.2464383e+06
   1.2465482e+06
   1.2467337e+06
   1.2468823e+06
   1.2469784e+06
   1.2471775e+06
   1.2473722e+06
   1.2475589e+06
   1.2476773e+06
   1.2478440e+06
   1.2479455e+06
   1.2481024e+06
   1.2483238e+06
   1.2484474e+06
   1.2485634e+06
   1.2486736e+06
   1.2487934e+06
   1.2489337e+06
   1.2490399e+06
   1.2491691e+06
   1.2492762e+06
   1.2494314e+06
   1.2495700e+06
   1.2498029e+06
   1.2499412e+06
   1.2500629e+06
   1.2502071e+06
   1.2503095e+06
   1.2504176e+06
   1.2505838e+06
   1.2507522e+06
   1.2508490e+06
   1.2509375e+06
   1.2511071e+06
   1.2512566e+06
   1.2513501e+06
   1.2514921e+06
   1.2516503e+06
   1.2517570e+06
   1.2518817e+06
   1.2520131e+06
   1.2521426e+06
   1.2522466e+06
   1.2523688e+06
   1.2524663e+06
   1.2526047e+06
   1.2527248e+06
   1.2528749e+06
   1.2530070e+06
   1.2531341e+06
   1.2532523e+06
   1.2533877e+06
   1.2535079e+06
   1.2537208e+06
   1.2538538e+06
   1.2539930e+06
   1.2541864e+06
   1.2542739e+06
   1.2544659e+06
   1.2545877e+06
   1.2547212e+06
   1.2549080e+06
   1.2550470e+06
   1.2551846e+06
   1.2553068e+06
   1.2554132e+06
   1.2555061e+06
   1.2555886e+06
   1.2557180e+06
   1.2558403e+06
   1.2559616e+06
   1.2560912e+06
   1.2562107e+06
   1.2564375e+06
   1.2565975e+06
   1.2566838e+06
   1.2568910e+06
   1.2570147e+06
   1.2571545e+06
   1.2572946e+06
   1.2574169e+06
   1.2575146e+06
   1.2576379e+06
   1.2578767e+06
   1.2579819e+06
   1.2581424e+06
   1.2582792e+06
   1.2585270e+06
   1.2587253e+06
   1.2588295e+06
   1.2589530e+06
   1.2590727e+06
   1.2592273e+06
   1.2593814e+06
   1.2595279e+06
   1.2596775e+06
   1.2597651e+06
   1.2598861e+06
   1.2599794e+06
   1.2604930e+06
   1.2635766e+06
   1.2638267e+06
   1.2649589e+06
   1.2652470e+06
   1.2655497e+06
   1.2659385e+06
   1.2662151e+06
   1.2666863e+06
   1.2668611e+06
   1.2671992e+06
   1.2678984e+06
   1.2687294e+06
   1.2688941e+06
   1.2691601e+06
   1.2695542e+06
   1.2697453e+06
   1.2700696e+06
   1.3001343e+06
   1.3002529e+06
   1.3003908e+06
   1.3005106e+06
   1.3005937e+06
   1.3006733e+06
   1.3008329e+06
   1.3009652e+06
   1.3010632e+06
   1.3012041e+06
   1.3013238e+06
   1.3014045e+06
   1.3015387e+06
   1.3016865e+06
   1.3017947e+06
   1.3018999e+06
   1.3020201e+06
   1.3021116e+06
   1.3022326e+06
   1.3023127e+06
   1.3024213e+06
   1.3025365e+06
   1.3026870e+06
   1.3027879e+06
   1.3029422e+06
   1.3030632e+06
   1.3032476e+06
   1.3034170e+06
   1.3035195e+06
   1.3036404e+06
   1.3037788e+06
   1.3038733e+06
   1.3039720e+06
   1.3041296e+06
   1.3042658e+06
   1.3043835e+06
   1.3045271e+06
   1.3046377e+06
   1.3047180e+06
   1.3048543e+06
   1.3049555e+06
   1.3050622e+06
   1.3051811e+06
   1.3053225e+06
   1.3054603e+06
   1.3055513e+06
   1.3056497e+06
   1.3057614e+06
   1.3059130e+06
   1.3061147e+06
   1.3062134e+06
   1.3063252e+06
   1.3064443e+06
   1.3065815e+06
   1.3066834e+06
   1.3068446e+06
   1.3069298e+06
   1.3072209e+06
   1.3074390e+06
   1.3076342e+06
   1.3077636e+06
   1.3078916e+06
   1.3080442e+06
   1.3082276e+06
   1.3083385e+06
   1.3084846e+06
   1.3086229e+06
   1.3087495e+06
   1.3088782e+06
   1.3089501e+06
   1.3090533e+06
   1.3092260e+06
   1.3093391e+06
   1.3095807e+06
   1.3097231e+06
   1.3098493e+06
   1.3099363e+06
   1.3100492e+06
   1.3101589e+06
   1.3102759e+06
   1.3104546e+06
   1.3106055e+06
   1.3106892e+06
   1.3108380e+06
   1.3110549e+06
   1.3111898e+06
   1.3112939e+06
   1.3114698e+06
   1.3115929e+06
   1.3117022e+06
   1.3117823e+06
   1.3119672e+06
   1.3120635e+06
   1.3123094e+06
   1.3124130e+06
   1.3125587e+06
   1.3126641e+06
   1.3127477e+06
   1.3128705e+06
   1.3129872e+06
   1.3131082e+06
   1.3132693e+06
   1.3134921e+06
   1.3135850e+06
   1.3137072e+06
   1.3138296e+06
   1.3139347e+06
   1.3141312e+06
   1.3142545e+06
   1.3144213e+06
   1.3145097e+06
   1.3146407e+06
   1.3147434e+06
   1.3148761e+06
   1.3150307e+06
   1.3151250e+06
   1.3152165e+06
   1.3153584e+06
   1.3154804e+06
   1.3156058e+06
   1.3157400e+06
   1.3158511e+06
   1.3159677e+06
   1.3160848e+06
   1.3162189e+06
   1.3163199e+06
   1.3164228e+06
   1.3165284e+06
   1.3166445e+06
   1.3167587e+06
   1.3169138e+06
   1.3170194e+06
   1.3172093e+06
   1.3173585e+06
   1.3174606e+06
   1.3175741e+06
   1.3176679e+06
   1.3178455e+06
   1.3179972e+06
   1.3181701e+06
   1.3183619e+06
   1.3187958e+06
   1.3189136e+06
   1.3189953e+06
   1.3191315e+06
   1.3192861e+06
   1.3196013e+06
   1.3197364e+06
   1.3198597e+06
   1.3199842e+06
   1.3202837e+06
   1.3209416e+06
   1.3213735e+06
   1.3215823e+06
   1.3221377e+06
   1.3224045e+06
   1.3227889e+06
   1.3233875e+06
   1.3236445e+06
   1.3239386e+06
   1.3270417e+06
   1.3273837e+06
   1.3278387e+06
   1.3282956e+06
   1.3288685e+06
   1.3293080e+06
   1.3310237e+06
   1.3318904e+06
   1.3323393e+06
   1.3327083e+06
   1.3329350e+06
   1.3332056e+06
   1.3347774e+06
   1.3352134e+06
   1.3354734e+06
   1.3361929e+06
   1.3394880e+06
   1.3399686e+06
   1.3416026e+06
   1.3418508e+06
   1.3421571e+06
   1.3469472e+06
   1.3472945e+06
   1.3475412e+06
   1.3478714e+06
   1.3481863e+06
   1.3490871e+06
   1.3494943e+06
   1.3498974e+06
   1.3504396e+06
   1.3511564e+06
   1.3514425e+06
   1.3521888e+06
   1.3524526e+06
   1.3527808e+06
   1.3531495e+06
   1.3536169e+06
   1.3537858e+06
   1.3549345e+06
   1.3552275e+06
   1.3566975e+06
   1.3582881e+06
   1.3585572e+06
   1.3589293e+06
   1.3591472e+06
   1.3595261e+06
   1.3601713e+06
   1.3602561e+06
   1.3603731e+06
   1.3604858e+06
   1.3606363e+06
   1.3607427e+06
   1.3608543e+06
   1.3609970e+06
   1.3611156e+06
   1.3612078e+06
   1.3613063e+06
   1.3613963e+06
   1.3615213e+06
   1.3616260e+06
   1.3617542e+06
   1.3619007e+06
   1.3619988e+06
   1.3621694e+06
   1.3622598e+06
   1.3623993e+06
   1.3624933e+06
   1.3625729e+06
   1.3627003e+06
   1.3628108e+06
   1.3629412e+06
   1.3630704e+06
   1.3631846e+06
   1.3632963e+06
   1.3634317e+06
   1.3635367e+06
   1.3637002e+06
   1.3638670e+06
   1.3639815e+06
   1.3640778e+06
   1.3641587e+06
   1.3642739e+06
   1.3644015e+06
   1.3645320e+06
   1.3646057e+06
   1.3647108e+06
   1.3647934e+06
   1.3648968e+06
   1.3650010e+06
   1.3650961e+06
   1.3651926e+06
   1.3652807e+06
   1.3653678e+06
   1.3655877e+06
   1.3656882e+06
   1.3657757e+06
   1.3658852e+06
   1.3660129e+06
   1.3661191e+06
   1.3662816e+06
   1.3663985e+06
   1.3665736e+06
   1.3666724e+06
   1.3667995e+06
   1.3669238e+06
   1.3671560e+06
   1.3672500e+06
   1.3673820e+06
   1.3674965e+06
   1.3676783e+06
   1.3678767e+06
   1.3679967e+06
   1.3681297e+06
   1.3682647e+06
   1.3684123e+06
   1.3685267e+06
   1.3686153e+06
   1.3687171e+06
   1.3688151e+06
   1.3689521e+06
   1.3690436e+06
   1.3691231e+06
   1.3692828e+06
   1.3693783e+06
   1.3694832e+06
   1.3696033e+06
   1.3697901e+06
   1.3698821e+06
   1.3699609e+06
   1.3700635e+06
   1.3701715e+06
   1.3703114e+06
   1.3704033e+06
   1.3705154e+06
   1.3706572e+06
   1.3707591e+06
   1.3708543e+06
   1.3709860e+06
   1.3710927e+06
   1.3712152e+06
   1.3713455e+06
   1.3714576e+06
   1.3716208e+06
   1.3717841e+06
   1.3718977e+06
   1.3719910e+06
   1.3721106e+06
   1.3723545e+06
   1.3725700e+06
   1.3726810e+06
   1.3728196e+06
   1.3729267e+06
   1.3730331e+06
   1.3731665e+06
   1.3733308e+06
   1.3734692e+06
   1.3736598e+06
   1.3737500e+06
   1.3739109e+06
   1.3742056e+06
   1.3743268e+06
   1.3744315e+06
   1.3745489e+06
   1.3746426e+06
   1.3747390e+06
   1.3748991e+06
   1.3750319e+06
   1.3751903e+06
   1.3753208e+06
   1.3754454e+06
   1.3756020e+06
   1.3756871e+06
   1.3757947e+06
   1.3758797e+06
   1.3759814e+06
   1.3761269e+06
   1.3762037e+06
   1.3763459e+06
   1.3764908e+06
   1.3766085e+06
   1.3767487e+06
   1.3768360e+06
   1.3769480e+06
   1.3770679e+06
   1.3771606e+06
   1.3774172e+06
   1.3775621e+06
   1.3776674e+06
   1.3778124e+06
   1.3779419e+06
   1.3781386e+06
   1.3782119e+06
   1.3783058e+06
   1.3783931e+06
   1.3784894e+06
   1.3785839e+06
   1.3787100e+06
   1.3788870e+06
   1.3790602e+06
   1.3791594e+06
   1.3792747e+06
   1.3793819e+06
   1.3794813e+06
   1.3796162e+06
   1.3797276e+06
   1.3798809e+06
   1.3803414e+06
   1.3806291e+06
   1.3809655e+06
   1.3818335e+06
   1.3822892e+06
   1.3832329e+06
   1.3834351e+06
   1.3843235e+06
   1.3850191e+06
   1.3853407e+06
   1.3855297e+06
   1.3860535e+06
   1.3865371e+06
   1.3869809e+06
   1.3936345e+06
   1.3943001e+06
   1.3947251e+06
   1.3950937e+06
   1.3953570e+06
   1.3959891e+06
   1.3962367e+06
   1.3967547e+06
   1.3979255e+06
   1.3982019e+06
   1.3987284e+06
   1.3991270e+06
   1.3993264e+06
   1.4053349e+06
   1.4057646e+06
   1.4065949e+06
   1.4067804e+06
   1.4086074e+06
   1.4088635e+06
   1.4096627e+06
   1.4100823e+06
   1.4105185e+06
   1.4107554e+06
   1.4112260e+06
   1.4114880e+06
   1.4120899e+06
   1.4123843e+06
   1.4125792e+06
   1.4128495e+06
   1.4137170e+06
   1.4139275e+06
   1.4142299e+06
   1.4146080e+06
   1.4151652e+06
   1.4173243e+06
   1.4180442e+06
   1.4200803e+06
   1.4202562e+06
   1.4203648e+06
   1.4204695e+06
   1.4206027e+06
   1.4206895e+06
   1.4207841e+06
   1.4209034e+06
   1.4209912e+06
   1.4210861e+06
   1.4211641e+06
   1.4212651e+06
   1.4213948e+06
   1.4214975e+06
   1.4216007e+06
   1.4217078e+06
   1.4217868e+06
   1.4218773e+06
   1.4219747e+06
   1.4220858e+06
   1.4221628e+06
   1.4222411e+06
   1.4223311e+06
   1.4224192e+06
   1.4225320e+06
   1.4226200e+06
   1.4226922e+06
   1.4227947e+06
   1.4228909e+06
   1.4229917e+06
   1.4230924e+06
   1.4232135e+06
   1.4233005e+06
   1.4234021e+06
   1.4234942e+06
   1.4236039e+06
   1.4236897e+06
   1.4237681e+06
   1.4238901e+06
   1.4239750e+06
   1.4240696e+06
   1.4241844e+06
   1.4243165e+06
   1.4244292e+06
   1.4245014e+06
   1.4246048e+06
   1.4247082e+06
   1.4248183e+06
   1.4249356e+06
   1.4250242e+06
   1.4251376e+06
   1.4252433e+06
   1.4253607e+06
   1.4254601e+06
   1.4255787e+06
   1.4256790e+06
   1.4257845e+06
   1.4260148e+06
   1.4260932e+06
   1.4261802e+06
   1.4263218e+06
   1.4264067e+06
   1.4264878e+06
   1.4266131e+06
   1.4267899e+06
   1.4269379e+06
   1.4271375e+06
   1.4272367e+06
   1.4273312e+06
   1.4274409e+06
   1.4275642e+06
   1.4276793e+06
   1.4277763e+06
   1.4278742e+06
   1.4279886e+06
   1.4280932e+06
   1.4282161e+06
   1.4283362e+06
   1.4284311e+06
   1.4285048e+06
   1.4285993e+06
   1.4287315e+06
   1.4288791e+06
   1.4289771e+06
   1.4291103e+06
   1.4292294e+06
   1.4293257e+06
   1.4294486e+06
   1.4295299e+06
   1.4296422e+06
   1.4297376e+06
   1.4298447e+06
   1.4299685e+06
   1.4301444e+06
   1.4302851e+06
   1.4303914e+06
   1.4305071e+06
   1.4306418e+06
   1.4307505e+06
   1.4308536e+06
   1.4309429e+06
   1.4310890e+06
   1.4312303e+06
   1.4313470e+06
   1.4314780e+06
   1.4316134e+06
   1.4317182e+06
   1.4317968e+06
   1.4319085e+06
   1.4319771e+06
   1.4321690e+06
   1.4323821e+06
   1.4326076e+06
   1.4327381e+06
   1.4328457e+06
   1.4329537e+06
   1.4330470e+06
   1.4331970e+06
   1.4333085e+06
   1.4334203e+06
   1.4335105e+06
   1.4336082e+06
   1.4337032e+06
   1.4337921e+06
   1.4338749e+06
   1.4339872e+06
   1.4342765e+06
   1.4343835e+06
   1.4345077e+06
   1.4345898e+06
   1.4346963e+06
   1.4348131e+06
   1.4349078e+06
   1.4350202e+06
   1.4351040e+06
   1.4352325e+06
   1.4353181e+06
   1.4354667e+06
   1.4355639e+06
   1.4356808e+06
   1.4357634e+06
   1.4359062e+06
   1.4360202e+06
   1.4361185e+06
   1.4363635e+06
   1.4364782e+06
   1.4366467e+06
   1.4368244e+06
   1.4369317e+06
   1.4370105e+06
   1.4371111e+06
   1.4372563e+06
   1.4373618e+06
   1.4374360e+06
   1.4375475e+06
   1.4376601e+06
   1.4377641e+06
   1.4378840e+06
   1.4379761e+06
   1.4380609e+06
   1.4381488e+06
   1.4382628e+06
   1.4383458e+06
   1.4384405e+06
   1.4385760e+06
   1.4386917e+06
   1.4387998e+06
   1.4388977e+06
   1.4390022e+06
   1.4391398e+06
   1.4392697e+06
   1.4393761e+06
   1.4394880e+06
   1.4395792e+06
   1.4396623e+06
   1.4397486e+06
   1.4398390e+06
   1.4399213e+06
   1.4403542e+06
   1.4405849e+06
   1.4441625e+06
   1.4447447e+06
   1.4449617e+06
   1.4459061e+06
   1.4526871e+06
   1.4545138e+06
   1.4548174e+06
   1.4555754e+06
   1.4561091e+06
   1.4564928e+06
   1.4569339e+06
   1.4587449e+06
   1.4599951e+06
   1.4603842e+06
   1.4608074e+06
   1.4612586e+06
   1.4617784e+06
   1.4680344e+06
   1.4682473e+06
   1.4690970e+06
   1.4696903e+06
   1.4702102e+06
   1.4705953e+06
   1.4711516e+06
   1.4714245e+06
   1.4720537e+06
   1.4738711e+06
   1.4742833e+06
   1.4748980e+06
   1.4774961e+06
   1.4778863e+06
   1.4793793e+06
   1.4796320e+06
   1.4801505e+06
   1.4802713e+06
   1.4803654e+06
   1.4804501e+06
   1.4805536e+06
   1.4806586e+06
   1.4807892e+06
   1.4809221e+06
   1.4810170e+06
   1.4811288e+06
   1.4812318e+06
   1.4813549e+06
   1.4814631e+06
   1.4815584e+06
   1.4817184e+06
   1.4818135e+06
   1.4819314e+06
   1.4820206e+06
   1.4820893e+06
   1.4821977e+06
   1.4823161e+06
   1.4824056e+06
   1.4825044e+06
   1.4826037e+06
   1.4827283e+06
   1.4828425e+06
   1.4829692e+06
   1.4830596e+06
   1.4831816e+06
   1.4832749e+06
   1.4833607e+06
   1.4834498e+06
   1.4835542e+06
   1.4836718e+06
   1.4837900e+06
   1.4838914e+06
   1.4839698e+06
   1.4840720e+06
   1.4841613e+06
   1.4842342e+06
   1.4843037e+06
   1.4843933e+06
   1.4844882e+06
   1.4846307e+06
   1.4847246e+06
   1.4849659e+06
   1.4850710e+06
   1.4851672e+06
   1.4852640e+06
   1.4853357e+06
   1.4854679e+06
   1.4855596e+06
   1.4856622e+06
   1.4857224e+06
   1.4858221e+06
   1.4858940e+06
   1.4860118e+06
   1.4861314e+06
   1.4862163e+06
   1.4862919e+06
   1.4864082e+06
   1.4865087e+06
   1.4866367e+06
   1.4867299e+06
   1.4868175e+06
   1.4869057e+06
   1.4869908e+06
   1.4872956e+06
   1.4873906e+06
   1.4875151e+06
   1.4876025e+06
   1.4877158e+06
   1.4879605e+06
   1.4880746e+06
   1.4881783e+06
   1.4883025e+06
   1.4883836e+06
   1.4884955e+06
   1.4886419e+06
   1.4887281e+06
   1.4888413e+06
   1.4889847e+06
   1.4890830e+06
   1.4891678e+06
   1.4893117e+06
   1.4893845e+06
   1.4894876e+06
   1.4895909e+06
   1.4896741e+06
   1.4897422e+06
   1.4899056e+06
   1.4899773e+06
   1.4900752e+06
   1.4901813e+06
   1.4903617e+06
   1.4904689e+06
   1.4905775e+06
   1.4907326e+06
   1.4909084e+06
   1.4909860e+06
   1.4910982e+06
   1.4911981e+06
   1.4912874e+06
   1.4914963e+06
   1.4915918e+06
   1.4917554e+06
   1.4919148e+06
   1.4919894e+06
   1.4920886e+06
   1.4921986e+06
   1.4922700e+06
   1.4924085e+06
   1.4924991e+06
   1.4926067e+06
   1.4926927e+06
   1.4928059e+06
   1.4929122e+06
   1.4930136e+06
   1.4931288e+06
   1.4932194e+06
   1.4933210e+06
   1.4934689e+06
   1.4935845e+06
   1.4936615e+06
   1.4937516e+06
   1.4938361e+06
   1.4939062e+06
   1.4942441e+06
   1.4943520e+06
   1.4944413e+06
   1.4945436e+06
   1.4946301e+06
   1.4947547e+06
   1.4948374e+06
   1.4949550e+06
   1.4950489e+06
   1.4951505e+06
   1.4952410e+06
   1.4953357e+06
   1.4954159e+06
   1.4954898e+06
   1.4955995e+06
   1.4956875e+06
   1.4958098e+06
   1.4958924e+06
   1.4959755e+06
   1.4960757e+06
   1.4961608e+06
   1.4962645e+06
   1.4963765e+06
   1.4964954e+06
   1.4966072e+06
   1.4967334e+06
   1.4968387e+06
   1.4969507e+06
   1.4970446e+06
   1.4971849e+06
   1.4972913e+06
   1.4973920e+06
   1.4975167e+06
   1.4976122e+06
   1.4977035e+06
   1.4978211e+06
   1.4979122e+06
   1.4980311e+06
   1.4981541e+06
   1.4982368e+06
   1.4983514e+06
   1.4984424e+06
   1.4985854e+06
   1.4986729e+06
   1.4988021e+06
   1.4989042e+06
   1.4990775e+06
   1.4991850e+06
   1.4993011e+06
   1.4993939e+06
   1.4995257e+06
   1.4995982e+06
   1.4997090e+06
   1.4998370e+06
   1.4999253e+06
   1.5008472e+06
   1.5010432e+06
   1.5014105e+06
   1.5021842e+06
   1.5025022e+06
   1.5026981e+06
   1.5029050e+06
   1.5030895e+06
   1.5054684e+06
   1.5059814e+06
   1.5067984e+06
   1.5076637e+06
   1.5078362e+06
   1.5101137e+06
   1.5103269e+06
   1.5401512e+06
   1.5402963e+06
   1.5403883e+06
   1.5404817e+06
   1.5405715e+06
   1.5406670e+06
   1.5408904e+06
   1.5409897e+06
   1.5410907e+06
   1.5412094e+06
   1.5413036e+06
   1.5414204e+06
   1.5415078e+06
   1.5415882e+06
   1.5416773e+06
   1.5417740e+06
   1.5418576e+06
   1.5419646e+06
   1.5420592e+06
   1.5421631e+06
   1.5422392e+06
   1.5423279e+06
   1.5423976e+06
   1.5424727e+06
   1.5425472e+06
   1.5426263e+06
   1.5426948e+06
   1.5428118e+06
   1.5428870e+06
   1.5430460e+06
   1.5431458e+06
   1.5432123e+06
   1.5433072e+06
   1.5433979e+06
   1.5434836e+06
   1.5436648e+06
   1.5437325e+06
   1.5438213e+06
   1.5439112e+06
   1.5440467e+06
   1.5441367e+06
   1.5442503e+06
   1.5443495e+06
   1.5444688e+06
   1.5445553e+06
   1.5446406e+06
   1.5447383e+06
   1.5448384e+06
   1.5449213e+06
   1.5450196e+06
   1.5451186e+06
   1.5452153e+06
   1.5453015e+06
   1.5453864e+06
   1.5454808e+06
   1.5455653e+06
   1.5456478e+06
   1.5457438e+06
   1.5458374e+06
   1.5459076e+06
   1.5459900e+06
   1.5460619e+06
   1.5461735e+06
   1.5462576e+06
   1.5463384e+06
   1.5464179e+06
   1.5464808e+06
   1.5465673e+06
   1.5466578e+06
   1.5467813e+06
   1.5468685e+06
   1.5469632e+06
   1.5471709e+06
   1.5472609e+06
   1.5473612e+06
   1.5474885e+06
   1.5475736e+06
   1.5476644e+06
   1.5477985e+06
   1.5478743e+06
   1.5479786e+06
   1.5480653e+06
   1.5481534e+06
   1.5482327e+06
   1.5483341e+06
   1.5484132e+06
   1.5485146e+06
   1.5486147e+06
   1.5487178e+06
   1.5488232e+06
   1.5489333e+06
   1.5490331e+06
   1.5491284e+06
   1.5492281e+06
   1.5493146e+06
   1.5494003e+06
   1.5495103e+06
   1.5496557e+06
   1.5497255e+06
   1.5498207e+06
   1.5499337e+06
   1.5500729e+06
   1.5502295e+06
   1.5503128e+06
   1.5503973e+06
   1.5505146e+06
   1.5506289e+06
   1.5507310e+06
   1.5508110e+06
   1.5508970e+06
   1.5510030e+06
   1.5510964e+06
   1.5511688e+06
   1.5512950e+06
   1.5514638e+06
   1.5515630e+06
   1.5516953e+06
   1.5518047e+06
   1.5519095e+06
   1.5519955e+06
   1.5521105e+06
   1.5522158e+06
   1.5523165e+06
   1.5523919e+06
   1.5524732e+06
   1.5525998e+06
   1.5526700e+06
   1.5527807e+06
   1.5528597e+06
   1.5529347e+06
   1.5530942e+06
   1.5532163e+06
   1.5533064e+06
   1.5534069e+06
   1.5535398e+06
   1.5536124e+06
   1.5536909e+06
   1.5537898e+06
   1.5538979e+06
   1.5539858e+06
   1.5542465e+06
   1.5543421e+06
   1.5544510e+06
   1.5545537e+06
   1.5546243e+06
   1.5547077e+06
   1.5547909e+06
   1.5548891e+06
   1.5549977e+06
   1.5551025e+06
   1.5551827e+06
   1.5552744e+06
   1.5553638e+06
   1.5554734e+06
   1.5555995e+06
   1.5556776e+06
   1.5557852e+06
   1.5558773e+06
   1.5560084e+06
   1.5560879e+06
   1.5561809e+06
   1.5563376e+06
   1.5564368e+06
   1.5565516e+06
   1.5566493e+06
   1.5567259e+06
   1.5568425e+06
   1.5569214e+06
   1.5570569e+06
   1.5571727e+06
   1.5572445e+06
   1.5573179e+06
   1.5573954e+06
   1.5575067e+06
   1.5576070e+06
   1.5576907e+06
   1.5578063e+06
   1.5579180e+06
   1.5580271e+06
   1.5581267e+06
   1.5582180e+06
   1.5584064e+06
   1.5585248e+06
   1.5586502e+06
   1.5587475e+06
   1.5588450e+06
   1.5589349e+06
   1.5590344e+06
   1.5591249e+06
   1.5592151e+06
   1.5592941e+06
   1.5593683e+06
   1.5594486e+06
   1.5595509e+06
   1.5596532e+06
   1.5597550e+06
   1.5598416e+06
   1.5599329e+06
   1.5602757e+06
   1.5605303e+06
   1.5610051e+06
   1.5613924e+06
   1.5615400e+06
   1.5620564e+06
   1.5624593e+06
   1.5627430e+06
   1.5630174e+06
   1.5632562e+06
   1.5645661e+06
   1.5663135e+06
   1.5746409e+06
   1.5748869e+06
   1.5805773e+06
   1.5810895e+06
   1.5813335e+06
   1.5817120e+06
   1.5820646e+06
   1.5823810e+06
   1.5826780e+06
   1.5830353e+06
   1.5832022e+06
   1.5886545e+06
   1.5890758e+06
   1.5899202e+06
   1.5908761e+06
   1.5922626e+06
   1.5933678e+06
   1.5935712e+06
   1.5940943e+06
   1.5944545e+06
   1.5949185e+06
   1.5954997e+06
   1.5957322e+06
   1.5958915e+06
   1.5962571e+06
   1.5970368e+06
   1.5977958e+06
   1.5993476e+06
   1.5997716e+06
   1.6000773e+06
   1.6001619e+06
   1.6002646e+06
   1.6003355e+06
   1.6004147e+06
   1.6005028e+06
   1.6005838e+06
   1.6006863e+06
   1.6007850e+06
   1.6009277e+06
   1.6010616e+06
   1.6012392e+06
   1.6013274e+06
   1.6014150e+06
   1.6015045e+06
   1.6015665e+06
   1.6016388e+06
   1.6017407e+06
   1.6018342e+06
   1.6019101e+06
   1.6019860e+06
   1.6020716e+06
   1.6021652e+06
   1.6022401e+06
   1.6023322e+06
   1.6024225e+06
   1.6024927e+06
   1.6025904e+06
   1.6026966e+06
   1.6027650e+06
   1.6028544e+06
   1.6029742e+06
   1.6030728e+06
   1.6031667e+06
   1.6032548e+06
   1.6033381e+06
   1.6034212e+06
   1.6035026e+06
   1.6035847e+06
   1.6036603e+06
   1.6037951e+06
   1.6038929e+06
   1.6039964e+06
   1.6040782e+06
   1.6041607e+06
   1.6042930e+06
   1.6043751e+06
   1.6044518e+06
   1.6045356e+06
   1.6046489e+06
   1.6047961e+06
   1.6048950e+06
   1.6049779e+06
   1.6050633e+06
   1.6051575e+06
   1.6052384e+06
   1.6053495e+06
   1.6054284e+06
   1.6055092e+06
   1.6056356e+06
   1.6057224e+06
   1.6058225e+06
   1.6059258e+06
   1.6060164e+06
   1.6061146e+06
   1.6061987e+06
   1.6062764e+06
   1.6064038e+06
   1.6065075e+06
   1.6065794e+06
   1.6067021e+06
   1.6067941e+06
   1.6068821e+06
   1.6069694e+06
   1.6071703e+06
   1.6072666e+06
   1.6073340e+06
   1.6074297e+06
   1.6075237e+06
   1.6076631e+06
   1.6077504e+06
   1.6078807e+06
   1.6079919e+06
   1.6080892e+06
   1.6081750e+06
   1.6082889e+06
   1.6084093e+06
   1.6084991e+06
   1.6085947e+06
   1.6086654e+06
   1.6087474e+06
   1.6088405e+06
   1.6090183e+06
   1.6091128e+06
   1.6092058e+06
   1.6092887e+06
   1.6093802e+06
   1.6094469e+06
   1.6095503e+06
   1.6096437e+06
   1.6097293e+06
   1.6098132e+06
   1.6099004e+06
   1.6100258e+06
   1.6101333e+06
   1.6102147e+06
   1.6103018e+06
   1.6104660e+06
   1.6105476e+06
   1.6106258e+06
   1.6107080e+06
   1.6108155e+06
   1.6109064e+06
   1.6110232e+06
   1.6111208e+06
   1.6112287e+06
   1.6113379e+06
   1.6114078e+06
   1.6115534e+06
   1.6116389e+06
   1.6117811e+06
   1.6118929e+06
   1.6119764e+06
   1.6121086e+06
   1.6122121e+06
   1.6122936e+06
   1.6124173e+06
   1.6125445e+06
   1.6126253e+06
   1.6126992e+06
   1.6127967e+06
   1.6128872e+06
   1.6129857e+06
   1.6130557e+06
   1.6131254e+06
   1.6132246e+06
   1.6132918e+06
   1.6134283e+06
   1.6135389e+06
   1.6136285e+06
   1.6137563e+06
   1.6138424e+06
   1.6139282e+06
   1.6141469e+06
   1.6142287e+06
   1.6143165e+06
   1.6144618e+06
   1.6145519e+06
   1.6146344e+06
   1.6148848e+06
   1.6149950e+06
   1.6150833e+06
   1.6151764e+06
   1.6152735e+06
   1.6153681e+06
   1.6154793e+06
   1.6155553e+06
   1.6156734e+06
   1.6157878e+06
   1.6159062e+06
   1.6160180e+06
   1.6160969e+06
   1.6162127e+06
   1.6162901e+06
   1.6164060e+06
   1.6165507e+06
   1.6166539e+06
   1.6167270e+06
   1.6168269e+06
   1.6169194e+06
   1.6169892e+06
   1.6170957e+06
   1.6171858e+06
   1.6172669e+06
   1.6173628e+06
   1.6174377e+06
   1.6175190e+06
   1.6176063e+06
   1.6177009e+06
   1.6177876e+06
   1.6178937e+06
   1.6179933e+06
   1.6180848e+06
   1.6181700e+06
   1.6182969e+06
   1.6183762e+06
   1.6184558e+06
   1.6185663e+06
   1.6186556e+06
   1.6187297e+06
   1.6188448e+06
   1.6189409e+06
   1.6190324e+06
   1.6191654e+06
   1.6192694e+06
   1.6194420e+06
   1.6195590e+06
   1.6196420e+06
   1.6197695e+06
   1.6198506e+06
   1.6199954e+06
   1.6203748e+06
   1.6207557e+06
   1.6212106e+06
   1.6221360e+06
   1.6223523e+06
   1.6233141e+06
   1.6240022e+06
   1.6242058e+06
   1.6244195e+06
   1.6246549e+06
   1.6252701e+06
   1.6258856e+06
   1.6264103e+06
   1.6269639e+06
   1.6271370e+06
   1.6273503e+06
   1.6275558e+06
   1.6290162e+06
   1.6292334e+06
   1.6295867e+06
   1.6297661e+06
   1.6352314e+06
   1.6356206e+06
   1.6358175e+06
   1.6386821e+06
   1.6391063e+06
   1.6404679e+06
   1.6410717e+06
   1.6416750e+06
   1.6444734e+06
   1.6447595e+06
   1.6459082e+06
   1.6463745e+06
   1.6496946e+06
   1.6499892e+06
   1.6508462e+06
   1.6574856e+06
   1.6582319e+06
   1.6587498e+06
   1.6590963e+06
   1.6593676e+06
   1.6595521e+06
   1.6598471e+06
   1.6601363e+06
   1.6602486e+06
   1.6603688e+06
   1.6604420e+06
   1.6605164e+06
   1.6606086e+06
   1.6607097e+06
   1.6608253e+06
   1.6609144e+06
   1.6610174e+06
   1.6611216e+06
   1.6612295e+06
   1.6613253e+06
   1.6614073e+06
   1.6615140e+06
   1.6616319e+06
   1.6617377e+06
   1.6618269e+06
   1.6619373e+06
   1.6620015e+06
   1.6621086e+06
   1.6622199e+06
   1.6623242e+06
   1.6624097e+06
   1.6624930e+06
   1.6625703e+06
   1.6626700e+06
   1.6627444e+06
   1.6628455e+06
   1.6629322e+06
   1.6630073e+06
   1.6631011e+06
   1.6631785e+06
   1.6632626e+06
   1.6633577e+06
   1.6634592e+06
   1.6637232e+06
   1.6637971e+06
   1.6638838e+06
   1.6640129e+06
   1.6641017e+06
   1.6641733e+06
   1.6642818e+06
   1.6643689e+06
   1.6644794e+06
   1.6645755e+06
   1.6646926e+06
   1.6648003e+06
   1.6648988e+06
   1.6649692e+06
   1.6650829e+06
   1.6651670e+06
   1.6652507e+06
   1.6653624e+06
   1.6654696e+06
   1.6655993e+06
   1.6657019e+06
   1.6657791e+06
   1.6658750e+06
   1.6659655e+06
   1.6660656e+06
   1.6661635e+06
   1.6662486e+06
   1.6663392e+06
   1.6664530e+06
   1.6665802e+06
   1.6666522e+06
   1.6667841e+06
   1.6669333e+06
   1.6671081e+06
   1.6671661e+06
   1.6672852e+06
   1.6673857e+06
   1.6674633e+06
   1.6675732e+06
   1.6677721e+06
   1.6679099e+06
   1.6679867e+06
   1.6680582e+06
   1.6681735e+06
   1.6682712e+06
   1.6683753e+06
   1.6684566e+06
   1.6685309e+06
   1.6686177e+06
   1.6687209e+06
   1.6688143e+06
   1.6689014e+06
   1.6690004e+06
   1.6690867e+06
   1.6691584e+06
   1.6692321e+06
   1.6692920e+06
   1.6693708e+06
   1.6694581e+06
   1.6696011e+06
   1.6697153e+06
   1.6697942e+06
   1.6698831e+06
   1.6699681e+06
   1.6700501e+06
   1.6701228e+06
   1.6702049e+06
   1.6703272e+06
   1.6704088e+06
   1.6705151e+06
   1.6706006e+06
   1.6706954e+06
   1.6707473e+06
   1.6709098e+06
   1.6709967e+06
   1.6710985e+06
   1.6711636e+06
   1.6713291e+06
   1.6714344e+06
   1.6715862e+06
   1.6716824e+06
   1.6717882e+06
   1.6718765e+06
   1.6719924e+06
   1.6720735e+06
   1.6721554e+06
   1.6723074e+06
   1.6724042e+06
   1.6725046e+06
   1.6725948e+06
   1.6726970e+06
   1.6727847e+06
   1.6728589e+06
   1.6729336e+06
   1.6730331e+06
   1.6731292e+06
   1.6732343e+06
   1.6733361e+06
   1.6734347e+06
   1.6735176e+06
   1.6736257e+06
   1.6737175e+06
   1.6738229e+06
   1.6739270e+06
   1.6741616e+06
   1.6742868e+06
   1.6744068e+06
   1.6745041e+06
   1.6746196e+06
   1.6747505e+06
   1.6748443e+06
   1.6749040e+06
   1.6750177e+06
   1.6751015e+06
   1.6751881e+06
   1.6752889e+06
   1.6753696e+06
   1.6754411e+06
   1.6755368e+06
   1.6756370e+06
   1.6757447e+06
   1.6758261e+06
   1.6759082e+06
   1.6760335e+06
   1.6761093e+06
   1.6761902e+06
   1.6762777e+06
   1.6763642e+06
   1.6764684e+06
   1.6765421e+06
   1.6766818e+06
   1.6767570e+06
   1.6768694e+06
   1.6769759e+06
   1.6770857e+06
   1.6771875e+06
   1.6772633e+06
   1.6773568e+06
   1.6774547e+06
   1.6776212e+06
   1.6776967e+06
   1.6777936e+06
   1.6778921e+06
   1.6780141e+06
   1.6781352e+06
   1.6782114e+06
   1.6782985e+06
   1.6783946e+06
   1.6784917e+06
   1.6785719e+06
   1.6786591e+06
   1.6787272e+06
   1.6788018e+06
   1.6788803e+06
   1.6789652e+06
   1.6790492e+06
   1.6791573e+06
   1.6792709e+06
   1.6793604e+06
   1.6794481e+06
   1.6795563e+06
   1.6796486e+06
   1.6797457e+06
   1.6798346e+06
   1.6799514e+06
   1.6801923e+06
   1.6804758e+06
   1.6813519e+06
   1.6829644e+06
   1.6832851e+06
   1.6852762e+06
   1.6964297e+06
   1.6977156e+06
   1.6978656e+06
   1.6982815e+06
   1.6985297e+06
   1.7004175e+06
   1.7011008e+06
   1.7019777e+06
   1.7026812e+06
   1.7030754e+06
   1.7033966e+06
   1.7035876e+06
   1.7040629e+06
   1.7043890e+06
   1.7115646e+06
   1.7123314e+06
   1.7126588e+06
   1.7138400e+06
   1.7146785e+06
   1.7150217e+06
   1.7156199e+06
   1.7167255e+06
   1.7175617e+06
   1.7200933e+06
   1.7201691e+06
   1.7202755e+06
   1.7203537e+06
   1.7204456e+06
   1.7205301e+06
   1.7206152e+06
   1.7207010e+06
   1.7207960e+06
   1.7208868e+06
   1.7209705e+06
   1.7210658e+06
   1.7211440e+06
   1.7212221e+06
   1.7212905e+06
   1.7213881e+06
   1.7214567e+06
   1.7215296e+06
   1.7216157e+06
   1.7216810e+06
   1.7217736e+06
   1.7218479e+06
   1.7219279e+06
   1.7220008e+06
   1.7220738e+06
   1.7222051e+06
   1.7222960e+06
   1.7223566e+06
   1.7224407e+06
   1.7225164e+06
   1.7226176e+06
   1.7227088e+06
   1.7228028e+06
   1.7228930e+06
   1.7230337e+06
   1.7231115e+06
   1.7231971e+06
   1.7232844e+06
   1.7233652e+06
   1.7234336e+06
   1.7235481e+06
   1.7236381e+06
   1.7237131e+06
   1.7238105e+06
   1.7238987e+06
   1.7239816e+06
   1.7240713e+06
   1.7241736e+06
   1.7242544e+06
   1.7243289e+06
   1.7244455e+06
   1.7245337e+06
   1.7246044e+06
   1.7246707e+06
   1.7247376e+06
   1.7248129e+06
   1.7248878e+06
   1.7249606e+06
   1.7250402e+06
   1.7251325e+06
   1.7252710e+06
   1.7253228e+06
   1.7254048e+06
   1.7254953e+06
   1.7255891e+06
   1.7257177e+06
   1.7258267e+06
   1.7259277e+06
   1.7260439e+06
   1.7261109e+06
   1.7261979e+06
   1.7262810e+06
   1.7263806e+06
   1.7264597e+06
   1.7265585e+06
   1.7266723e+06
   1.7267442e+06
   1.7268268e+06
   1.7269138e+06
   1.7270991e+06
   1.7271857e+06
   1.7272919e+06
   1.7273643e+06
   1.7274358e+06
   1.7275237e+06
   1.7276155e+06
   1.7276996e+06
   1.7277941e+06
   1.7278995e+06
   1.7280118e+06
   1.7281007e+06
   1.7282018e+06
   1.7283144e+06
   1.7283879e+06
   1.7284695e+06
   1.7285664e+06
   1.7286905e+06
   1.7287562e+06
   1.7288394e+06
   1.7289460e+06
   1.7290433e+06
   1.7291304e+06
   1.7292059e+06
   1.7292761e+06
   1.7293539e+06
   1.7294421e+06
   1.7295329e+06
   1.7296135e+06
   1.7297034e+06
   1.7297859e+06
   1.7299051e+06
   1.7299913e+06
   1.7300843e+06
   1.7301516e+06
   1.7302385e+06
   1.7303080e+06
   1.7303932e+06
   1.7304773e+06
   1.7305921e+06
   1.7306706e+06
   1.7307796e+06
   1.7308803e+06
   1.7309497e+06
   1.7310465e+06
   1.7311416e+06
   1.7312425e+06
   1.7313231e+06
   1.7313874e+06
   1.7315022e+06
   1.7316030e+06
   1.7317196e+06
   1.7318509e+06
   1.7319248e+06
   1.7320175e+06
   1.7321431e+06
   1.7322271e+06
   1.7323318e+06
   1.7324284e+06
   1.7325254e+06
   1.7326136e+06
   1.7327180e+06
   1.7328040e+06
   1.7328767e+06
   1.7329452e+06
   1.7330381e+06
   1.7331101e+06
   1.7331816e+06
   1.7332451e+06
   1.7333348e+06
   1.7334062e+06
   1.7335055e+06
   1.7335795e+06
   1.7336544e+06
   1.7337504e+06
   1.7338286e+06
   1.7339266e+06
   1.7341037e+06
   1.7341813e+06
   1.7342599e+06
   1.7343686e+06
   1.7344812e+06
   1.7345924e+06
   1.7346593e+06
   1.7347549e+06
   1.7348735e+06
   1.7349546e+06
   1.7350394e+06
   1.7351156e+06
   1.7352493e+06
   1.7353419e+06
   1.7354189e+06
   1.7355000e+06
   1.7356116e+06
   1.7356908e+06
   1.7357701e+06
   1.7358604e+06
   1.7359522e+06
   1.7360413e+06
   1.7361338e+06
   1.7362086e+06
   1.7363165e+06
   1.7364219e+06
   1.7365383e+06
   1.7366691e+06
   1.7367618e+06
   1.7368736e+06
   1.7370048e+06
   1.7370844e+06
   1.7371739e+06
   1.7372923e+06
   1.7373627e+06
   1.7374638e+06
   1.7375681e+06
   1.7376390e+06
   1.7377158e+06
   1.7378040e+06
   1.7379225e+06
   1.7380102e+06
   1.7381141e+06
   1.7382355e+06
   1.7383455e+06
   1.7384214e+06
   1.7385649e+06
   1.7386376e+06
   1.7387828e+06
   1.7388702e+06
   1.7389662e+06
   1.7390434e+06
   1.7391065e+06
   1.7392171e+06
   1.7392960e+06
   1.7393976e+06
   1.7395072e+06
   1.7396013e+06
   1.7397054e+06
   1.7398229e+06
   1.7399192e+06
   1.7419912e+06
   1.7424647e+06
   1.7427191e+06
   1.7438597e+06
   1.7455234e+06
   1.7469569e+06
   1.7472003e+06
   1.7521255e+06
   1.7526910e+06
   1.7530062e+06
   1.7541599e+06
   1.7543286e+06
   1.7548299e+06
   1.7550656e+06
   1.7556840e+06
   1.7561791e+06
   1.7574712e+06
   1.7579805e+06
   1.7582477e+06
   1.7584539e+06
   1.7606452e+06
   1.7610327e+06
   1.7615935e+06
   1.7625039e+06
   1.7629959e+06
   1.7663571e+06
   1.7800833e+06
   1.7801674e+06
   1.7802455e+06
   1.7803234e+06
   1.7804125e+06
   1.7804883e+06
   1.7805665e+06
   1.7806584e+06
   1.7807193e+06
   1.7808238e+06
   1.7809157e+06
   1.7810012e+06
   1.7810864e+06
   1.7811846e+06
   1.7812665e+06
   1.7813810e+06
   1.7814524e+06
   1.7815337e+06
   1.7815926e+06
   1.7816502e+06
   1.7817416e+06
   1.7818276e+06
   1.7819006e+06
   1.7819752e+06
   1.7820636e+06
   1.7821397e+06
   1.7822004e+06
   1.7822735e+06
   1.7823783e+06
   1.7824492e+06
   1.7825167e+06
   1.7826057e+06
   1.7826773e+06
   1.7827659e+06
   1.7828444e+06
   1.7829114e+06
   1.7829845e+06
   1.7830747e+06
   1.7831530e+06
   1.7832406e+06
   1.7833147e+06
   1.7833848e+06
   1.7834490e+06
   1.7835325e+06
   1.7836294e+06
   1.7837051e+06
   1.7838277e+06
   1.7839061e+06
   1.7839724e+06
   1.7840606e+06
   1.7841420e+06
   1.7842591e+06
   1.7843474e+06
   1.7844284e+06
   1.7845037e+06
   1.7846005e+06
   1.7846668e+06
   1.7847663e+06
   1.7848421e+06
   1.7849244e+06
   1.7849956e+06
   1.7850671e+06
   1.7851477e+06
   1.7852197e+06
   1.7852724e+06
   1.7853434e+06
   1.7854213e+06
   1.7854876e+06
   1.7855503e+06
   1.7856746e+06
   1.7857749e+06
   1.7858519e+06
   1.7859426e+06
   1.7860256e+06
   1.7861068e+06
   1.7861861e+06
   1.7862640e+06
   1.7863558e+06
   1.7864389e+06
   1.7865177e+06
   1.7865860e+06
   1.7866475e+06
   1.7867213e+06
   1.7867825e+06
   1.7868552e+06
   1.7869230e+06
   1.7869901e+06
   1.7871382e+06
   1.7872226e+06
   1.7873027e+06
   1.7873733e+06
   1.7874426e+06
   1.7875236e+06
   1.7875930e+06
   1.7876542e+06
   1.7877413e+06
   1.7878523e+06
   1.7880153e+06
   1.7880948e+06
   1.7881635e+06
   1.7882304e+06
   1.7883393e+06
   1.7884189e+06
   1.7885244e+06
   1.7885876e+06
   1.7886880e+06
   1.7887729e+06
   1.7888483e+06
   1.7889181e+06
   1.7890021e+06
   1.7890990e+06
   1.7892245e+06
   1.7893015e+06
   1.7893750e+06
   1.7894517e+06
   1.7895377e+06
   1.7896686e+06
   1.7897483e+06
   1.7898173e+06
   1.7898897e+06
   1.7899569e+06
   1.7900427e+06
   1.7901184e+06
   1.7902601e+06
   1.7903462e+06
   1.7904506e+06
   1.7905205e+06
   1.7905857e+06
   1.7906615e+06
   1.7907498e+06
   1.7908173e+06
   1.7909220e+06
   1.7909948e+06
   1.7910908e+06
   1.7912264e+06
   1.7912929e+06
   1.7913774e+06
   1.7914612e+06
   1.7915271e+06
   1.7916055e+06
   1.7916861e+06
   1.7917606e+06
   1.7918691e+06
   1.7919408e+06
   1.7920212e+06
   1.7920986e+06
   1.7921845e+06
   1.7922653e+06
   1.7923910e+06
   1.7924644e+06
   1.7925556e+06
   1.7926368e+06
   1.7927180e+06
   1.7928039e+06
   1.7928956e+06
   1.7929647e+06
   1.7930372e+06
   1.7931160e+06
   1.7931924e+06
   1.7932670e+06
   1.7934426e+06
   1.7935219e+06
   1.7935999e+06
   1.7936600e+06
   1.7937497e+06
   1.7938309e+06
   1.7939117e+06
   1.7939931e+06
   1.7941725e+06
   1.7942739e+06
   1.7943682e+06
   1.7944743e+06
   1.7945798e+06
   1.7946797e+06
   1.7947653e+06
   1.7948487e+06
   1.7949634e+06
   1.7950416e+06
   1.7951795e+06
   1.7952793e+06
   1.7953889e+06
   1.7954642e+06
   1.7955656e+06
   1.7956512e+06
   1.7957387e+06
   1.7958224e+06
   1.7959148e+06
   1.7959934e+06
   1.7960754e+06
   1.7961893e+06
   1.7962675e+06
   1.7963671e+06
   1.7964486e+06
   1.7965551e+06
   1.7966350e+06
   1.7967417e+06
   1.7968403e+06
   1.7969158e+06
   1.7969970e+06
   1.7970813e+06
   1.7971742e+06
   1.7972406e+06
   1.7973255e+06
   1.7973838e+06
   1.7974618e+06
   1.7975508e+06
   1.7976172e+06
   1.7977047e+06
   1.7977904e+06
   1.7978673e+06
   1.7979460e+06
   1.7980274e+06
   1.7980942e+06
   1.7981599e+06
   1.7982452e+06
   1.7983325e+06
   1.7984119e+06
   1.7985040e+06
   1.7985925e+06
   1.7986665e+06
   1.7987505e+06
   1.7988465e+06
   1.7989282e+06
   1.7990122e+06
   1.7991004e+06
   1.7991880e+06
   1.7992702e+06
   1.7993346e+06
   1.7994111e+06
   1.7994881e+06
   1.7995843e+06
   1.7996639e+06
   1.7997471e+06
   1.7998319e+06
   1.7999170e+06
   1.7999984e+06
   1.8003413e+06
   1.8005588e+06
   1.8007597e+06
   1.8011019e+06
   1.8013808e+06
   1.8021628e+06
   1.8026953e+06
   1.8033742e+06
   1.8126684e+06
   1.8142735e+06
   1.8144947e+06
   1.8146879e+06
   1.8149716e+06
   1.8154634e+06
   1.8181065e+06
   1.8184222e+06
   1.8400704e+06
   1.8401316e+06
   1.8402029e+06
   1.8402726e+06
   1.8403511e+06
   1.8404116e+06
   1.8404786e+06
   1.8405603e+06
   1.8406139e+06
   1.8407015e+06
   1.8407753e+06
   1.8408510e+06
   1.8409237e+06
   1.8409940e+06
   1.8410737e+06
   1.8411522e+06
   1.8412201e+06
   1.8412888e+06
   1.8413754e+06
   1.8414485e+06
   1.8415137e+06
   1.8415764e+06
   1.8416380e+06
   1.8417175e+06
   1.8417891e+06
   1.8418561e+06
   1.8419421e+06
   1.8420168e+06
   1.8420850e+06
   1.8421685e+06
   1.8422353e+06
   1.8423168e+06
   1.8424089e+06
   1.8424902e+06
   1.8425684e+06
   1.8426548e+06
   1.8427274e+06
   1.8427912e+06
   1.8428640e+06
   1.8429224e+06
   1.8429882e+06
   1.8430642e+06
   1.8431311e+06
   1.8432292e+06
   1.8433281e+06
   1.8434126e+06
   1.8434817e+06
   1.8435639e+06
   1.8436423e+06
   1.8437160e+06
   1.8437825e+06
   1.8438525e+06
   1.8439364e+06
   1.8440279e+06
   1.8440930e+06
   1.8441744e+06
   1.8442500e+06
   1.8443289e+06
   1.8443915e+06
   1.8444660e+06
   1.8445441e+06
   1.8446315e+06
   1.8447053e+06
   1.8447825e+06
   1.8448477e+06
   1.8449191e+06
   1.8449741e+06
   1.8450416e+06
   1.8451056e+06
   1.8451926e+06
   1.8452669e+06
   1.8453460e+06
   1.8454352e+06
   1.8455046e+06
   1.8455782e+06
   1.8456495e+06
   1.8457172e+06
   1.8457912e+06
   1.8458551e+06
   1.8459241e+06
   1.8459847e+06
   1.8460803e+06
   1.8461436e+06
   1.8462396e+06
   1.8463289e+06
   1.8464032e+06
   1.8464833e+06
   1.8465836e+06
   1.8466520e+06
   1.8467239e+06
   1.8468067e+06
   1.8468887e+06
   1.8469633e+06
   1.8471444e+06
   1.8472231e+06
   1.8472910e+06
   1.8473689e+06
   1.8474409e+06
   1.8475107e+06
   1.8476051e+06
   1.8476803e+06
   1.8477511e+06
   1.8478273e+06
   1.8479199e+06
   1.8480027e+06
   1.8480910e+06
   1.8481704e+06
   1.8482475e+06
   1.8483190e+06
   1.8483959e+06
   1.8484693e+06
   1.8485700e+06
   1.8486429e+06
   1.8487180e+06
   1.8487866e+06
   1.8488478e+06
   1.8489198e+06
   1.8489935e+06
   1.8490801e+06
   1.8491713e+06
   1.8492412e+06
   1.8493289e+06
   1.8493980e+06
   1.8494919e+06
   1.8495804e+06
   1.8496520e+06
   1.8497371e+06
   1.8498280e+06
   1.8498948e+06
   1.8499744e+06
   1.8500517e+06
   1.8501528e+06
   1.8502397e+06
   1.8503180e+06
   1.8504024e+06
   1.8504790e+06
   1.8505686e+06
   1.8506277e+06
   1.8506977e+06
   1.8507877e+06
   1.8508556e+06
   1.8509500e+06
   1.8510233e+06
   1.8511086e+06
   1.8511700e+06
   1.8512647e+06
   1.8513566e+06
   1.8514409e+06
   1.8515202e+06
   1.8516439e+06
   1.8517160e+06
   1.8518107e+06
   1.8518870e+06
   1.8519678e+06
   1.8520317e+06
   1.8521282e+06
   1.8522040e+06
   1.8522647e+06
   1.8523466e+06
   1.8524206e+06
   1.8525030e+06
   1.8525774e+06
   1.8526534e+06
   1.8527281e+06
   1.8528227e+06
   1.8529216e+06
   1.8529765e+06
   1.8530595e+06
   1.8531549e+06
   1.8532443e+06
   1.8533417e+06
   1.8534190e+06
   1.8534939e+06
   1.8535453e+06
   1.8536160e+06
   1.8536878e+06
   1.8537517e+06
   1.8538772e+06
   1.8539354e+06
   1.8540000e+06
   1.8541608e+06
   1.8542483e+06
   1.8543416e+06
   1.8544164e+06
   1.8544956e+06
   1.8545598e+06
   1.8546383e+06
   1.8547287e+06
   1.8548163e+06
   1.8549025e+06
   1.8549742e+06
   1.8550530e+06
   1.8551295e+06
   1.8552194e+06
   1.8553122e+06
   1.8553896e+06
   1.8554687e+06
   1.8555681e+06
   1.8556435e+06
   1.8557169e+06
   1.8557820e+06
   1.8558611e+06
   1.8559492e+06
   1.8560865e+06
   1.8561407e+06
   1.8562170e+06
   1.8562748e+06
   1.8563425e+06
   1.8564140e+06
   1.8564770e+06
   1.8565448e+06
   1.8566426e+06
   1.8567254e+06
   1.8567872e+06
   1.8568609e+06
   1.8569343e+06
   1.8570280e+06
   1.8571129e+06
   1.8571803e+06
   1.8572610e+06
   1.8573412e+06
   1.8574118e+06
   1.8574986e+06
   1.8575875e+06
   1.8576615e+06
   1.8577239e+06
   1.8578179e+06
   1.8579121e+06
   1.8579947e+06
   1.8581485e+06
   1.8582380e+06
   1.8583266e+06
   1.8584074e+06
   1.8585026e+06
   1.8585830e+06
   1.8586520e+06
   1.8587243e+06
   1.8587877e+06
   1.8588603e+06
   1.8589619e+06
   1.8590253e+06
   1.8591021e+06
   1.8591836e+06
   1.8592474e+06
   1.8593270e+06
   1.8594136e+06
   1.8594992e+06
   1.8595803e+06
   1.8596680e+06
   1.8597524e+06
   1.8598517e+06
   1.8599555e+06
   1.8606755e+06
   1.8609174e+06
   1.8615985e+06
   1.8634015e+06
   1.8637702e+06
   1.8640704e+06
   1.8642348e+06
   1.8650237e+06
   1.8651996e+06
   1.8659540e+06
   1.8662848e+06
   1.8664477e+06
   1.8669618e+06
   1.8675913e+06
   1.8678347e+06
   1.8680699e+06
   1.8685255e+06
   1.8707660e+06
   1.8709924e+06
   1.8719972e+06
   1.8723580e+06
   1.8732433e+06
   1.8735329e+06
   1.8751110e+06
   1.8757743e+06
   1.8760418e+06
   1.8761758e+06
   1.8766125e+06
   1.8768740e+06
   1.8772938e+06
   1.8829521e+06
   1.8835363e+06
   1.8839995e+06
   1.8841723e+06
   1.8844960e+06
   1.8854123e+06
   1.8875876e+06
   1.8877247e+06
   1.8879394e+06
   1.8890645e+06
   1.8913419e+06
   1.8917162e+06
   1.8919468e+06
   1.8922134e+06
   1.8924911e+06
   1.8932194e+06
   1.8934306e+06
   1.8938239e+06
   1.8941413e+06
   1.8947324e+06
   1.8957145e+06
   1.8962152e+06
   1.8969396e+06
   1.8973553e+06
   1.8976948e+06
   1.8983984e+06
   1.8986170e+06
   1.8997235e+06
   1.9000725e+06
   1.9001321e+06
   1.9001936e+06
   1.9002633e+06
   1.9003361e+06
   1.9004013e+06
   1.9004813e+06
   1.9005567e+06
   1.9006157e+06
   1.9006979e+06
   1.9007691e+06
   1.9008389e+06
   1.9008920e+06
   1.9009657e+06
   1.9010240e+06
   1.9010758e+06
   1.9011445e+06
   1.9012162e+06
   1.9012837e+06
   1.9013561e+06
   1.9014130e+06
   1.9014752e+06
   1.9015620e+06
   1.9016364e+06
   1.9017205e+06
   1.9017874e+06
   1.9018456e+06
   1.9019292e+06
   1.9019902e+06
   1.9020489e+06
   1.9021231e+06
   1.9021869e+06
   1.9022498e+06
   1.9023192e+06
   1.9023895e+06
   1.9024502e+06
   1.9025276e+06
   1.9025923e+06
   1.9026486e+06
   1.9027460e+06
   1.9028093e+06
   1.9028728e+06
   1.9029403e+06
   1.9030005e+06
   1.9030589e+06
   1.9031264e+06
   1.9032011e+06
   1.9032672e+06
   1.9033466e+06
   1.9034236e+06
   1.9034853e+06
   1.9035519e+06
   1.9036548e+06
   1.9037195e+06
   1.9038058e+06
   1.9038690e+06
   1.9039430e+06
   1.9039995e+06
   1.9040490e+06
   1.9041134e+06
   1.9041730e+06
   1.9042419e+06
   1.9043037e+06
   1.9043734e+06
   1.9044327e+06
   1.9044959e+06
   1.9045763e+06
   1.9046608e+06
   1.9047343e+06
   1.9047951e+06
   1.9048544e+06
   1.9049198e+06
   1.9050284e+06
   1.9051089e+06
   1.9051559e+06
   1.9052499e+06
   1.9053058e+06
   1.9053736e+06
   1.9054432e+06
   1.9055146e+06
   1.9055788e+06
   1.9056739e+06
   1.9057430e+06
   1.9058149e+06
   1.9058916e+06
   1.9059904e+06
   1.9060650e+06
   1.9061340e+06
   1.9061960e+06
   1.9062553e+06
   1.9063162e+06
   1.9063757e+06
   1.9064454e+06
   1.9065246e+06
   1.9065925e+06
   1.9066617e+06
   1.9067203e+06
   1.9067933e+06
   1.9068452e+06
   1.9069007e+06
   1.9069597e+06
   1.9071059e+06
   1.9072039e+06
   1.9072933e+06
   1.9073754e+06
   1.9074436e+06
   1.9075137e+06
   1.9075721e+06
   1.9076447e+06
   1.9077224e+06
   1.9077901e+06
   1.9078631e+06
   1.9079342e+06
   1.9079896e+06
   1.9081007e+06
   1.9081738e+06
   1.9082482e+06
   1.9083160e+06
   1.9083878e+06
   1.9084567e+06
   1.9085212e+06
   1.9085953e+06
   1.9086598e+06
   1.9087386e+06
   1.9088283e+06
   1.9088868e+06
   1.9089619e+06
   1.9090233e+06
   1.9091179e+06
   1.9091851e+06
   1.9092473e+06
   1.9093154e+06
   1.9093858e+06
   1.9094478e+06
   1.9095269e+06
   1.9096272e+06
   1.9096905e+06
   1.9097633e+06
   1.9098352e+06
   1.9098984e+06
   1.9099888e+06
   1.9100506e+06
   1.9101223e+06
   1.9101940e+06
   1.9102670e+06
   1.9103494e+06
   1.9104110e+06
   1.9104803e+06
   1.9105488e+06
   1.9106053e+06
   1.9106820e+06
   1.9107779e+06
   1.9108724e+06
   1.9109293e+06
   1.9109990e+06
   1.9110794e+06
   1.9111523e+06
   1.9112179e+06
   1.9113020e+06
   1.9113892e+06
   1.9114658e+06
   1.9115314e+06
   1.9116044e+06
   1.9116786e+06
   1.9117939e+06
   1.9118470e+06
   1.9119145e+06
   1.9120031e+06
   1.9120847e+06
   1.9121534e+06
   1.9122225e+06
   1.9123073e+06
   1.9123825e+06
   1.9124543e+06
   1.9125113e+06
   1.9125734e+06
   1.9126489e+06
   1.9127064e+06
   1.9127808e+06
   1.9128632e+06
   1.9129349e+06
   1.9130157e+06
   1.9130868e+06
   1.9131608e+06
   1.9132414e+06
   1.9133003e+06
   1.9133730e+06
   1.9134290e+06
   1.9134966e+06
   1.9135729e+06
   1.9136484e+06
   1.9137088e+06
   1.9137797e+06
   1.9138468e+06
   1.9139329e+06
   1.9141413e+06
   1.9142058e+06
   1.9142933e+06
   1.9143837e+06
   1.9144450e+06
   1.9145272e+06
   1.9145917e+06
   1.9146689e+06
   1.9147501e+06
   1.9148454e+06
   1.9149095e+06
   1.9150083e+06
   1.9150729e+06
   1.9151595e+06
   1.9152285e+06
   1.9153060e+06
   1.9153855e+06
   1.9155004e+06
   1.9155936e+06
   1.9157034e+06
   1.9157725e+06
   1.9158505e+06
   1.9159198e+06
   1.9159890e+06
   1.9160682e+06
   1.9161368e+06
   1.9162074e+06
   1.9162828e+06
   1.9163560e+06
   1.9164218e+06
   1.9165110e+06
   1.9165812e+06
   1.9166639e+06
   1.9167746e+06
   1.9168690e+06
   1.9169295e+06
   1.9169990e+06
   1.9170699e+06
   1.9171403e+06
   1.9172594e+06
   1.9173017e+06
   1.9173156e+06
   1.9173173e+06
   1.9173210e+06
   1.9173290e+06
   1.9173341e+06
   1.9173494e+06
   1.9173538e+06
   1.9173797e+06
   1.9173955e+06
   1.9173959e+06
   1.9174000e+06
   1.9174007e+06
   1.9174124e+06
   1.9174236e+06
   1.9174305e+06
   1.9174319e+06
   1.9174514e+06
   1.9174750e+06
   1.9174759e+06
   1.9174763e+06
   1.9174774e+06
   1.9174848e+06
   1.9174858e+06
   1.9174947e+06
   1.9175104e+06
   1.9175253e+06
   1.9175415e+06
   1.9175462e+06
   1.9175481e+06
   1.9175492e+06
   1.9175529e+06
   1.9175622e+06
   1.9175706e+06
   1.9175860e+06
   1.9175914e+06
   1.9176144e+06
   1.9176165e+06
   1.9176257e+06
   1.9176270e+06
   1.9176352e+06
   1.9176361e+06
   1.9176370e+06
   1.9176597e+06
   1.9176788e+06
   1.9176859e+06
   1.9176965e+06
   1.9177076e+06
   1.9177085e+06
   1.9177087e+06
   1.9177106e+06
   1.9177208e+06
   1.9177478e+06
   1.9177615e+06
   1.9177617e+06
   1.9177647e+06
   1.9177753e+06
   1.9177754e+06
   1.9177774e+06
   1.9177784e+06
   1.9177989e+06
   1.9178228e+06
   1.9178367e+06
   1.9178369e+06
   1.9178457e+06
   1.9178463e+06
   1.9178465e+06
   1.9178605e+06
   1.9178898e+06
   1.9178936e+06
   1.9179031e+06
   1.9179150e+06
   1.9179239e+06
   1.9179264e+06
   1.9179308e+06
   1.9179308e+06
   1.9179343e+06
   1.9179544e+06
   1.9179658e+06
   1.9179795e+06
   1.9179942e+06
   1.9179980e+06
   1.9180036e+06
   1.9180049e+06
   1.9180064e+06
   1.9180212e+06
   1.9180286e+06
   1.9180378e+06
   1.9180496e+06
   1.9180657e+06
   1.9180746e+06
   1.9180771e+06
   1.9180806e+06
   1.9180809e+06
   1.9181035e+06
   1.9181037e+06
   1.9181239e+06
   1.9181396e+06
   1.9181427e+06
   1.9181514e+06
   1.9181556e+06
   1.9181629e+06
   1.9181645e+06
   1.9181893e+06
   1.9181934e+06
   1.9182057e+06
   1.9182259e+06
   1.9182293e+06
   1.9182294e+06
   1.9182313e+06
   1.9182368e+06
   1.9182369e+06
   1.9182712e+06
   1.9182722e+06
   1.9182814e+06
   1.9182903e+06
   1.9182906e+06
   1.9182972e+06
   1.9182996e+06
   1.9183165e+06
   1.9183315e+06
   1.9183447e+06
   1.9183530e+06
   1.9183584e+06
   1.9183625e+06
   1.9183674e+06
   1.9183755e+06
   1.9183848e+06
   1.9183953e+06
   1.9184086e+06
   1.9184129e+06
   1.9184226e+06
   1.9184450e+06
   1.9184488e+06
   1.9184573e+06
   1.9184604e+06
   1.9184610e+06
   1.9184627e+06
   1.9184802e+06
   1.9184862e+06
   1.9185123e+06
   1.9185222e+06
   1.9185223e+06
   1.9185335e+06
   1.9185422e+06
   1.9185437e+06
   1.9185438e+06
   1.9185520e+06
   1.9185529e+06
   1.9185779e+06
   1.9186012e+06
   1.9186104e+06
   1.9186119e+06
   1.9186180e+06
   1.9186191e+06
   1.9186249e+06
   1.9186263e+06
   1.9186363e+06
   1.9186500e+06
   1.9186654e+06
   1.9186790e+06
   1.9186915e+06
   1.9186923e+06
   1.9186960e+06
   1.9186976e+06
   1.9186993e+06
   1.9187031e+06
   1.9187203e+06
   1.9187372e+06
   1.9187388e+06
   1.9187570e+06
   1.9187695e+06
   1.9187744e+06
   1.9187748e+06
   1.9187777e+06
   1.9187937e+06
   1.9188092e+06
   1.9188226e+06
   1.9188233e+06
   1.9188303e+06
   1.9188360e+06
   1.9188392e+06
   1.9188572e+06
   1.9188643e+06
   1.9188685e+06
   1.9188808e+06
   1.9188919e+06
   1.9188944e+06
   1.9189130e+06
   1.9189135e+06
   1.9189142e+06
   1.9189230e+06
   1.9189346e+06
   1.9189350e+06
   1.9189589e+06
   1.9189673e+06
   1.9189810e+06
   1.9189829e+06
   1.9189909e+06
   1.9189950e+06
   1.9190013e+06
   1.9190095e+06
   1.9190254e+06
   1.9190403e+06
   1.9190490e+06
   1.9190541e+06
   1.9190672e+06
   1.9190703e+06
   1.9190776e+06
   1.9190802e+06
   1.9190920e+06
   1.9190931e+06
   1.9191159e+06
   1.9191225e+06
   1.9191231e+06
   1.9191321e+06
   1.9191337e+06
   1.9191523e+06
   1.9191576e+06
   1.9191598e+06
   1.9191845e+06
   1.9191869e+06
   1.9191891e+06
   1.9191922e+06
   1.9191953e+06
   1.9192061e+06
   1.9192131e+06
   1.9192483e+06
   1.9192489e+06
   1.9192588e+06
   1.9192627e+06
   1.9192645e+06
   1.9192657e+06
   1.9192851e+06
   1.9192860e+06
   1.9193105e+06
   1.9193270e+06
   1.9193272e+06
   1.9193283e+06
   1.9193333e+06
   1.9193363e+06
   1.9193369e+06
   1.9193544e+06
   1.9193546e+06
   1.9193716e+06
   1.9193978e+06
   1.9194045e+06
   1.9194140e+06
   1.9194168e+06
   1.9194179e+06
   1.9194255e+06
   1.9194442e+06
   1.9194454e+06
   1.9194541e+06
   1.9194834e+06
   1.9194876e+06
   1.9194959e+06
   1.9194984e+06
   1.9195031e+06
   1.9195112e+06
   1.9195126e+06
   1.9195163e+06
   1.9195331e+06
   1.9195715e+06
   1.9195745e+06
   1.9195779e+06
   1.9195782e+06
   1.9195836e+06
   1.9195864e+06
   1.9195926e+06
   1.9195995e+06
   1.9196111e+06
   1.9196432e+06
   1.9196525e+06
   1.9196555e+06
   1.9196603e+06
   1.9196623e+06
   1.9196624e+06
   1.9196650e+06
   1.9196666e+06
   1.9196913e+06
   1.9197205e+06
   1.9197272e+06
   1.9197375e+06
   1.9197422e+06
   1.9197452e+06
   1.9197471e+06
   1.9197510e+06
   1.9197628e+06
   1.9197699e+06
   1.9197883e+06
   1.9197971e+06
   1.9198086e+06
   1.9198099e+06
   1.9198130e+06
   1.9198228e+06
   1.9198343e+06
   1.9198442e+06
   1.9198521e+06
   1.9198548e+06
   1.9198583e+06
   1.9198839e+06
   1.9198942e+06
   1.9198953e+06
   1.9199169e+06
   1.9199193e+06
   1.9199225e+06
   1.9199312e+06
   1.9199366e+06
   1.9199447e+06
   1.9199570e+06
   1.9199664e+06
   1.9199768e+06
   1.9199979e+06
