   6.2247798e+02
   8.9509270e+02
   1.5750554e+03
   2.1264270e+03
   2.5525221e+03
   2.9557953e+03
   3.7390088e+03
   4.4529724e+03
   4.8167335e+03
   5.5942066e+03
   7.1657031e+03
   8.8482842e+03
   9.2005997e+03
   1.0381616e+04
   1.0663819e+04
   1.1005671e+04
   1.1292414e+04
   1.1742063e+04
   1.3071511e+04
   1.3732575e+04
   1.4040030e+04
   1.4251814e+04
   1.4692349e+04
   1.6839331e+04
   1.7438465e+04
   1.7986506e+04
   1.8381120e+04
   1.8697359e+04
   1.9740858e+04
   2.0340902e+04
   2.0947313e+04
   2.1200297e+04
   2.2023729e+04
   2.2479270e+04
   2.2978196e+04
   2.4039883e+04
   2.4230727e+04
   2.4796194e+04
   2.5228106e+04
   2.5849191e+04
   2.6333661e+04
   2.6796872e+04
   2.7494489e+04
   2.7917253e+04
   2.8451457e+04
   2.9006622e+04
   2.9285579e+04
   2.9813415e+04
   3.2848203e+04
   3.3278500e+04
   3.3581698e+04
   3.3921100e+04
   3.4956874e+04
   3.5262753e+04
   3.5630726e+04
   3.7134962e+04
   3.7495280e+04
   3.7991312e+04
   3.8571203e+04
   3.9042379e+04
   3.9342565e+04
   3.9931773e+04
   4.0517483e+04
   4.0838801e+04
   4.1191969e+04
   4.1917397e+04
   4.2225629e+04
   4.2429072e+04
   4.2648558e+04
   4.3059262e+04
   4.3569206e+04
   4.3711309e+04
   4.3982618e+04
   4.4275287e+04
   4.4724642e+04
   4.5406438e+04
   4.5706006e+04
   4.6009834e+04
   4.6930334e+04
   4.7555596e+04
   4.7706440e+04
   4.7840302e+04
   4.8028458e+04
   4.8206208e+04
   4.8333605e+04
   4.8496363e+04
   4.8650101e+04
   4.8796041e+04
   4.8933701e+04
   4.9054084e+04
   4.9178428e+04
   4.9291013e+04
   4.9397048e+04
   4.9554966e+04
   4.9728203e+04
   4.9899085e+04
   5.0011708e+04
   5.0180804e+04
   5.0385411e+04
   5.0571143e+04
   5.0748713e+04
   5.0925699e+04
   5.1075112e+04
   5.1197803e+04
   5.1353089e+04
   5.1506037e+04
   5.1617416e+04
   5.1826283e+04
   5.1983515e+04
   5.2107166e+04
   5.2233854e+04
   5.2354516e+04
   5.2460400e+04
   5.2622724e+04
   5.2734312e+04
   5.2838362e+04
   5.2989913e+04
   5.3164540e+04
   5.3329921e+04
   5.3437494e+04
   5.3577812e+04
   5.3745779e+04
   5.3853233e+04
   5.4306525e+04
   5.4553488e+04
   5.4765667e+04
   5.5148628e+04
   5.5304818e+04
   5.5537668e+04
   5.5796808e+04
   5.6046668e+04
   5.6283693e+04
   5.6494069e+04
   5.6901002e+04
   5.7052780e+04
   5.7232133e+04
   5.7487983e+04
   5.8450845e+04
   5.8758875e+04
   5.9240453e+04
   5.9397396e+04
   5.9644465e+04
   6.0343966e+04
   6.1878275e+04
   6.6638091e+04
   6.7252855e+04
   7.1613307e+04
   7.1987041e+04
   7.2628165e+04
   7.2901932e+04
   7.5185808e+04
   7.6247132e+04
   7.6689636e+04
   7.7651738e+04
   7.9102437e+04
   7.9525998e+04
   8.6136728e+04
   8.6445982e+04
   8.6754604e+04
   8.7671432e+04
   8.8336178e+04
   8.8589165e+04
   8.9253710e+04
   8.9754133e+04
   9.0231688e+04
   9.0969854e+04
   9.2639211e+04
   9.2942238e+04
   9.3928251e+04
   9.4980334e+04
   9.5656505e+04
   9.6010129e+04
   9.6305047e+04
   9.6904995e+04
   9.9776880e+04
   1.0200897e+05
   1.0231718e+05
   1.0292499e+05
   1.0314392e+05
   1.0360355e+05
   1.0387583e+05
   1.0424492e+05
   1.0520539e+05
   1.0569220e+05
   1.0627653e+05
   1.0648087e+05
   1.0679473e+05
   1.0743134e+05
   1.0765995e+05
   1.0801051e+05
   1.0826415e+05
   1.0855239e+05
   1.0893737e+05
   1.0953080e+05
   1.0973320e+05
   1.1001265e+05
   1.1032156e+05
   1.1066437e+05
   1.1087052e+05
   1.1124854e+05
   1.1139151e+05
   1.1162107e+05
   1.1196219e+05
   1.1219479e+05
   1.1251157e+05
   1.1271597e+05
   1.1297679e+05
   1.1325772e+05
   1.1342433e+05
   1.1364204e+05
   1.1442375e+05
   1.1474854e+05
   1.1511179e+05
   1.1527941e+05
   1.1551333e+05
   1.1685166e+05
   1.1754815e+05
   1.1814935e+05
   1.1841931e+05
   1.1876692e+05
   1.1911900e+05
   1.1941444e+05
   1.1975807e+05
   1.2064268e+05
   1.2572973e+05
   1.2691402e+05
   1.2812455e+05
   1.2877284e+05
   1.2935283e+05
   1.3019912e+05
   1.3047182e+05
   1.3067746e+05
   1.3127609e+05
   1.3321771e+05
   1.3364867e+05
   1.3419011e+05
   1.3463030e+05
   1.3500901e+05
   1.3618617e+05
   1.3772028e+05
   1.3799432e+05
   1.3984053e+05
   1.4036562e+05
   1.4084681e+05
   1.4201621e+05
   1.4269509e+05
   1.4298101e+05
   1.4345258e+05
   1.4413900e+05
   1.4460521e+05
   1.4484810e+05
   1.4557335e+05
   1.4745420e+05
   1.4773067e+05
   1.4803041e+05
   1.4825212e+05
   1.4844860e+05
   1.4894130e+05
   1.4913003e+05
   1.4941508e+05
   1.4969040e+05
   1.5174173e+05
   1.6018985e+05
   1.6036223e+05
   1.6054079e+05
   1.6076401e+05
   1.6099719e+05
   1.6120396e+05
   1.6135667e+05
   1.6154761e+05
   1.6168724e+05
   1.6181658e+05
   1.6201160e+05
   1.6219224e+05
   1.6231945e+05
   1.6248801e+05
   1.6286600e+05
   1.6310527e+05
   1.6340881e+05
   1.6360727e+05
   1.6381332e+05
   1.6398368e+05
   1.6410855e+05
   1.6438114e+05
   1.6466476e+05
   1.6485953e+05
   1.6510871e+05
   1.6528080e+05
   1.6547571e+05
   1.6571195e+05
   1.6584060e+05
   1.6603669e+05
   1.6617540e+05
   1.6636304e+05
   1.6659347e+05
   1.6675285e+05
   1.6688036e+05
   1.6730545e+05
   1.6751121e+05
   1.6767423e+05
   1.6781174e+05
   1.6799298e+05
   1.6814163e+05
   1.6831735e+05
   1.6849693e+05
   1.6867470e+05
   1.6895501e+05
   1.6909296e+05
   1.6929401e+05
   1.6949756e+05
   1.6964969e+05
   1.6980957e+05
   1.6995405e+05
   1.7021027e+05
   1.7037759e+05
   1.7053845e+05
   1.7066477e+05
   1.7078472e+05
   1.7091157e+05
   1.7115176e+05
   1.7130572e+05
   1.7147752e+05
   1.7167676e+05
   1.7181555e+05
   1.7209284e+05
   1.7224165e+05
   1.7242524e+05
   1.7260055e+05
   1.7272937e+05
   1.7286263e+05
   1.7303649e+05
   1.7317874e+05
   1.7330855e+05
   1.7347176e+05
   1.7362076e+05
   1.7376783e+05
   1.7391227e+05
   1.7449339e+05
   1.7466418e+05
   1.7517562e+05
   1.7535715e+05
   1.7550898e+05
   1.7565094e+05
   1.7600587e+05
   1.7629010e+05
   1.7649389e+05
   1.7678379e+05
   1.7697253e+05
   1.7720747e+05
   1.7742224e+05
   1.7778513e+05
   1.7822275e+05
   1.7855204e+05
   1.7886176e+05
   1.7902891e+05
   1.7922426e+05
   1.7955583e+05
   1.7966898e+05
   1.7990083e+05
   1.8033662e+05
   1.8073922e+05
   1.8162161e+05
   1.8388012e+05
   1.8827434e+05
   1.8858136e+05
   1.8915957e+05
   1.8952041e+05
   1.8999557e+05
   1.9024542e+05
   1.9060407e+05
   1.9105270e+05
   1.9160416e+05
   1.9220487e+05
   1.9364503e+05
   1.9529695e+05
   1.9560266e+05
   1.9608078e+05
   1.9653449e+05
   1.9689323e+05
   1.9762091e+05
   1.9875464e+05
   1.9906565e+05
   2.0112043e+05
   2.0382961e+05
   2.0669818e+05
   2.0887137e+05
   2.1329212e+05
   2.1361153e+05
   2.1396042e+05
   2.1444735e+05
   2.1479050e+05
   2.1532817e+05
   2.1569699e+05
   2.1609421e+05
   2.1661796e+05
   2.1683677e+05
   2.2017456e+05
   2.2031541e+05
   2.2055077e+05
   2.2065594e+05
   2.2079031e+05
   2.2095587e+05
   2.2128469e+05
   2.2140278e+05
   2.2159441e+05
   2.2179337e+05
   2.2191271e+05
   2.2211306e+05
   2.2229524e+05
   2.2241332e+05
   2.2258564e+05
   2.2277417e+05
   2.2289184e+05
   2.2303567e+05
   2.2326817e+05
   2.2370265e+05
   2.2380590e+05
   2.2395701e+05
   2.2413381e+05
   2.2428822e+05
   2.2442490e+05
   2.2465257e+05
   2.2484701e+05
   2.2502466e+05
   2.2518079e+05
   2.2560567e+05
   2.2576604e+05
   2.2588761e+05
   2.2608373e+05
   2.2628536e+05
   2.2643407e+05
   2.2660574e+05
   2.2673766e+05
   2.2686750e+05
   2.2729589e+05
   2.2747119e+05
   2.2763014e+05
   2.2800255e+05
   2.2822512e+05
   2.2846271e+05
   2.2869713e+05
   2.2885455e+05
   2.2899509e+05
   2.2914955e+05
   2.2929717e+05
   2.2949223e+05
   2.2962399e+05
   2.2989113e+05
   2.3013837e+05
   2.3030309e+05
   2.3045421e+05
   2.3064170e+05
   2.3089572e+05
   2.3109013e+05
   2.3125912e+05
   2.3146851e+05
   2.3165468e+05
   2.3185068e+05
   2.3204454e+05
   2.3223106e+05
   2.3253764e+05
   2.3271484e+05
   2.3300898e+05
   2.3329285e+05
   2.3352799e+05
   2.3368659e+05
   2.3388307e+05
   2.3438484e+05
   2.3460276e+05
   2.3486189e+05
   2.3539570e+05
   2.3555886e+05
   2.3581015e+05
   2.3597409e+05
   2.3614637e+05
   2.3634247e+05
   2.3652213e+05
   2.3685713e+05
   2.3710486e+05
   2.3731149e+05
   2.3747139e+05
   2.3771537e+05
   2.3786618e+05
   2.3801076e+05
   2.3842420e+05
   2.3861701e+05
   2.3897039e+05
   2.3917164e+05
   2.3940346e+05
   2.3966064e+05
   2.3990540e+05
   2.4038894e+05
   2.4081688e+05
   2.4116963e+05
   2.4198751e+05
   2.4222255e+05
   2.4245393e+05
   2.4406548e+05
   2.4469096e+05
   2.4512496e+05
   2.4832248e+05
   2.4887524e+05
   2.4927435e+05
   2.4963590e+05
   2.5016658e+05
   2.5066429e+05
   2.5254092e+05
   2.5347954e+05
   2.5396284e+05
   2.5449091e+05
   2.5472503e+05
   2.5585899e+05
   2.5785113e+05
   2.5819660e+05
   2.5849286e+05
   2.5884712e+05
   2.5959990e+05
   2.6010856e+05
   2.6047651e+05
   2.6087893e+05
   2.6119685e+05
   2.6518301e+05
   2.6576994e+05
   2.6635199e+05
   2.6711077e+05
   2.6920353e+05
   2.6962327e+05
   2.7054695e+05
   2.7104768e+05
   2.7438836e+05
   2.7573901e+05
   2.7640632e+05
   2.7720513e+05
   2.8020008e+05
   2.8041303e+05
   2.8063002e+05
   2.8091798e+05
   2.8119228e+05
   2.8139569e+05
   2.8153866e+05
   2.8175086e+05
   2.8193590e+05
   2.8220094e+05
   2.8234901e+05
   2.8259916e+05
   2.8276723e+05
   2.8298323e+05
   2.8320202e+05
   2.8346601e+05
   2.8361701e+05
   2.8381185e+05
   2.8413880e+05
   2.8431688e+05
   2.8444397e+05
   2.8470894e+05
   2.8493135e+05
   2.8534232e+05
   2.8555006e+05
   2.8571002e+05
   2.8588782e+05
   2.8609836e+05
   2.8622240e+05
   2.8642873e+05
   2.8658665e+05
   2.8676146e+05
   2.8723651e+05
   2.8738489e+05
   2.8763374e+05
   2.8784874e+05
   2.8797852e+05
   2.8827894e+05
   2.8844807e+05
   2.8866719e+05
   2.8883905e+05
   2.8902688e+05
   2.8918721e+05
   2.8936719e+05
   2.8951302e+05
   2.8974910e+05
   2.8990578e+05
   2.9010145e+05
   2.9039647e+05
   2.9058464e+05
   2.9082791e+05
   2.9097592e+05
   2.9114229e+05
   2.9129196e+05
   2.9143612e+05
   2.9157254e+05
   2.9170046e+05
   2.9186589e+05
   2.9203111e+05
   2.9221761e+05
   2.9240249e+05
   2.9255824e+05
   2.9282172e+05
   2.9299676e+05
   2.9318515e+05
   2.9330831e+05
   2.9353970e+05
   2.9372295e+05
   2.9392494e+05
   2.9419673e+05
   2.9442243e+05
   2.9457486e+05
   2.9477103e+05
   2.9498577e+05
   2.9514377e+05
   2.9530624e+05
   2.9545683e+05
   2.9567849e+05
   2.9586649e+05
   2.9599949e+05
   2.9615168e+05
   2.9657276e+05
   2.9673245e+05
   2.9685508e+05
   2.9702193e+05
   2.9723767e+05
   2.9746623e+05
   2.9761098e+05
   2.9773754e+05
   2.9804896e+05
   2.9820493e+05
   2.9838093e+05
   2.9850828e+05
   2.9867914e+05
   2.9884725e+05
   2.9905327e+05
   2.9927476e+05
   2.9948781e+05
   2.9965639e+05
   2.9992593e+05
   3.0067250e+05
   3.0128675e+05
   3.0160755e+05
   3.0220210e+05
   3.0297354e+05
   3.0354218e+05
   3.0380366e+05
   3.0405272e+05
   3.0457140e+05
   3.0509358e+05
   3.0554242e+05
   3.0660187e+05
   3.0698087e+05
   3.0765833e+05
   3.0814887e+05
   3.0915928e+05
   3.0959610e+05
   3.0997260e+05
   3.1024306e+05
   3.1081519e+05
   3.1195691e+05
   3.1248563e+05
   3.1368056e+05
   3.1402632e+05
   3.1436644e+05
   3.1636037e+05
   3.1670993e+05
   3.1799319e+05
   3.1965049e+05
   3.2016830e+05
   3.2061085e+05
   3.2125233e+05
   3.2629195e+05
   3.2883862e+05
   3.2967433e+05
   3.2999736e+05
   3.3054167e+05
   3.3082083e+05
   3.4015236e+05
   3.4034195e+05
   3.4053027e+05
   3.4065964e+05
   3.4077426e+05
   3.4101729e+05
   3.4119016e+05
   3.4145495e+05
   3.4161972e+05
   3.4180242e+05
   3.4198015e+05
   3.4216411e+05
   3.4238139e+05
   3.4254079e+05
   3.4275158e+05
   3.4289479e+05
   3.4307957e+05
   3.4336405e+05
   3.4358250e+05
   3.4374162e+05
   3.4388960e+05
   3.4403375e+05
   3.4417589e+05
   3.4428380e+05
   3.4443474e+05
   3.4460329e+05
   3.4473118e+05
   3.4487720e+05
   3.4503144e+05
   3.4515248e+05
   3.4534345e+05
   3.4548182e+05
   3.4562327e+05
   3.4586771e+05
   3.4603329e+05
   3.4622856e+05
   3.4636166e+05
   3.4651533e+05
   3.4669335e+05
   3.4688131e+05
   3.4726250e+05
   3.4770912e+05
   3.4806598e+05
   3.4837196e+05
   3.4867321e+05
   3.4906147e+05
   3.4940162e+05
   3.4972944e+05
   3.5009079e+05
   3.5076861e+05
   3.5106248e+05
   3.5154040e+05
   3.5197454e+05
   3.5221010e+05
   3.5254592e+05
   3.5274716e+05
   3.5314283e+05
   3.5380606e+05
   3.5419570e+05
   3.5432289e+05
   3.5445099e+05
   3.5462105e+05
   3.5489435e+05
   3.5501565e+05
   3.5518515e+05
   3.5535397e+05
   3.5547869e+05
   3.5559830e+05
   3.5576312e+05
   3.5590913e+05
   3.5605612e+05
   3.5616873e+05
   3.5629199e+05
   3.5647974e+05
   3.5660405e+05
   3.5673046e+05
   3.5695389e+05
   3.5710696e+05
   3.5726687e+05
   3.5741863e+05
   3.5759405e+05
   3.5778183e+05
   3.5788103e+05
   3.5802098e+05
   3.5815502e+05
   3.5831068e+05
   3.5846517e+05
   3.5858604e+05
   3.5868872e+05
   3.5880440e+05
   3.5907942e+05
   3.5923178e+05
   3.5940109e+05
   3.5967089e+05
   3.5980169e+05
   3.5994068e+05
   3.6043687e+05
   3.6128527e+05
   3.6166996e+05
   3.6367025e+05
   3.6388632e+05
   3.6447558e+05
   3.6470597e+05
   3.6534656e+05
   3.6579464e+05
   3.6610123e+05
   3.6638935e+05
   3.6678944e+05
   3.6761776e+05
   3.6793150e+05
   3.7026574e+05
   3.7078011e+05
   3.7127195e+05
   3.7175480e+05
   3.7207993e+05
   3.7231073e+05
   3.7278114e+05
   3.7307953e+05
   3.7424611e+05
   3.7500790e+05
   3.7552823e+05
   3.7669026e+05
   3.7724216e+05
   3.7845970e+05
   3.7884547e+05
   3.7953572e+05
   3.8097780e+05
   3.8170064e+05
   3.8229921e+05
   3.8354845e+05
   3.8617984e+05
   3.8646830e+05
   3.8697683e+05
   3.8747567e+05
   3.8777903e+05
   3.8821453e+05
   3.8862162e+05
   3.8906600e+05
   4.0014065e+05
   4.0027876e+05
   4.0045677e+05
   4.0062995e+05
   4.0088349e+05
   4.0109386e+05
   4.0126694e+05
   4.0142494e+05
   4.0163671e+05
   4.0178516e+05
   4.0194408e+05
   4.0207619e+05
   4.0223308e+05
   4.0237425e+05
   4.0257295e+05
   4.0270690e+05
   4.0286477e+05
   4.0297237e+05
   4.0315009e+05
   4.0328851e+05
   4.0345633e+05
   4.0362894e+05
   4.0390762e+05
   4.0408920e+05
   4.0431617e+05
   4.0448286e+05
   4.0461027e+05
   4.0477313e+05
   4.0496965e+05
   4.0515578e+05
   4.0539317e+05
   4.0559949e+05
   4.0581393e+05
   4.0599218e+05
   4.0611633e+05
   4.0626152e+05
   4.0640651e+05
   4.0653563e+05
   4.0669875e+05
   4.0687167e+05
   4.0733100e+05
   4.0746377e+05
   4.0775207e+05
   4.0797354e+05
   4.0842265e+05
   4.0868250e+05
   4.0887691e+05
   4.0916821e+05
   4.0938528e+05
   4.0959527e+05
   4.0995826e+05
   4.1011488e+05
   4.1035587e+05
   4.1055424e+05
   4.1077835e+05
   4.1095726e+05
   4.1126208e+05
   4.1151695e+05
   4.1174888e+05
   4.1196210e+05
   4.1217759e+05
   4.1237537e+05
   4.1255967e+05
   4.1275239e+05
   4.1298910e+05
   4.1316749e+05
   4.1329954e+05
   4.1354734e+05
   4.1374200e+05
   4.1393259e+05
   4.1432501e+05
   4.1446546e+05
   4.1460709e+05
   4.1474036e+05
   4.1492632e+05
   4.1517319e+05
   4.1536957e+05
   4.1553013e+05
   4.1582610e+05
   4.1598357e+05
   4.1614949e+05
   4.1635797e+05
   4.1655721e+05
   4.1669023e+05
   4.1687647e+05
   4.1701109e+05
   4.1720745e+05
   4.1739865e+05
   4.1768276e+05
   4.1784175e+05
   4.1829765e+05
   4.1845626e+05
   4.1881323e+05
   4.1895775e+05
   4.1910834e+05
   4.1928517e+05
   4.1944778e+05
   4.1963017e+05
   4.1977223e+05
   4.1992945e+05
   4.2129554e+05
   4.2335322e+05
   4.2449163e+05
   4.2527562e+05
   4.2618306e+05
   4.2646938e+05
   4.2734491e+05
   4.2773336e+05
   4.2806186e+05
   4.2872640e+05
   4.2908362e+05
   4.2984296e+05
   4.3010522e+05
   4.3152848e+05
   4.3252631e+05
   4.3371016e+05
   4.3537515e+05
   4.3581421e+05
   4.6014471e+05
   4.6045820e+05
   4.6140148e+05
   4.6171325e+05
   4.6218176e+05
   4.6234711e+05
   4.6314058e+05
   4.6333255e+05
   4.6353204e+05
   4.6400142e+05
   4.6418166e+05
   4.6485054e+05
   4.6511906e+05
   4.6542689e+05
   4.6572480e+05
   4.6608257e+05
   4.6644163e+05
   4.6684897e+05
   4.6739859e+05
   4.6987564e+05
   4.7001660e+05
   4.7022728e+05
   4.7040012e+05
   4.7213603e+05
   4.7256489e+05
   4.7300317e+05
   4.7322830e+05
   4.7352607e+05
   4.7383989e+05
   4.7484694e+05
   4.7499016e+05
   4.7513096e+05
   4.7552423e+05
   4.7572923e+05
   4.7598344e+05
   4.7614971e+05
   4.7637103e+05
   4.7679747e+05
   4.7696877e+05
   4.7712313e+05
   4.7729440e+05
   4.7747568e+05
   4.7771085e+05
   4.7792273e+05
   4.7818245e+05
   4.7830247e+05
   4.7843093e+05
   4.7869526e+05
   4.7883506e+05
   4.7899573e+05
   4.7920678e+05
   4.7936085e+05
   4.7956449e+05
   4.7974485e+05
   4.7997164e+05
   4.8029358e+05
   4.8147068e+05
   4.8294953e+05
   4.8325719e+05
   4.8348833e+05
   4.8422250e+05
   4.8472506e+05
   4.8506620e+05
   4.8565094e+05
   4.9255205e+05
   4.9292452e+05
   4.9338200e+05
   4.9388642e+05
   4.9444547e+05
   5.0753719e+05
   5.0806750e+05
   5.0867447e+05
   5.0968474e+05
   5.1018602e+05
   5.1210396e+05
   5.1318296e+05
   5.1373793e+05
   5.1414857e+05
   5.1463299e+05
   5.1511954e+05
   5.1871695e+05
   5.1953885e+05
   5.1987974e+05
   5.2049652e+05
   5.2077148e+05
   5.2099834e+05
   5.2139600e+05
   5.2159502e+05
   5.2217546e+05
   5.2236605e+05
   5.2305229e+05
   5.2380718e+05
   5.2464769e+05
   5.2486690e+05
   5.2526036e+05
   5.2557137e+05
   5.2584228e+05
   5.2762088e+05
   5.2789384e+05
   5.2813604e+05
   5.2835615e+05
   5.2867126e+05
   5.2885266e+05
   5.2920804e+05
   5.2941448e+05
   5.2965150e+05
   5.2985781e+05
   5.3017074e+05
   5.3042550e+05
   5.3079774e+05
   5.3109103e+05
   5.3134444e+05
   5.3158475e+05
   5.3180217e+05
   5.3232295e+05
   5.3267392e+05
   5.3316988e+05
   5.3357589e+05
   5.3387472e+05
   5.3438087e+05
   5.3453395e+05
   5.3480225e+05
   5.3502276e+05
   5.3518072e+05
   5.3533813e+05
   5.3563046e+05
   5.3603036e+05
   5.3620355e+05
   5.3646119e+05
   5.3682177e+05
   5.3703607e+05
   5.3740485e+05
   5.3760944e+05
   5.3782114e+05
   5.3823040e+05
   5.3844646e+05
   5.3870129e+05
   5.3889283e+05
   5.3923365e+05
   5.3942418e+05
   5.3976471e+05
   5.3997967e+05
   5.4040599e+05
   5.4079750e+05
   5.4111261e+05
   5.4204521e+05
   5.4244006e+05
   5.4286170e+05
   5.4324045e+05
   5.4390902e+05
   5.4713300e+05
   5.4773110e+05
   5.4799200e+05
   5.4895547e+05
   5.5476515e+05
   5.5512316e+05
   5.5555568e+05
   5.5594206e+05
   5.5646909e+05
   5.6585652e+05
   5.6624926e+05
   5.6640974e+05
   5.6719771e+05
   5.6788259e+05
   5.6814971e+05
   5.6845052e+05
   5.6922328e+05
   5.6971091e+05
   5.7016851e+05
   5.7140333e+05
   5.7184960e+05
   5.7230939e+05
   5.7361060e+05
   5.7398054e+05
   5.8026205e+05
   5.8175524e+05
   5.8244045e+05
   5.8270396e+05
   5.8294935e+05
   5.8342852e+05
   5.8975282e+05
   5.9021387e+05
   5.9045373e+05
   5.9088195e+05
   5.9127082e+05
   5.9232887e+05
   5.9266056e+05
   5.9293150e+05
   5.9317710e+05
   5.9629666e+05
   5.9854195e+05
   5.9893949e+05
   6.0025949e+05
   6.0051542e+05
   6.0583290e+05
   6.0635938e+05
   6.0693047e+05
   6.0756799e+05
   6.0778480e+05
   6.0837476e+05
   6.0878702e+05
   6.0903413e+05
   6.0925392e+05
   6.0956917e+05
   6.1053082e+05
   6.1122529e+05
   6.1186822e+05
   6.1241417e+05
   6.1303557e+05
   6.1433826e+05
   6.1535059e+05
   6.1573092e+05
   6.1601684e+05
   6.1640822e+05
   6.1690737e+05
   6.1743945e+05
   6.1808158e+05
   6.1831543e+05
   6.1875500e+05
   6.1909301e+05
   6.1956558e+05
   6.1977753e+05
   6.2019895e+05
   6.2062996e+05
   6.2093745e+05
   6.2136886e+05
   6.2232872e+05
   6.2273429e+05
   6.2425504e+05
   6.2484616e+05
   6.2568340e+05
   6.2668855e+05
   6.3275406e+05
   6.3314290e+05
   6.3348556e+05
   6.3485201e+05
   6.3683319e+05
   6.3719103e+05
   6.3960651e+05
   6.3992674e+05
   6.4130901e+05
   6.4154030e+05
   6.4185704e+05
   6.4360206e+05
   6.4452703e+05
   6.4493026e+05
   6.4557764e+05
   6.4585910e+05
   6.4651977e+05
   6.4991873e+05
   6.5026363e+05
   6.5053751e+05
   6.5085278e+05
   6.5118134e+05
   6.5146457e+05
   6.5188377e+05
   6.5267889e+05
   6.5383198e+05
   6.5443728e+05
   6.5466122e+05
   6.5486746e+05
   6.5508132e+05
   6.5545153e+05
   6.5568745e+05
   6.5702845e+05
   6.5733836e+05
   6.5884622e+05
   6.5932363e+05
   6.6000870e+05
   6.6167352e+05
   6.6219160e+05
   6.6383886e+05
   6.6414169e+05
   6.6467752e+05
   6.6511284e+05
   6.6539821e+05
   6.6588768e+05
   6.6656757e+05
   6.6722762e+05
   6.6816899e+05
   6.6846782e+05
   6.8124225e+05
   6.8174569e+05
   6.8213289e+05
   6.8256993e+05
   6.8628007e+05
   7.0028758e+05
   7.0069902e+05
   7.0109586e+05
   7.0233177e+05
   7.0259546e+05
   7.0651903e+05
   7.0701193e+05
   7.0729383e+05
   7.0919292e+05
   7.0942166e+05
   7.1167443e+05
   7.1434475e+05
   7.1769435e+05
   7.1825664e+05
   7.2126391e+05
   7.3267250e+05
   7.3320718e+05
   7.3728278e+05
   7.3812168e+05
   7.4023585e+05
   7.4048122e+05
   7.4083006e+05
   7.4182185e+05
   7.4227721e+05
   7.4269677e+05
   7.4284032e+05
   7.4403047e+05
   7.4451352e+05
   7.4493197e+05
   7.4516362e+05
   7.4558019e+05
   7.4662693e+05
   7.4679033e+05
   7.4701654e+05
   7.4743463e+05
   7.4818221e+05
   7.4841949e+05
   7.6028896e+05
   7.6099374e+05
   7.6284625e+05
   7.6299679e+05
   7.6318210e+05
   7.6358134e+05
   7.6474934e+05
   7.6604909e+05
   7.6665067e+05
   7.6798390e+05
   7.6823642e+05
   7.6853238e+05
   7.6898814e+05
   7.7537444e+05
   7.7557429e+05
   7.7750782e+05
   7.7810348e+05
   7.7900424e+05
   7.7937827e+05
   7.7955686e+05
   7.8038528e+05
   7.8080659e+05
   7.8107227e+05
   7.8458989e+05
   7.8507513e+05
   7.8560880e+05
   7.8575204e+05
   7.8690993e+05
   7.8724370e+05
   7.8747616e+05
   7.8765869e+05
   7.8789606e+05
   7.8831034e+05
   7.9654001e+05
   7.9705720e+05
   7.9740116e+05
   7.9770043e+05
   7.9787637e+05
   7.9834740e+05
   7.9902337e+05
   8.0009379e+05
   8.0047822e+05
   8.0075918e+05
   8.0100366e+05
   8.2019024e+05
   8.2037461e+05
   8.2061031e+05
   8.2076361e+05
   8.2096462e+05
   8.2114902e+05
   8.2139843e+05
   8.2156030e+05
   8.2185798e+05
   8.2249335e+05
   8.2274744e+05
   8.2292536e+05
   8.2328865e+05
   8.2347415e+05
   8.2358107e+05
   8.2378618e+05
   8.2399451e+05
   8.2646227e+05
   8.2676115e+05
   8.2688536e+05
   8.2766984e+05
   8.2796045e+05
   8.2809611e+05
   8.2820542e+05
   8.2861859e+05
   8.2882646e+05
   8.2896881e+05
   8.2954860e+05
   8.2969918e+05
   8.2985904e+05
   8.3011791e+05
   8.3022790e+05
   8.3041051e+05
   8.3055960e+05
   8.3072326e+05
   8.3093197e+05
   8.3105619e+05
   8.3123402e+05
   8.3138892e+05
   8.3158302e+05
   8.3179772e+05
   8.3211778e+05
   8.3225028e+05
   8.3248372e+05
   8.3344841e+05
   8.3367305e+05
   8.3551237e+05
   8.3565313e+05
   8.3583040e+05
   8.3604095e+05
   8.3627451e+05
   8.3638800e+05
   8.3652365e+05
   8.3666453e+05
   8.3686635e+05
   8.3722972e+05
   8.3745441e+05
   8.3763848e+05
   8.3782348e+05
   8.3813748e+05
   8.3834408e+05
   8.3849444e+05
   8.3871651e+05
   8.3886749e+05
   8.3897152e+05
   8.3963378e+05
   8.3983948e+05
   8.6659099e+05
   8.6792332e+05
   8.6827366e+05
   8.6923878e+05
   8.6977102e+05
   8.6995652e+05
   8.7043078e+05
   8.7082991e+05
   8.7108809e+05
   8.7145148e+05
   8.7205367e+05
   8.7242718e+05
   8.7335173e+05
   8.7469952e+05
   8.7517158e+05
   8.7662105e+05
   8.7698738e+05
   8.7726330e+05
   8.8019677e+05
   8.8036290e+05
   8.8101002e+05
   8.8120753e+05
   8.8135351e+05
   8.8168043e+05
   8.8184283e+05
   8.8199887e+05
   8.8220842e+05
   8.8236340e+05
   8.8247910e+05
   8.8262149e+05
   8.8276092e+05
   8.8288119e+05
   8.8353323e+05
   8.8365574e+05
   8.8380871e+05
   8.8400024e+05
   8.8423571e+05
   8.8450905e+05
   8.8475344e+05
   8.8500023e+05
   8.8512616e+05
   8.8536346e+05
   8.8558979e+05
   8.8575399e+05
   8.8594809e+05
   8.8618277e+05
   8.8634576e+05
   8.8651992e+05
   8.8667909e+05
   8.8686944e+05
   8.8711589e+05
   8.8726073e+05
   8.8735563e+05
   8.8754353e+05
   8.8778354e+05
   8.8789800e+05
   8.8807238e+05
   8.8857413e+05
   8.8875943e+05
   8.8889662e+05
   8.8901811e+05
   8.8917002e+05
   8.8939165e+05
   8.8953829e+05
   8.8964571e+05
   8.8976100e+05
   8.9001263e+05
   8.9020040e+05
   8.9050950e+05
   8.9065227e+05
   8.9084562e+05
   8.9108770e+05
   8.9120944e+05
   8.9139252e+05
   8.9172828e+05
   8.9187886e+05
   8.9216117e+05
   8.9236561e+05
   8.9251931e+05
   8.9273432e+05
   8.9283299e+05
   8.9307996e+05
   8.9323367e+05
   8.9345648e+05
   8.9366615e+05
   8.9379622e+05
   8.9398421e+05
   8.9431739e+05
   8.9453542e+05
   8.9469509e+05
   8.9489063e+05
   8.9516720e+05
   8.9527832e+05
   8.9538899e+05
   8.9548604e+05
   8.9568634e+05
   8.9602039e+05
   8.9641512e+05
   8.9670419e+05
   8.9691483e+05
   8.9742056e+05
   8.9755734e+05
   8.9769784e+05
   8.9792924e+05
   8.9808043e+05
   8.9823877e+05
   8.9838748e+05
   8.9851264e+05
   8.9869917e+05
   8.9880146e+05
   8.9895220e+05
   8.9917918e+05
   8.9943582e+05
   9.0021743e+05
   9.0083991e+05
   9.0120586e+05
   9.0897308e+05
   9.0918596e+05
   9.1041111e+05
   9.1072796e+05
   9.1103959e+05
   9.1230238e+05
   9.1257379e+05
   9.1331636e+05
   9.1362141e+05
   9.1445101e+05
   9.1461502e+05
   9.1606308e+05
   9.1655006e+05
   9.1677531e+05
   9.1693597e+05
   9.1712592e+05
   9.1778330e+05
   9.1851915e+05
   9.1914418e+05
   9.1936839e+05
   9.1990022e+05
   9.2010433e+05
   9.2035412e+05
   9.2115210e+05
   9.2132041e+05
   9.2158563e+05
   9.2184749e+05
   9.2289217e+05
   9.2355901e+05
   9.2488906e+05
   9.2513860e+05
   9.2560771e+05
   9.2626844e+05
   9.3599742e+05
   9.3630460e+05
   9.3687953e+05
   9.4028619e+05
   9.4046983e+05
   9.4079011e+05
   9.4093495e+05
   9.4103923e+05
   9.4126375e+05
   9.4137172e+05
   9.4149289e+05
   9.4164578e+05
   9.4180556e+05
   9.4198811e+05
   9.4217684e+05
   9.4234624e+05
   9.4248425e+05
   9.4269661e+05
   9.4285235e+05
   9.4302817e+05
   9.4318685e+05
   9.4407028e+05
   9.4421940e+05
   9.4433490e+05
   9.4447835e+05
   9.4515329e+05
   9.4522779e+05
   9.4537971e+05
   9.4553296e+05
   9.4605311e+05
   9.4619524e+05
   9.4657724e+05
   9.4683488e+05
   9.4691854e+05
   9.4719993e+05
   9.4752517e+05
   9.4774595e+05
   9.4797285e+05
   9.4813708e+05
   9.4827471e+05
   9.4838108e+05
   9.4860032e+05
   9.4870281e+05
   9.4882440e+05
   9.4896624e+05
   9.4910827e+05
   9.4932005e+05
   9.4962505e+05
   9.4984873e+05
   9.5006995e+05
   9.5019959e+05
   9.5035301e+05
   9.5056511e+05
   9.5075779e+05
   9.5101823e+05
   9.5119114e+05
   9.5136141e+05
   9.5146459e+05
   9.5165260e+05
   9.5188106e+05
   9.5202354e+05
   9.5217828e+05
   9.5249781e+05
   9.5287600e+05
   9.5313498e+05
   9.5324580e+05
   9.5337812e+05
   9.5377773e+05
   9.5393674e+05
   9.5416239e+05
   9.5427190e+05
   9.5527865e+05
   9.5538979e+05
   9.5552450e+05
   9.5569589e+05
   9.5591097e+05
   9.5601619e+05
   9.5613537e+05
   9.5624639e+05
   9.5636031e+05
   9.5647451e+05
   9.5669555e+05
   9.5698781e+05
   9.5715969e+05
   9.5728181e+05
   9.5742651e+05
   9.5753143e+05
   9.5768441e+05
   9.5780529e+05
   9.5794623e+05
   9.5844201e+05
   9.5870792e+05
   9.5897938e+05
   9.5907568e+05
   9.5919806e+05
   9.6065860e+05
   9.6086427e+05
   9.6177413e+05
   9.6211521e+05
   9.6306465e+05
   9.6321950e+05
   9.6416168e+05
   9.6467652e+05
   9.6502512e+05
   9.6532320e+05
   9.6558484e+05
   9.6590515e+05
   9.6999221e+05
   9.7563699e+05
   9.7591177e+05
   9.7682677e+05
   9.7775416e+05
   9.8048441e+05
   9.8069922e+05
   9.8125059e+05
   9.8171267e+05
   9.8203685e+05
   9.8431568e+05
   9.8522394e+05
   9.8567024e+05
   9.8587814e+05
   9.8675498e+05
   9.8732005e+05
   9.8869205e+05
   9.9239980e+05
   9.9268244e+05
   9.9515655e+05
   9.9534394e+05
   9.9715214e+05
   1.0002157e+06
   1.0005294e+06
   1.0006625e+06
   1.0007781e+06
   1.0009608e+06
   1.0010922e+06
   1.0012380e+06
   1.0013748e+06
   1.0015028e+06
   1.0018505e+06
   1.0020265e+06
   1.0021904e+06
   1.0024849e+06
   1.0026074e+06
   1.0027619e+06
   1.0028728e+06
   1.0030475e+06
   1.0032313e+06
   1.0035613e+06
   1.0037680e+06
   1.0038798e+06
   1.0041619e+06
   1.0042709e+06
   1.0044451e+06
   1.0046160e+06
   1.0048425e+06
   1.0051208e+06
   1.0052457e+06
   1.0054125e+06
   1.0055503e+06
   1.0058600e+06
   1.0061349e+06
   1.0062887e+06
   1.0064214e+06
   1.0065292e+06
   1.0067373e+06
   1.0069011e+06
   1.0072532e+06
   1.0075431e+06
   1.0077525e+06
   1.0078782e+06
   1.0080835e+06
   1.0082795e+06
   1.0083961e+06
   1.0085656e+06
   1.0087208e+06
   1.0088317e+06
   1.0090116e+06
   1.0091917e+06
   1.0094956e+06
   1.0098274e+06
   1.0100167e+06
   1.0102417e+06
   1.0105411e+06
   1.0107033e+06
   1.0108205e+06
   1.0110291e+06
   1.0111510e+06
   1.0113606e+06
   1.0115292e+06
   1.0117179e+06
   1.0121295e+06
   1.0122880e+06
   1.0125100e+06
   1.0126709e+06
   1.0127842e+06
   1.0129052e+06
   1.0130504e+06
   1.0132070e+06
   1.0134442e+06
   1.0135899e+06
   1.0137717e+06
   1.0139180e+06
   1.0141795e+06
   1.0202013e+06
   1.0213608e+06
   1.0215762e+06
   1.0220037e+06
   1.0232961e+06
   1.0237300e+06
   1.0239204e+06
   1.0241779e+06
   1.0248666e+06
   1.0251712e+06
   1.0316505e+06
   1.0320756e+06
   1.0325851e+06
   1.0332442e+06
   1.0334405e+06
   1.0369791e+06
   1.0378476e+06
   1.0382465e+06
   1.0411574e+06
   1.0415366e+06
   1.0417758e+06
   1.0424087e+06
   1.0485520e+06
   1.0488352e+06
   1.0499431e+06
   1.0503160e+06
   1.0507888e+06
   1.0511804e+06
   1.0522148e+06
   1.0527627e+06
   1.0531410e+06
   1.0534438e+06
   1.0536936e+06
   1.0539136e+06
   1.0554874e+06
   1.0558481e+06
   1.0566384e+06
   1.0574409e+06
   1.0577200e+06
   1.0579461e+06
   1.0581036e+06
   1.0586566e+06
   1.0601853e+06
   1.0603121e+06
   1.0604777e+06
   1.0605915e+06
   1.0607212e+06
   1.0609026e+06
   1.0610241e+06
   1.0611167e+06
   1.0612784e+06
   1.0613583e+06
   1.0614872e+06
   1.0616222e+06
   1.0618146e+06
   1.0620409e+06
   1.0622090e+06
   1.0623160e+06
   1.0624176e+06
   1.0627436e+06
   1.0629574e+06
   1.0630963e+06
   1.0632658e+06
   1.0633872e+06
   1.0636334e+06
   1.0638324e+06
   1.0639175e+06
   1.0639995e+06
   1.0641514e+06
   1.0642982e+06
   1.0644120e+06
   1.0645522e+06
   1.0646646e+06
   1.0648212e+06
   1.0649324e+06
   1.0650333e+06
   1.0651509e+06
   1.0652762e+06
   1.0653963e+06
   1.0655871e+06
   1.0658036e+06
   1.0658979e+06
   1.0660016e+06
   1.0662052e+06
   1.0663233e+06
   1.0664848e+06
   1.0665783e+06
   1.0666880e+06
   1.0668486e+06
   1.0671230e+06
   1.0673043e+06
   1.0677128e+06
   1.0678748e+06
   1.0680928e+06
   1.0682676e+06
   1.0684005e+06
   1.0685011e+06
   1.0686320e+06
   1.0687654e+06
   1.0688718e+06
   1.0690655e+06
   1.0692185e+06
   1.0694488e+06
   1.0695813e+06
   1.0697192e+06
   1.0698344e+06
   1.0699394e+06
   1.0700556e+06
   1.0702001e+06
   1.0703826e+06
   1.0705306e+06
   1.0707130e+06
   1.0708135e+06
   1.0710251e+06
   1.0712110e+06
   1.0714049e+06
   1.0716263e+06
   1.0717939e+06
   1.0719344e+06
   1.0720735e+06
   1.0722852e+06
   1.0725985e+06
   1.0727344e+06
   1.0728684e+06
   1.0730856e+06
   1.0732183e+06
   1.0733621e+06
   1.0735117e+06
   1.0736672e+06
   1.0737680e+06
   1.0739435e+06
   1.0741839e+06
   1.0743354e+06
   1.0745760e+06
   1.0747161e+06
   1.0748864e+06
   1.0754201e+06
   1.0756100e+06
   1.0757553e+06
   1.0758598e+06
   1.0760391e+06
   1.0761725e+06
   1.0762902e+06
   1.0764901e+06
   1.0770622e+06
   1.0771701e+06
   1.0773981e+06
   1.0775330e+06
   1.0781169e+06
   1.0782189e+06
   1.0783377e+06
   1.0785604e+06
   1.0787063e+06
   1.0788232e+06
   1.0790145e+06
   1.0792401e+06
   1.0794342e+06
   1.0795493e+06
   1.0797994e+06
   1.0808673e+06
   1.0813910e+06
   1.0821405e+06
   1.0822970e+06
   1.0828051e+06
   1.0831221e+06
   1.0837282e+06
   1.0844734e+06
   1.0846297e+06
   1.0855898e+06
   1.0866148e+06
   1.0873892e+06
   1.0875644e+06
   1.0878602e+06
   1.0881060e+06
   1.0896052e+06
   1.0901649e+06
   1.0903608e+06
   1.0911818e+06
   1.0976772e+06
   1.0980425e+06
   1.0986722e+06
   1.1004739e+06
   1.1009360e+06
   1.1011475e+06
   1.1014632e+06
   1.1019757e+06
   1.1037186e+06
   1.1043830e+06
   1.1046887e+06
   1.1059714e+06
   1.1061720e+06
   1.1133607e+06
   1.1155132e+06
   1.1162194e+06
   1.1166017e+06
   1.1173137e+06
   1.1177397e+06
   1.1186390e+06
   1.1188366e+06
   1.1190142e+06
   1.1192434e+06
   1.1201081e+06
   1.1203015e+06
   1.1205052e+06
   1.1206362e+06
   1.1207430e+06
   1.1208384e+06
   1.1209757e+06
   1.1210888e+06
   1.1212710e+06
   1.1214270e+06
   1.1215286e+06
   1.1216563e+06
   1.1219180e+06
   1.1220073e+06
   1.1221307e+06
   1.1222551e+06
   1.1226737e+06
   1.1228013e+06
   1.1228892e+06
   1.1229760e+06
   1.1231400e+06
   1.1232384e+06
   1.1233907e+06
   1.1235201e+06
   1.1236694e+06
   1.1237862e+06
   1.1239620e+06
   1.1241842e+06
   1.1243072e+06
   1.1245127e+06
   1.1246236e+06
   1.1248190e+06
   1.1249456e+06
   1.1250729e+06
   1.1252021e+06
   1.1253562e+06
   1.1254615e+06
   1.1256211e+06
   1.1257510e+06
   1.1258615e+06
   1.1260033e+06
   1.1261961e+06
   1.1264208e+06
   1.1265565e+06
   1.1266441e+06
   1.1268090e+06
   1.1269496e+06
   1.1272038e+06
   1.1273218e+06
   1.1275178e+06
   1.1276562e+06
   1.1278003e+06
   1.1279063e+06
   1.1280804e+06
   1.1282251e+06
   1.1283602e+06
   1.1285411e+06
   1.1286554e+06
   1.1288011e+06
   1.1289328e+06
   1.1291622e+06
   1.1293376e+06
   1.1295030e+06
   1.1297102e+06
   1.1298400e+06
   1.1300625e+06
   1.1302707e+06
   1.1304119e+06
   1.1306556e+06
   1.1308007e+06
   1.1309469e+06
   1.1310546e+06
   1.1312290e+06
   1.1313704e+06
   1.1314742e+06
   1.1316023e+06
   1.1317303e+06
   1.1318312e+06
   1.1319426e+06
   1.1321159e+06
   1.1322250e+06
   1.1323488e+06
   1.1325113e+06
   1.1326246e+06
   1.1327530e+06
   1.1328848e+06
   1.1330233e+06
   1.1331790e+06
   1.1333066e+06
   1.1335055e+06
   1.1337395e+06
   1.1338462e+06
   1.1339394e+06
   1.1341660e+06
   1.1343226e+06
   1.1344827e+06
   1.1346300e+06
   1.1347935e+06
   1.1349146e+06
   1.1350891e+06
   1.1352219e+06
   1.1353641e+06
   1.1354810e+06
   1.1356041e+06
   1.1357877e+06
   1.1358981e+06
   1.1361755e+06
   1.1362949e+06
   1.1365403e+06
   1.1366379e+06
   1.1367505e+06
   1.1368822e+06
   1.1370191e+06
   1.1373316e+06
   1.1374687e+06
   1.1375657e+06
   1.1376639e+06
   1.1378660e+06
   1.1380602e+06
   1.1382177e+06
   1.1383746e+06
   1.1385019e+06
   1.1386926e+06
   1.1389503e+06
   1.1390832e+06
   1.1392528e+06
   1.1393873e+06
   1.1395811e+06
   1.1397545e+06
   1.1398656e+06
   1.1404958e+06
   1.1417105e+06
   1.1419836e+06
   1.1491221e+06
   1.1495938e+06
   1.1501246e+06
   1.1520774e+06
   1.1532838e+06
   1.1538083e+06
   1.1540518e+06
   1.1551408e+06
   1.1555441e+06
   1.1561650e+06
   1.1564584e+06
   1.1567163e+06
   1.1587515e+06
   1.1591909e+06
   1.1595922e+06
   1.1598797e+06
   1.1602816e+06
   1.1660864e+06
   1.1668565e+06
   1.1673156e+06
   1.1677409e+06
   1.1679738e+06
   1.1683043e+06
   1.1685715e+06
   1.1688091e+06
   1.1694076e+06
   1.1696502e+06
   1.1699451e+06
   1.1703182e+06
   1.1704790e+06
   1.1709294e+06
   1.1712098e+06
   1.1714520e+06
   1.1786774e+06
   1.1788451e+06
   1.1790567e+06
   1.1799528e+06
   1.1801074e+06
   1.1802404e+06
   1.1803330e+06
   1.1804618e+06
   1.1806068e+06
   1.1807369e+06
   1.1808344e+06
   1.1809575e+06
   1.1811401e+06
   1.1812662e+06
   1.1814067e+06
   1.1816059e+06
   1.1817180e+06
   1.1819056e+06
   1.1820047e+06
   1.1821717e+06
   1.1823772e+06
   1.1825216e+06
   1.1826059e+06
   1.1827283e+06
   1.1828432e+06
   1.1829494e+06
   1.1830742e+06
   1.1832474e+06
   1.1834026e+06
   1.1834936e+06
   1.1836625e+06
   1.1837745e+06
   1.1839390e+06
   1.1842011e+06
   1.1844488e+06
   1.1846024e+06
   1.1847058e+06
   1.1848337e+06
   1.1849570e+06
   1.1850471e+06
   1.1851367e+06
   1.1853524e+06
   1.1854938e+06
   1.1856449e+06
   1.1857608e+06
   1.1858738e+06
   1.1860134e+06
   1.1861322e+06
   1.1862302e+06
   1.1863942e+06
   1.1865591e+06
   1.1867303e+06
   1.1868545e+06
   1.1871830e+06
   1.1873453e+06
   1.1875499e+06
   1.1877446e+06
   1.1878434e+06
   1.1880140e+06
   1.1881853e+06
   1.1882898e+06
   1.1884463e+06
   1.1886561e+06
   1.1887693e+06
   1.1889005e+06
   1.1890042e+06
   1.1891608e+06
   1.1893245e+06
   1.1894850e+06
   1.1896011e+06
   1.1897299e+06
   1.1898624e+06
   1.1899881e+06
   1.1901143e+06
   1.1903614e+06
   1.1904893e+06
   1.1906029e+06
   1.1907232e+06
   1.1908231e+06
   1.1909318e+06
   1.1910816e+06
   1.1912035e+06
   1.1912966e+06
   1.1913927e+06
   1.1916317e+06
   1.1917500e+06
   1.1918845e+06
   1.1920687e+06
   1.1922204e+06
   1.1923605e+06
   1.1925794e+06
   1.1926981e+06
   1.1928539e+06
   1.1929756e+06
   1.1931569e+06
   1.1934581e+06
   1.1935677e+06
   1.1936846e+06
   1.1938739e+06
   1.1941920e+06
   1.1943802e+06
   1.1944789e+06
   1.1947733e+06
   1.1949665e+06
   1.1951024e+06
   1.1952760e+06
   1.1954280e+06
   1.1955192e+06
   1.1956839e+06
   1.1957944e+06
   1.1959742e+06
   1.1961458e+06
   1.1962568e+06
   1.1963818e+06
   1.1965693e+06
   1.1966867e+06
   1.1967933e+06
   1.1969228e+06
   1.1971847e+06
   1.1972801e+06
   1.1974882e+06
   1.1976462e+06
   1.1977802e+06
   1.1979915e+06
   1.1981030e+06
   1.1982152e+06
   1.1983772e+06
   1.1985212e+06
   1.1986456e+06
   1.1987509e+06
   1.1989098e+06
   1.1990482e+06
   1.1991506e+06
   1.1992358e+06
   1.1993850e+06
   1.1995426e+06
   1.1998000e+06
   1.1999995e+06
   1.2013063e+06
   1.2015560e+06
   1.2020366e+06
   1.2024294e+06
   1.2032617e+06
   1.2044586e+06
   1.2052922e+06
   1.2058244e+06
   1.2061901e+06
   1.2114456e+06
   1.2116110e+06
   1.2120207e+06
   1.2136573e+06
   1.2138590e+06
   1.2140420e+06
   1.2145073e+06
   1.2401869e+06
   1.2402890e+06
   1.2403992e+06
   1.2405077e+06
   1.2406580e+06
   1.2407634e+06
   1.2408985e+06
   1.2409962e+06
   1.2410891e+06
   1.2412034e+06
   1.2413438e+06
   1.2414471e+06
   1.2416040e+06
   1.2417215e+06
   1.2418389e+06
   1.2420252e+06
   1.2422035e+06
   1.2423058e+06
   1.2424492e+06
   1.2425733e+06
   1.2426851e+06
   1.2429283e+06
   1.2430131e+06
   1.2431509e+06
   1.2435634e+06
   1.2436741e+06
   1.2437982e+06
   1.2439497e+06
   1.2440918e+06
   1.2441754e+06
   1.2442621e+06
   1.2443993e+06
   1.2444807e+06
   1.2446536e+06
   1.2447750e+06
   1.2448676e+06
   1.2449529e+06
   1.2450466e+06
   1.2451647e+06
   1.2453099e+06
   1.2456248e+06
   1.2458618e+06
   1.2459759e+06
   1.2461100e+06
   1.2462503e+06
   1.2463557e+06
   1.2464960e+06
   1.2466779e+06
   1.2467905e+06
   1.2469049e+06
   1.2471412e+06
   1.2473040e+06
   1.2474318e+06
   1.2476838e+06
   1.2478108e+06
   1.2478917e+06
   1.2480043e+06
   1.2481261e+06
   1.2482369e+06
   1.2483705e+06
   1.2485175e+06
   1.2486482e+06
   1.2487517e+06
   1.2488596e+06
   1.2489511e+06
   1.2490521e+06
   1.2491434e+06
   1.2492453e+06
   1.2493326e+06
   1.2494136e+06
   1.2495535e+06
   1.2496840e+06
   1.2497967e+06
   1.2498885e+06
   1.2500191e+06
   1.2501095e+06
   1.2502696e+06
   1.2504167e+06
   1.2505369e+06
   1.2506684e+06
   1.2508457e+06
   1.2510295e+06
   1.2511872e+06
   1.2515355e+06
   1.2517302e+06
   1.2518342e+06
   1.2519189e+06
   1.2520056e+06
   1.2521563e+06
   1.2523287e+06
   1.2524394e+06
   1.2525878e+06
   1.2527389e+06
   1.2528549e+06
   1.2530306e+06
   1.2531420e+06
   1.2532592e+06
   1.2533961e+06
   1.2535353e+06
   1.2536405e+06
   1.2537835e+06
   1.2538773e+06
   1.2541169e+06
   1.2542273e+06
   1.2543281e+06
   1.2544735e+06
   1.2545968e+06
   1.2546771e+06
   1.2548494e+06
   1.2550207e+06
   1.2551342e+06
   1.2553707e+06
   1.2554479e+06
   1.2555321e+06
   1.2556759e+06
   1.2557646e+06
   1.2558827e+06
   1.2559907e+06
   1.2561469e+06
   1.2563304e+06
   1.2564054e+06
   1.2565674e+06
   1.2567559e+06
   1.2568825e+06
   1.2573203e+06
   1.2575031e+06
   1.2576782e+06
   1.2578460e+06
   1.2580176e+06
   1.2581112e+06
   1.2582409e+06
   1.2583199e+06
   1.2584463e+06
   1.2585781e+06
   1.2586995e+06
   1.2588334e+06
   1.2590381e+06
   1.2591245e+06
   1.2592829e+06
   1.2593786e+06
   1.2594783e+06
   1.2596082e+06
   1.2597109e+06
   1.2597968e+06
   1.2599453e+06
   1.2602341e+06
   1.2605002e+06
   1.2607373e+06
   1.2609437e+06
   1.2652242e+06
   1.2654043e+06
   1.2656985e+06
   1.2666611e+06
   1.2671286e+06
   1.2746836e+06
   1.2752015e+06
   1.2799707e+06
   1.2802710e+06
   1.2808378e+06
   1.2880042e+06
   1.2883138e+06
   1.2884937e+06
   1.2891509e+06
   1.2893345e+06
   1.2903761e+06
   1.2910766e+06
   1.2913834e+06
   1.2923188e+06
   1.2930336e+06
   1.2933305e+06
   1.2935305e+06
   1.2942479e+06
   1.2955763e+06
   1.2959410e+06
   1.2974010e+06
   1.2978850e+06
   1.3001245e+06
   1.3002041e+06
   1.3003283e+06
   1.3004316e+06
   1.3006033e+06
   1.3007394e+06
   1.3008470e+06
   1.3009502e+06
   1.3010233e+06
   1.3011300e+06
   1.3012221e+06
   1.3013531e+06
   1.3014250e+06
   1.3015232e+06
   1.3017473e+06
   1.3018729e+06
   1.3019666e+06
   1.3020672e+06
   1.3021694e+06
   1.3023129e+06
   1.3024385e+06
   1.3025543e+06
   1.3026938e+06
   1.3028362e+06
   1.3031527e+06
   1.3032807e+06
   1.3033582e+06
   1.3035334e+06
   1.3036538e+06
   1.3037611e+06
   1.3038760e+06
   1.3040117e+06
   1.3041562e+06
   1.3042889e+06
   1.3044019e+06
   1.3044934e+06
   1.3046160e+06
   1.3047241e+06
   1.3048441e+06
   1.3049260e+06
   1.3050383e+06
   1.3051875e+06
   1.3053109e+06
   1.3054060e+06
   1.3055422e+06
   1.3056758e+06
   1.3058277e+06
   1.3059213e+06
   1.3060271e+06
   1.3062466e+06
   1.3063293e+06
   1.3064508e+06
   1.3066234e+06
   1.3067743e+06
   1.3068783e+06
   1.3069718e+06
   1.3071978e+06
   1.3072977e+06
   1.3076033e+06
   1.3078232e+06
   1.3080126e+06
   1.3081012e+06
   1.3082072e+06
   1.3083158e+06
   1.3084268e+06
   1.3085218e+06
   1.3086336e+06
   1.3087396e+06
   1.3088654e+06
   1.3089900e+06
   1.3091052e+06
   1.3092231e+06
   1.3093501e+06
   1.3094678e+06
   1.3095646e+06
   1.3096554e+06
   1.3097921e+06
   1.3099623e+06
   1.3101310e+06
   1.3102287e+06
   1.3103253e+06
   1.3104452e+06
   1.3105550e+06
   1.3106694e+06
   1.3108202e+06
   1.3109172e+06
   1.3110367e+06
   1.3112461e+06
   1.3113346e+06
   1.3114548e+06
   1.3115589e+06
   1.3116785e+06
   1.3117607e+06
   1.3119428e+06
   1.3120686e+06
   1.3123428e+06
   1.3124317e+06
   1.3125339e+06
   1.3126235e+06
   1.3127518e+06
   1.3128411e+06
   1.3130400e+06
   1.3131889e+06
   1.3133283e+06
   1.3135112e+06
   1.3136278e+06
   1.3137304e+06
   1.3138104e+06
   1.3139100e+06
   1.3139864e+06
   1.3142037e+06
   1.3143114e+06
   1.3168587e+06
   1.3170155e+06
   1.3171978e+06
   1.3173301e+06
   1.3174252e+06
   1.3175480e+06
   1.3176902e+06
   1.3177865e+06
   1.3178842e+06
   1.3179982e+06
   1.3181162e+06
   1.3182765e+06
   1.3183642e+06
   1.3184690e+06
   1.3185717e+06
   1.3187001e+06
   1.3189027e+06
   1.3190154e+06
   1.3191422e+06
   1.3192373e+06
   1.3194645e+06
   1.3195821e+06
   1.3196972e+06
   1.3198836e+06
   1.3210349e+06
   1.3213149e+06
   1.3217593e+06
   1.3225728e+06
   1.3228165e+06
   1.3233514e+06
   1.3234925e+06
   1.3241313e+06
   1.3244374e+06
   1.3251581e+06
   1.3254829e+06
   1.3264662e+06
   1.3277418e+06
   1.3483252e+06
   1.3485971e+06
   1.3495800e+06
   1.3500946e+06
   1.3507111e+06
   1.3513010e+06
   1.3515567e+06
   1.3518382e+06
   1.3528905e+06
   1.3531524e+06
   1.3541900e+06
   1.3544111e+06
   1.3572138e+06
   1.3600857e+06
   1.3602068e+06
   1.3603157e+06
   1.3604360e+06
   1.3605650e+06
   1.3606455e+06
   1.3607419e+06
   1.3608699e+06
   1.3609567e+06
   1.3610677e+06
   1.3612323e+06
   1.3613013e+06
   1.3613783e+06
   1.3614940e+06
   1.3616223e+06
   1.3617461e+06
   1.3618251e+06
   1.3619307e+06
   1.3620240e+06
   1.3621879e+06
   1.3622755e+06
   1.3623720e+06
   1.3625190e+06
   1.3626184e+06
   1.3627101e+06
   1.3628498e+06
   1.3629405e+06
   1.3630346e+06
   1.3631478e+06
   1.3632828e+06
   1.3633725e+06
   1.3634578e+06
   1.3635403e+06
   1.3636553e+06
   1.3638899e+06
   1.3639892e+06
   1.3640776e+06
   1.3642197e+06
   1.3643545e+06
   1.3644583e+06
   1.3645875e+06
   1.3646855e+06
   1.3648843e+06
   1.3650278e+06
   1.3651450e+06
   1.3652589e+06
   1.3653888e+06
   1.3655338e+06
   1.3656221e+06
   1.3657475e+06
   1.3658748e+06
   1.3660036e+06
   1.3661121e+06
   1.3662141e+06
   1.3663437e+06
   1.3664466e+06
   1.3665378e+06
   1.3666332e+06
   1.3667531e+06
   1.3668725e+06
   1.3669631e+06
   1.3671901e+06
   1.3673094e+06
   1.3673969e+06
   1.3675060e+06
   1.3675872e+06
   1.3677039e+06
   1.3678540e+06
   1.3679335e+06
   1.3680550e+06
   1.3681446e+06
   1.3682542e+06
   1.3683997e+06
   1.3685739e+06
   1.3687185e+06
   1.3688503e+06
   1.3691135e+06
   1.3692536e+06
   1.3694178e+06
   1.3695404e+06
   1.3696829e+06
   1.3697848e+06
   1.3699043e+06
   1.3700301e+06
   1.3701267e+06
   1.3702211e+06
   1.3703577e+06
   1.3704491e+06
   1.3706028e+06
   1.3708004e+06
   1.3709071e+06
   1.3710359e+06
   1.3711319e+06
   1.3712373e+06
   1.3714869e+06
   1.3715880e+06
   1.3717106e+06
   1.3718293e+06
   1.3719844e+06
   1.3720859e+06
   1.3722166e+06
   1.3723494e+06
   1.3724563e+06
   1.3725742e+06
   1.3727024e+06
   1.3728221e+06
   1.3729724e+06
   1.3730967e+06
   1.3732110e+06
   1.3733467e+06
   1.3734368e+06
   1.3735367e+06
   1.3736994e+06
   1.3738530e+06
   1.3739651e+06
   1.3742270e+06
   1.3744156e+06
   1.3745785e+06
   1.3747044e+06
   1.3749014e+06
   1.3750294e+06
   1.3752292e+06
   1.3754010e+06
   1.3755268e+06
   1.3756618e+06
   1.3757553e+06
   1.3758714e+06
   1.3759972e+06
   1.3761126e+06
   1.3762712e+06
   1.3763669e+06
   1.3764937e+06
   1.3765967e+06
   1.3767175e+06
   1.3768055e+06
   1.3769936e+06
   1.3770875e+06
   1.3771648e+06
   1.3772889e+06
   1.3774105e+06
   1.3775731e+06
   1.3776617e+06
   1.3777694e+06
   1.3778552e+06
   1.3779674e+06
   1.3780778e+06
   1.3782009e+06
   1.3782968e+06
   1.3784675e+06
   1.3785846e+06
   1.3787039e+06
   1.3788779e+06
   1.3789787e+06
   1.3792293e+06
   1.3793785e+06
   1.3795564e+06
   1.3797243e+06
   1.3798439e+06
   1.3810492e+06
   1.3812104e+06
   1.3820956e+06
   1.3829289e+06
   1.3832504e+06
   1.3836434e+06
   1.3838179e+06
   1.3859341e+06
   1.3865688e+06
   1.3932616e+06
   1.3937615e+06
   1.3945868e+06
   1.3951436e+06
   1.3956859e+06
   1.3959932e+06
   1.3982393e+06
   1.3989392e+06
   1.3999872e+06
   1.4003866e+06
   1.4009737e+06
   1.4016293e+06
   1.4020524e+06
   1.4022931e+06
   1.4027124e+06
   1.4032899e+06
   1.4046996e+06
   1.4062195e+06
   1.4072015e+06
   1.4075529e+06
   1.4201243e+06
   1.4202914e+06
   1.4203979e+06
   1.4204880e+06
   1.4206192e+06
   1.4207091e+06
   1.4208238e+06
   1.4209308e+06
   1.4210564e+06
   1.4211574e+06
   1.4212379e+06
   1.4213345e+06
   1.4214409e+06
   1.4215717e+06
   1.4216662e+06
   1.4217636e+06
   1.4218766e+06
   1.4219697e+06
   1.4220724e+06
   1.4221380e+06
   1.4222645e+06
   1.4223711e+06
   1.4224707e+06
   1.4225997e+06
   1.4226964e+06
   1.4227807e+06
   1.4228583e+06
   1.4229451e+06
   1.4230798e+06
   1.4231871e+06
   1.4232757e+06
   1.4233654e+06
   1.4234680e+06
   1.4235439e+06
   1.4236685e+06
   1.4237650e+06
   1.4238556e+06
   1.4239694e+06
   1.4240844e+06
   1.4241765e+06
   1.4242759e+06
   1.4244056e+06
   1.4245163e+06
   1.4246072e+06
   1.4247024e+06
   1.4247982e+06
   1.4248794e+06
   1.4250274e+06
   1.4251315e+06
   1.4252450e+06
   1.4253417e+06
   1.4254772e+06
   1.4257372e+06
   1.4258331e+06
   1.4259259e+06
   1.4260067e+06
   1.4261764e+06
   1.4262672e+06
   1.4263579e+06
   1.4264441e+06
   1.4265569e+06
   1.4266602e+06
   1.4267421e+06
   1.4268662e+06
   1.4269651e+06
   1.4272293e+06
   1.4273350e+06
   1.4274747e+06
   1.4275746e+06
   1.4278279e+06
   1.4279243e+06
   1.4280450e+06
   1.4281620e+06
   1.4283110e+06
   1.4284370e+06
   1.4285630e+06
   1.4286652e+06
   1.4287520e+06
   1.4289093e+06
   1.4290167e+06
   1.4291283e+06
   1.4292490e+06
   1.4293670e+06
   1.4294768e+06
   1.4296056e+06
   1.4297460e+06
   1.4298386e+06
   1.4299705e+06
   1.4300750e+06
   1.4302083e+06
   1.4302869e+06
   1.4304080e+06
   1.4305027e+06
   1.4305857e+06
   1.4306953e+06
   1.4307782e+06
   1.4309330e+06
   1.4310887e+06
   1.4311925e+06
   1.4312903e+06
   1.4313936e+06
   1.4314960e+06
   1.4316188e+06
   1.4317560e+06
   1.4318499e+06
   1.4319475e+06
   1.4321006e+06
   1.4322256e+06
   1.4323123e+06
   1.4323988e+06
   1.4325205e+06
   1.4326427e+06
   1.4327552e+06
   1.4328477e+06
   1.4329438e+06
   1.4330230e+06
   1.4331527e+06
   1.4332562e+06
   1.4333897e+06
   1.4336172e+06
   1.4338257e+06
   1.4339589e+06
   1.4341806e+06
   1.4343129e+06
   1.4344144e+06
   1.4346256e+06
   1.4347574e+06
   1.4348545e+06
   1.4349982e+06
   1.4351667e+06
   1.4352637e+06
   1.4353804e+06
   1.4355134e+06
   1.4356734e+06
   1.4357827e+06
   1.4358947e+06
   1.4360015e+06
   1.4361626e+06
   1.4362530e+06
   1.4363512e+06
   1.4365466e+06
   1.4366646e+06
   1.4368003e+06
   1.4368870e+06
   1.4370007e+06
   1.4371071e+06
   1.4372099e+06
   1.4373054e+06
   1.4374814e+06
   1.4376910e+06
   1.4377989e+06
   1.4378951e+06
   1.4379984e+06
   1.4381028e+06
   1.4382358e+06
   1.4383474e+06
   1.4384260e+06
   1.4385356e+06
   1.4387137e+06
   1.4389824e+06
   1.4392123e+06
   1.4393117e+06
   1.4393999e+06
   1.4395372e+06
   1.4396958e+06
   1.4398018e+06
   1.4399196e+06
   1.4402939e+06
   1.4408908e+06
   1.4413099e+06
   1.4416267e+06
   1.4418698e+06
   1.4425639e+06
   1.4426847e+06
   1.4431507e+06
   1.4433619e+06
   1.4489081e+06
   1.4492123e+06
   1.4499059e+06
   1.4503527e+06
   1.4507133e+06
   1.4510328e+06
   1.4513471e+06
   1.4518916e+06
   1.4522147e+06
   1.4524752e+06
   1.4527470e+06
   1.4537164e+06
   1.4548330e+06
   1.4552982e+06
   1.4555686e+06
   1.4561330e+06
   1.4564229e+06
   1.4566740e+06
   1.4569469e+06
   1.4574352e+06
   1.4576391e+06
   1.4579521e+06
   1.4583895e+06
   1.4586848e+06
   1.4599297e+06
   1.4604928e+06
   1.4606681e+06
   1.4609743e+06
   1.4612246e+06
   1.4614868e+06
   1.4638806e+06
   1.4641665e+06
   1.4645471e+06
   1.4651612e+06
   1.4655212e+06
   1.4658749e+06
   1.4661770e+06
   1.4666700e+06
   1.4675574e+06
   1.4677464e+06
   1.4698994e+06
   1.4701979e+06
   1.4705707e+06
   1.4708124e+06
   1.4713630e+06
   1.4715426e+06
   1.4724283e+06
   1.4726961e+06
   1.4729103e+06
   1.4749220e+06
   1.4766408e+06
   1.4791840e+06
   1.4801023e+06
   1.4802214e+06
   1.4803165e+06
   1.4804162e+06
   1.4805727e+06
   1.4806757e+06
   1.4807651e+06
   1.4808626e+06
   1.4809563e+06
   1.4810308e+06
   1.4810995e+06
   1.4811894e+06
   1.4812801e+06
   1.4813635e+06
   1.4814911e+06
   1.4815867e+06
   1.4816855e+06
   1.4818039e+06
   1.4819025e+06
   1.4820088e+06
   1.4821142e+06
   1.4822084e+06
   1.4823230e+06
   1.4824371e+06
   1.4825354e+06
   1.4826435e+06
   1.4827221e+06
   1.4828270e+06
   1.4829660e+06
   1.4830555e+06
   1.4831420e+06
   1.4832386e+06
   1.4833301e+06
   1.4834153e+06
   1.4834926e+06
   1.4835761e+06
   1.4836548e+06
   1.4837454e+06
   1.4838315e+06
   1.4839786e+06
   1.4840679e+06
   1.4841600e+06
   1.4842698e+06
   1.4843834e+06
   1.4844618e+06
   1.4845551e+06
   1.4846321e+06
   1.4847219e+06
   1.4848556e+06
   1.4849678e+06
   1.4850597e+06
   1.4851445e+06
   1.4852237e+06
   1.4853272e+06
   1.4854427e+06
   1.4855414e+06
   1.4856166e+06
   1.4857128e+06
   1.4857885e+06
   1.4858631e+06
   1.4859718e+06
   1.4860815e+06
   1.4861921e+06
   1.4862746e+06
   1.4863641e+06
   1.4864998e+06
   1.4866563e+06
   1.4867653e+06
   1.4868422e+06
   1.4869285e+06
   1.4871257e+06
   1.4872141e+06
   1.4873422e+06
   1.4874291e+06
   1.4875260e+06
   1.4876382e+06
   1.4877370e+06
   1.4878358e+06
   1.4879250e+06
   1.4879858e+06
   1.4882104e+06
   1.4882958e+06
   1.4883809e+06
   1.4884656e+06
   1.4885462e+06
   1.4887098e+06
   1.4888772e+06
   1.4889682e+06
   1.4891097e+06
   1.4892197e+06
   1.4893199e+06
   1.4894339e+06
   1.4895320e+06
   1.4896267e+06
   1.4897188e+06
   1.4898369e+06
   1.4899516e+06
   1.4900501e+06
   1.4901947e+06
   1.4902868e+06
   1.4903695e+06
   1.4904817e+06
   1.4905642e+06
   1.4906660e+06
   1.4907829e+06
   1.4909017e+06
   1.4910662e+06
   1.4911656e+06
   1.4912653e+06
   1.4913871e+06
   1.4914860e+06
   1.4916278e+06
   1.4917313e+06
   1.4918315e+06
   1.4919540e+06
   1.4920609e+06
   1.4921759e+06
   1.4923021e+06
   1.4924164e+06
   1.4925241e+06
   1.4926543e+06
   1.4927222e+06
   1.4928232e+06
   1.4929206e+06
   1.4930166e+06
   1.4931308e+06
   1.4932914e+06
   1.4933962e+06
   1.4935233e+06
   1.4936427e+06
   1.4937201e+06
   1.4938427e+06
   1.4939378e+06
   1.4941216e+06
   1.4942219e+06
   1.4942968e+06
   1.4943911e+06
   1.4944912e+06
   1.4945954e+06
   1.4946885e+06
   1.4948093e+06
   1.4949159e+06
   1.4950198e+06
   1.4951225e+06
   1.4952442e+06
   1.4953544e+06
   1.4954327e+06
   1.4955619e+06
   1.4956729e+06
   1.4957509e+06
   1.4958577e+06
   1.4959470e+06
   1.4960753e+06
   1.4962010e+06
   1.4962878e+06
   1.4963977e+06
   1.4965057e+06
   1.4965981e+06
   1.4966924e+06
   1.4968892e+06
   1.4969791e+06
   1.4970820e+06
   1.4971731e+06
   1.4972904e+06
   1.4974034e+06
   1.4975766e+06
   1.4976593e+06
   1.4977476e+06
   1.4978249e+06
   1.4979171e+06
   1.4979933e+06
   1.4980979e+06
   1.4981910e+06
   1.4982818e+06
   1.4983604e+06
   1.4984483e+06
   1.4985521e+06
   1.4986319e+06
   1.4987733e+06
   1.4988895e+06
   1.4990363e+06
   1.4991282e+06
   1.4992398e+06
   1.4993099e+06
   1.4993989e+06
   1.4995737e+06
   1.4996631e+06
   1.4997605e+06
   1.4998454e+06
   1.4999538e+06
   1.5002295e+06
   1.5016843e+06
   1.5020009e+06
   1.5022649e+06
   1.5029563e+06
   1.5032531e+06
   1.5043032e+06
   1.5053722e+06
   1.5057007e+06
   1.5059867e+06
   1.5061752e+06
   1.5067245e+06
   1.5072908e+06
   1.5075890e+06
   1.5086613e+06
   1.5091355e+06
   1.5096357e+06
   1.5106251e+06
   1.5110670e+06
   1.5122796e+06
   1.5125278e+06
   1.5138981e+06
   1.5187273e+06
   1.5194076e+06
   1.5202743e+06
   1.5204616e+06
   1.5213240e+06
   1.5214938e+06
   1.5257584e+06
   1.5276999e+06
   1.5281558e+06
   1.5285271e+06
   1.5288872e+06
   1.5292478e+06
   1.5297299e+06
   1.5328883e+06
   1.5340835e+06
   1.5343919e+06
   1.5348677e+06
   1.5365729e+06
   1.5369281e+06
   1.5372301e+06
   1.5376254e+06
   1.5378646e+06
   1.5382621e+06
   1.5388754e+06
   1.5400837e+06
   1.5401547e+06
   1.5402473e+06
   1.5403475e+06
   1.5404787e+06
   1.5405660e+06
   1.5406748e+06
   1.5407733e+06
   1.5408777e+06
   1.5409711e+06
   1.5410809e+06
   1.5411914e+06
   1.5413024e+06
   1.5414079e+06
   1.5415106e+06
   1.5416132e+06
   1.5417105e+06
   1.5418312e+06
   1.5419505e+06
   1.5420536e+06
   1.5422020e+06
   1.5422852e+06
   1.5423797e+06
   1.5424533e+06
   1.5427738e+06
   1.5428600e+06
   1.5429598e+06
   1.5430585e+06
   1.5432811e+06
   1.5433567e+06
   1.5434647e+06
   1.5435537e+06
   1.5436782e+06
   1.5438131e+06
   1.5439079e+06
   1.5439772e+06
   1.5440791e+06
   1.5442501e+06
   1.5443353e+06
   1.5444592e+06
   1.5445578e+06
   1.5446312e+06
   1.5447302e+06
   1.5448600e+06
   1.5449420e+06
   1.5450453e+06
   1.5451485e+06
   1.5452370e+06
   1.5453490e+06
   1.5454524e+06
   1.5455438e+06
   1.5456432e+06
   1.5457510e+06
   1.5458732e+06
   1.5459627e+06
   1.5460536e+06
   1.5461524e+06
   1.5463220e+06
   1.5464365e+06
   1.5465450e+06
   1.5466432e+06
   1.5467243e+06
   1.5468368e+06
   1.5469452e+06
   1.5472029e+06
   1.5472903e+06
   1.5473701e+06
   1.5475218e+06
   1.5476196e+06
   1.5477182e+06
   1.5478123e+06
   1.5479298e+06
   1.5480278e+06
   1.5481543e+06
   1.5482789e+06
   1.5484105e+06
   1.5485046e+06
   1.5486103e+06
   1.5486746e+06
   1.5487991e+06
   1.5488878e+06
   1.5489600e+06
   1.5490455e+06
   1.5491316e+06
   1.5492341e+06
   1.5493350e+06
   1.5494570e+06
   1.5495733e+06
   1.5496687e+06
   1.5497843e+06
   1.5498506e+06
   1.5499902e+06
   1.5500677e+06
   1.5502326e+06
   1.5503374e+06
   1.5507151e+06
   1.5508156e+06
   1.5509321e+06
   1.5510545e+06
   1.5511434e+06
   1.5512641e+06
   1.5513908e+06
   1.5514936e+06
   1.5516066e+06
   1.5516908e+06
   1.5517840e+06
   1.5518636e+06
   1.5519807e+06
   1.5520768e+06
   1.5521793e+06
   1.5522612e+06
   1.5523480e+06
   1.5524604e+06
   1.5525879e+06
   1.5526778e+06
   1.5527934e+06
   1.5529030e+06
   1.5530189e+06
   1.5531143e+06
   1.5532077e+06
   1.5533163e+06
   1.5533924e+06
   1.5534787e+06
   1.5535773e+06
   1.5536706e+06
   1.5537624e+06
   1.5538386e+06
   1.5539276e+06
   1.5540836e+06
   1.5541805e+06
   1.5542692e+06
   1.5543702e+06
   1.5544647e+06
   1.5545864e+06
   1.5546791e+06
   1.5547655e+06
   1.5548457e+06
   1.5549307e+06
   1.5550422e+06
   1.5551912e+06
   1.5552927e+06
   1.5553922e+06
   1.5554692e+06
   1.5555606e+06
   1.5556620e+06
   1.5558114e+06
   1.5559266e+06
   1.5560003e+06
   1.5560850e+06
   1.5562169e+06
   1.5562902e+06
   1.5563750e+06
   1.5565131e+06
   1.5566298e+06
   1.5567618e+06
   1.5568459e+06
   1.5569392e+06
   1.5570787e+06
   1.5571914e+06
   1.5573034e+06
   1.5573764e+06
   1.5574999e+06
   1.5575850e+06
   1.5576669e+06
   1.5577850e+06
   1.5578603e+06
   1.5579810e+06
   1.5580742e+06
   1.5581664e+06
   1.5583062e+06
   1.5584184e+06
   1.5585172e+06
   1.5585881e+06
   1.5586626e+06
   1.5587630e+06
   1.5588434e+06
   1.5589495e+06
   1.5590256e+06
   1.5591146e+06
   1.5592391e+06
   1.5593509e+06
   1.5595222e+06
   1.5596423e+06
   1.5597472e+06
   1.5599351e+06
   1.5603989e+06
   1.5611449e+06
   1.5616230e+06
   1.5620038e+06
   1.5622733e+06
   1.5627739e+06
   1.5629449e+06
   1.5632980e+06
   1.5658553e+06
   1.5664807e+06
   1.5667999e+06
   1.5671850e+06
   1.5677774e+06
   1.5679745e+06
   1.5683194e+06
   1.5695472e+06
   1.5704598e+06
   1.5713173e+06
   1.5715697e+06
   1.5727416e+06
   1.5774147e+06
   1.5864150e+06
   1.5869813e+06
   1.5880914e+06
   1.5882395e+06
   1.5885303e+06
   1.5888674e+06
   1.5892360e+06
   1.5895438e+06
   1.5896780e+06
   1.5899838e+06
   1.5901369e+06
   1.5911436e+06
   1.5916376e+06
   1.5922588e+06
   1.5931706e+06
   1.6001082e+06
   1.6001907e+06
   1.6002845e+06
   1.6003964e+06
   1.6005313e+06
   1.6006094e+06
   1.6006835e+06
   1.6007759e+06
   1.6008476e+06
   1.6009652e+06
   1.6010373e+06
   1.6011311e+06
   1.6012041e+06
   1.6012742e+06
   1.6013511e+06
   1.6014282e+06
   1.6015457e+06
   1.6016554e+06
   1.6017700e+06
   1.6018604e+06
   1.6019381e+06
   1.6020489e+06
   1.6021294e+06
   1.6022144e+06
   1.6023177e+06
   1.6024093e+06
   1.6024828e+06
   1.6025863e+06
   1.6026559e+06
   1.6027584e+06
   1.6028550e+06
   1.6029360e+06
   1.6030156e+06
   1.6031016e+06
   1.6032037e+06
   1.6033189e+06
   1.6034051e+06
   1.6034872e+06
   1.6035666e+06
   1.6036689e+06
   1.6037546e+06
   1.6038321e+06
   1.6039035e+06
   1.6039892e+06
   1.6040756e+06
   1.6041596e+06
   1.6042612e+06
   1.6043438e+06
   1.6044420e+06
   1.6045157e+06
   1.6046021e+06
   1.6047189e+06
   1.6048211e+06
   1.6048878e+06
   1.6049583e+06
   1.6050652e+06
   1.6051455e+06
   1.6052335e+06
   1.6053418e+06
   1.6055195e+06
   1.6056154e+06
   1.6057020e+06
   1.6057715e+06
   1.6059139e+06
   1.6059886e+06
   1.6060745e+06
   1.6061625e+06
   1.6062507e+06
   1.6063501e+06
   1.6064648e+06
   1.6065389e+06
   1.6066185e+06
   1.6066983e+06
   1.6067985e+06
   1.6069758e+06
   1.6071787e+06
   1.6072555e+06
   1.6073469e+06
   1.6074294e+06
   1.6075486e+06
   1.6076665e+06
   1.6077952e+06
   1.6078780e+06
   1.6079697e+06
   1.6080865e+06
   1.6081906e+06
   1.6082834e+06
   1.6084251e+06
   1.6085079e+06
   1.6086142e+06
   1.6087000e+06
   1.6087802e+06
   1.6088592e+06
   1.6089360e+06
   1.6090649e+06
   1.6091582e+06
   1.6092460e+06
   1.6093333e+06
   1.6094470e+06
   1.6095823e+06
   1.6096789e+06
   1.6097570e+06
   1.6098558e+06
   1.6099465e+06
   1.6100213e+06
   1.6101223e+06
   1.6102047e+06
   1.6102932e+06
   1.6104089e+06
   1.6105221e+06
   1.6106222e+06
   1.6107628e+06
   1.6108447e+06
   1.6109796e+06
   1.6110961e+06
   1.6111715e+06
   1.6112600e+06
   1.6113861e+06
   1.6115208e+06
   1.6116357e+06
   1.6117248e+06
   1.6118120e+06
   1.6119092e+06
   1.6120340e+06
   1.6121140e+06
   1.6122010e+06
   1.6123441e+06
   1.6124276e+06
   1.6125127e+06
   1.6126509e+06
   1.6127534e+06
   1.6128531e+06
   1.6129190e+06
   1.6130082e+06
   1.6130894e+06
   1.6131622e+06
   1.6132471e+06
   1.6133856e+06
   1.6134969e+06
   1.6135823e+06
   1.6136904e+06
   1.6138126e+06
   1.6139275e+06
   1.6141708e+06
   1.6142634e+06
   1.6143487e+06
   1.6144151e+06
   1.6145842e+06
   1.6146730e+06
   1.6147613e+06
   1.6148532e+06
   1.6149235e+06
   1.6150238e+06
   1.6151187e+06
   1.6152398e+06
   1.6153183e+06
   1.6154280e+06
   1.6155335e+06
   1.6156436e+06
   1.6157300e+06
   1.6158300e+06
   1.6159605e+06
   1.6160494e+06
   1.6161386e+06
   1.6162230e+06
   1.6163363e+06
   1.6164311e+06
   1.6165197e+06
   1.6166056e+06
   1.6167150e+06
   1.6168398e+06
   1.6169741e+06
   1.6170894e+06
   1.6171919e+06
   1.6173064e+06
   1.6174610e+06
   1.6175557e+06
   1.6176271e+06
   1.6177357e+06
   1.6178163e+06
   1.6179000e+06
   1.6179926e+06
   1.6180850e+06
   1.6182168e+06
   1.6183163e+06
   1.6184566e+06
   1.6186065e+06
   1.6186970e+06
   1.6187910e+06
   1.6188919e+06
   1.6189820e+06
   1.6190744e+06
   1.6192124e+06
   1.6193272e+06
   1.6194576e+06
   1.6195423e+06
   1.6196604e+06
   1.6198760e+06
   1.6199787e+06
   1.6202654e+06
   1.6206815e+06
   1.6209089e+06
   1.6211629e+06
   1.6213198e+06
   1.6216251e+06
   1.6220805e+06
   1.6222333e+06
   1.6227219e+06
   1.6234912e+06
   1.6241858e+06
   1.6243730e+06
   1.6248333e+06
   1.6600757e+06
   1.6601586e+06
   1.6602498e+06
   1.6603350e+06
   1.6604133e+06
   1.6604888e+06
   1.6605664e+06
   1.6606330e+06
   1.6607177e+06
   1.6608036e+06
   1.6608997e+06
   1.6610281e+06
   1.6611349e+06
   1.6612482e+06
   1.6613478e+06
   1.6614303e+06
   1.6615148e+06
   1.6616025e+06
   1.6616897e+06
   1.6617745e+06
   1.6618641e+06
   1.6619491e+06
   1.6620477e+06
   1.6621639e+06
   1.6622764e+06
   1.6623823e+06
   1.6624692e+06
   1.6625749e+06
   1.6626565e+06
   1.6627642e+06
   1.6628419e+06
   1.6629336e+06
   1.6630091e+06
   1.6630772e+06
   1.6631658e+06
   1.6632468e+06
   1.6633317e+06
   1.6634130e+06
   1.6634837e+06
   1.6636381e+06
   1.6637237e+06
   1.6638091e+06
   1.6639109e+06
   1.6640091e+06
   1.6640816e+06
   1.6641827e+06
   1.6642510e+06
   1.6643574e+06
   1.6644250e+06
   1.6645172e+06
   1.6645912e+06
   1.6646803e+06
   1.6648164e+06
   1.6649165e+06
   1.6650119e+06
   1.6650894e+06
   1.6651994e+06
   1.6653181e+06
   1.6653857e+06
   1.6654682e+06
   1.6655516e+06
   1.6656365e+06
   1.6657306e+06
   1.6658122e+06
   1.6658883e+06
   1.6659650e+06
   1.6660554e+06
   1.6661493e+06
   1.6662400e+06
   1.6663355e+06
   1.6663993e+06
   1.6664869e+06
   1.6666271e+06
   1.6667130e+06
   1.6667816e+06
   1.6668497e+06
   1.6669295e+06
   1.6671265e+06
   1.6672111e+06
   1.6673115e+06
   1.6673981e+06
   1.6674857e+06
   1.6675807e+06
   1.6676690e+06
   1.6677558e+06
   1.6678570e+06
   1.6679383e+06
   1.6680191e+06
   1.6681027e+06
   1.6682272e+06
   1.6683161e+06
   1.6684926e+06
   1.6685954e+06
   1.6687167e+06
   1.6687840e+06
   1.6688641e+06
   1.6689432e+06
   1.6690425e+06
   1.6691414e+06
   1.6692456e+06
   1.6693332e+06
   1.6694348e+06
   1.6695878e+06
   1.6697047e+06
   1.6697794e+06
   1.6698696e+06
   1.6699611e+06
   1.6700325e+06
   1.6701069e+06
   1.6701975e+06
   1.6702914e+06
   1.6703502e+06
   1.6704305e+06
   1.6705118e+06
   1.6706426e+06
   1.6707393e+06
   1.6708166e+06
   1.6709183e+06
   1.6710258e+06
   1.6711157e+06
   1.6712586e+06
   1.6713413e+06
   1.6714035e+06
   1.6714923e+06
   1.6715962e+06
   1.6717016e+06
   1.6717757e+06
   1.6718726e+06
   1.6719575e+06
   1.6720674e+06
   1.6721413e+06
   1.6722156e+06
   1.6723005e+06
   1.6723798e+06
   1.6724828e+06
   1.6725885e+06
   1.6726608e+06
   1.6727423e+06
   1.6728526e+06
   1.6729757e+06
   1.6730900e+06
   1.6732467e+06
   1.6733779e+06
   1.6734570e+06
   1.6735787e+06
   1.6736905e+06
   1.6738179e+06
   1.6739071e+06
   1.6741410e+06
   1.6742482e+06
   1.6743561e+06
   1.6744263e+06
   1.6745152e+06
   1.6746784e+06
   1.6747652e+06
   1.6748639e+06
   1.6749379e+06
   1.6750155e+06
   1.6750720e+06
   1.6751578e+06
   1.6753125e+06
   1.6753914e+06
   1.6755008e+06
   1.6755981e+06
   1.6756699e+06
   1.6757745e+06
   1.6758613e+06
   1.6759544e+06
   1.6760422e+06
   1.6761448e+06
   1.6762271e+06
   1.6763045e+06
   1.6764022e+06
   1.6765463e+06
   1.6766561e+06
   1.6767223e+06
   1.6767995e+06
   1.6768928e+06
   1.6769786e+06
   1.6771372e+06
   1.6772235e+06
   1.6773235e+06
   1.6774047e+06
   1.6775016e+06
   1.6776062e+06
   1.6777336e+06
   1.6778061e+06
   1.6779115e+06
   1.6780321e+06
   1.6781323e+06
   1.6782671e+06
   1.6783540e+06
   1.6784476e+06
   1.6785310e+06
   1.6786355e+06
   1.6787445e+06
   1.6788583e+06
   1.6789385e+06
   1.6790529e+06
   1.6791398e+06
   1.6792264e+06
   1.6793889e+06
   1.6794812e+06
   1.6795540e+06
   1.6796464e+06
   1.6797372e+06
   1.6798169e+06
   1.6798948e+06
   1.6808314e+06
   1.6811132e+06
   1.6816023e+06
   1.6830650e+06
   1.6832687e+06
   1.6838279e+06
   1.6844022e+06
   1.6849806e+06
   1.6852799e+06
   1.6854804e+06
   1.6864337e+06
   1.6875597e+06
   1.6877257e+06
   1.6879283e+06
   1.6895748e+06
   1.6932158e+06
   1.6934038e+06
   1.7043983e+06
   1.7045383e+06
   1.7048011e+06
   1.7052800e+06
   1.7063014e+06
   1.7068276e+06
   1.7073096e+06
   1.7074658e+06
   1.7077903e+06
   1.7081794e+06
   1.7086258e+06
   1.7088607e+06
   1.7090817e+06
   1.7201005e+06
   1.7201899e+06
   1.7202666e+06
   1.7203686e+06
   1.7204507e+06
   1.7205319e+06
   1.7206130e+06
   1.7206910e+06
   1.7207777e+06
   1.7208665e+06
   1.7209586e+06
   1.7210607e+06
   1.7211456e+06
   1.7212235e+06
   1.7213034e+06
   1.7214121e+06
   1.7214959e+06
   1.7216360e+06
   1.7217007e+06
   1.7218072e+06
   1.7218853e+06
   1.7219640e+06
   1.7221009e+06
   1.7221768e+06
   1.7222446e+06
   1.7223448e+06
   1.7224238e+06
   1.7225154e+06
   1.7225916e+06
   1.7226733e+06
   1.7227614e+06
   1.7228499e+06
   1.7229578e+06
   1.7230275e+06
   1.7231149e+06
   1.7231940e+06
   1.7232647e+06
   1.7233934e+06
   1.7234530e+06
   1.7235576e+06
   1.7236356e+06
   1.7237195e+06
   1.7238050e+06
   1.7238998e+06
   1.7239764e+06
   1.7240751e+06
   1.7241632e+06
   1.7242442e+06
   1.7243195e+06
   1.7243870e+06
   1.7244568e+06
   1.7245353e+06
   1.7246130e+06
   1.7247110e+06
   1.7248017e+06
   1.7248982e+06
   1.7249921e+06
   1.7250786e+06
   1.7251781e+06
   1.7252690e+06
   1.7253655e+06
   1.7254999e+06
   1.7255653e+06
   1.7256536e+06
   1.7257323e+06
   1.7258185e+06
   1.7259479e+06
   1.7260269e+06
   1.7261137e+06
   1.7262026e+06
   1.7263047e+06
   1.7263841e+06
   1.7264550e+06
   1.7265555e+06
   1.7266207e+06
   1.7267000e+06
   1.7267770e+06
   1.7268540e+06
   1.7269367e+06
   1.7269993e+06
   1.7271843e+06
   1.7272587e+06
   1.7273330e+06
   1.7274257e+06
   1.7275098e+06
   1.7276258e+06
   1.7277000e+06
   1.7277884e+06
   1.7278706e+06
   1.7279747e+06
   1.7280464e+06
   1.7281439e+06
   1.7282201e+06
   1.7283345e+06
   1.7284553e+06
   1.7285609e+06
   1.7286305e+06
   1.7287147e+06
   1.7288371e+06
   1.7289225e+06
   1.7289973e+06
   1.7291019e+06
   1.7291967e+06
   1.7292628e+06
   1.7293327e+06
   1.7294183e+06
   1.7295097e+06
   1.7296008e+06
   1.7296806e+06
   1.7298065e+06
   1.7298844e+06
   1.7299680e+06
   1.7300580e+06
   1.7301450e+06
   1.7302173e+06
   1.7302891e+06
   1.7303956e+06
   1.7304868e+06
   1.7305824e+06
   1.7306561e+06
   1.7307188e+06
   1.7307810e+06
   1.7308842e+06
   1.7309637e+06
   1.7310564e+06
   1.7311342e+06
   1.7312304e+06
   1.7313127e+06
   1.7313838e+06
   1.7314600e+06
   1.7315755e+06
   1.7316487e+06
   1.7317119e+06
   1.7318232e+06
   1.7319185e+06
   1.7320004e+06
   1.7321013e+06
   1.7321907e+06
   1.7322644e+06
   1.7323430e+06
   1.7324146e+06
   1.7325128e+06
   1.7326125e+06
   1.7326844e+06
   1.7327804e+06
   1.7328830e+06
   1.7329799e+06
   1.7330817e+06
   1.7331705e+06
   1.7332574e+06
   1.7333365e+06
   1.7334385e+06
   1.7335109e+06
   1.7336081e+06
   1.7336831e+06
   1.7337618e+06
   1.7338324e+06
   1.7339258e+06
   1.7339962e+06
   1.7341818e+06
   1.7342609e+06
   1.7343754e+06
   1.7344523e+06
   1.7345494e+06
   1.7346564e+06
   1.7347597e+06
   1.7348444e+06
   1.7349282e+06
   1.7350090e+06
   1.7350986e+06
   1.7351869e+06
   1.7353194e+06
   1.7354070e+06
   1.7354916e+06
   1.7356021e+06
   1.7357127e+06
   1.7358045e+06
   1.7359300e+06
   1.7360169e+06
   1.7360898e+06
   1.7361753e+06
   1.7362525e+06
   1.7363304e+06
   1.7364634e+06
   1.7365406e+06
   1.7366258e+06
   1.7367086e+06
   1.7367797e+06
   1.7368967e+06
   1.7369978e+06
   1.7370879e+06
   1.7371952e+06
   1.7372917e+06
   1.7373699e+06
   1.7374730e+06
   1.7375914e+06
   1.7377445e+06
   1.7378203e+06
   1.7378991e+06
   1.7379783e+06
   1.7380461e+06
   1.7381772e+06
   1.7382565e+06
   1.7383295e+06
   1.7384351e+06
   1.7385344e+06
   1.7386448e+06
   1.7387410e+06
   1.7388551e+06
   1.7389457e+06
   1.7390226e+06
   1.7391175e+06
   1.7391930e+06
   1.7392766e+06
   1.7393669e+06
   1.7394319e+06
   1.7395270e+06
   1.7396165e+06
   1.7397328e+06
   1.7398163e+06
   1.7399018e+06
   1.7399720e+06
   1.7404179e+06
   1.7433511e+06
   1.7437900e+06
   1.7442828e+06
   1.7445490e+06
   1.7476703e+06
   1.7488750e+06
   1.7503583e+06
   1.7513224e+06
   1.7516169e+06
   1.7520166e+06
   1.7524790e+06
   1.7527247e+06
   1.7532605e+06
   1.7558920e+06
   1.7566696e+06
   1.7571355e+06
   1.7573105e+06
   1.7575011e+06
   1.7589135e+06
   1.7592219e+06
   1.7606394e+06
   1.7621356e+06
   1.7628905e+06
   1.7639618e+06
   1.7641967e+06
   1.7648475e+06
   1.7652698e+06
   1.7655672e+06
   1.7658714e+06
   1.7660145e+06
   1.7665100e+06
   1.7697404e+06
   1.7700255e+06
   1.7701679e+06
   1.7706005e+06
   1.7724299e+06
   1.7731450e+06
   1.7738191e+06
   1.7740731e+06
   1.7752703e+06
   1.7756275e+06
   1.7775894e+06
   1.7778306e+06
   1.7781907e+06
   1.7800713e+06
   1.7801623e+06
   1.7802382e+06
   1.7803089e+06
   1.7803766e+06
   1.7804610e+06
   1.7805310e+06
   1.7806027e+06
   1.7806846e+06
   1.7807639e+06
   1.7808340e+06
   1.7809380e+06
   1.7810416e+06
   1.7811099e+06
   1.7811837e+06
   1.7812582e+06
   1.7813399e+06
   1.7814245e+06
   1.7815195e+06
   1.7816044e+06
   1.7816936e+06
   1.7817506e+06
   1.7818157e+06
   1.7818998e+06
   1.7819861e+06
   1.7820535e+06
   1.7821471e+06
   1.7822402e+06
   1.7823394e+06
   1.7824128e+06
   1.7824861e+06
   1.7825896e+06
   1.7826836e+06
   1.7827475e+06
   1.7828054e+06
   1.7828908e+06
   1.7829706e+06
   1.7830658e+06
   1.7831442e+06
   1.7832657e+06
   1.7833737e+06
   1.7834570e+06
   1.7835411e+06
   1.7836187e+06
   1.7836819e+06
   1.7837785e+06
   1.7838369e+06
   1.7839360e+06
   1.7840028e+06
   1.7840723e+06
   1.7841540e+06
   1.7842316e+06
   1.7843126e+06
   1.7843976e+06
   1.7844899e+06
   1.7845592e+06
   1.7846541e+06
   1.7847697e+06
   1.7848261e+06
   1.7848936e+06
   1.7849590e+06
   1.7850954e+06
   1.7852024e+06
   1.7852793e+06
   1.7853513e+06
   1.7854446e+06
   1.7855253e+06
   1.7856066e+06
   1.7856729e+06
   1.7857489e+06
   1.7858724e+06
   1.7859535e+06
   1.7860452e+06
   1.7861270e+06
   1.7862061e+06
   1.7863001e+06
   1.7863711e+06
   1.7864534e+06
   1.7865583e+06
   1.7866462e+06
   1.7867145e+06
   1.7867905e+06
   1.7868595e+06
   1.7869458e+06
   1.7871675e+06
   1.7872515e+06
   1.7873438e+06
   1.7874409e+06
   1.7875363e+06
   1.7876126e+06
   1.7876912e+06
   1.7877940e+06
   1.7878735e+06
   1.7879429e+06
   1.7880250e+06
   1.7881249e+06
   1.7882099e+06
   1.7882790e+06
   1.7883608e+06
   1.7884255e+06
   1.7885832e+06
   1.7886623e+06
   1.7887454e+06
   1.7888313e+06
   1.7889243e+06
   1.7890231e+06
   1.7891280e+06
   1.7892141e+06
   1.7892997e+06
   1.7893840e+06
   1.7894654e+06
   1.7895652e+06
   1.7896333e+06
   1.7897195e+06
   1.7897889e+06
   1.7898875e+06
   1.7899819e+06
   1.7900904e+06
   1.7901662e+06
   1.7902402e+06
   1.7903418e+06
   1.7904098e+06
   1.7905032e+06
   1.7905990e+06
   1.7906726e+06
   1.7907619e+06
   1.7908574e+06
   1.7909467e+06
   1.7910151e+06
   1.7910953e+06
   1.7911593e+06
   1.7913015e+06
   1.7913798e+06
   1.7914517e+06
   1.7915500e+06
   1.7916288e+06
   1.7916998e+06
   1.7917831e+06
   1.7918568e+06
   1.7919499e+06
   1.7920260e+06
   1.7920914e+06
   1.7921595e+06
   1.7922348e+06
   1.7923324e+06
   1.7924113e+06
   1.7924895e+06
   1.7925571e+06
   1.7926462e+06
   1.7927281e+06
   1.7928579e+06
   1.7929640e+06
   1.7930576e+06
   1.7931152e+06
   1.7931934e+06
   1.7932671e+06
   1.7933609e+06
   1.7934519e+06
   1.7935681e+06
   1.7936693e+06
   1.7937606e+06
   1.7938629e+06
   1.7939518e+06
   1.7941311e+06
   1.7942141e+06
   1.7942850e+06
   1.7943892e+06
   1.7944748e+06
   1.7945611e+06
   1.7946484e+06
   1.7947396e+06
   1.7948001e+06
   1.7948915e+06
   1.7950205e+06
   1.7951086e+06
   1.7952050e+06
   1.7952762e+06
   1.7953447e+06
   1.7954727e+06
   1.7956003e+06
   1.7956763e+06
   1.7957570e+06
   1.7958973e+06
   1.7959802e+06
   1.7960599e+06
   1.7961513e+06
   1.7962265e+06
   1.7963187e+06
   1.7964088e+06
   1.7964742e+06
   1.7965579e+06
   1.7966414e+06
   1.7967248e+06
   1.7968008e+06
   1.7968999e+06
   1.7970090e+06
   1.7970930e+06
   1.7971659e+06
   1.7972592e+06
   1.7973434e+06
   1.7974322e+06
   1.7975100e+06
   1.7975897e+06
   1.7976683e+06
   1.7977607e+06
   1.7978515e+06
   1.7979380e+06
   1.7980083e+06
   1.7980986e+06
   1.7981934e+06
   1.7982732e+06
   1.7983611e+06
   1.7984698e+06
   1.7985560e+06
   1.7986654e+06
   1.7987471e+06
   1.7988313e+06
   1.7989294e+06
   1.7990150e+06
   1.7990813e+06
   1.7991524e+06
   1.7992488e+06
   1.7993322e+06
   1.7994219e+06
   1.7995075e+06
   1.7995925e+06
   1.7996920e+06
   1.7997829e+06
   1.7998572e+06
   1.7999456e+06
   1.8003614e+06
   1.8008732e+06
   1.8013284e+06
   1.8026075e+06
   1.8029146e+06
   1.8400771e+06
   1.8401596e+06
   1.8402336e+06
   1.8403408e+06
   1.8404152e+06
   1.8405197e+06
   1.8406056e+06
   1.8406908e+06
   1.8407753e+06
   1.8408354e+06
   1.8409193e+06
   1.8409817e+06
   1.8410639e+06
   1.8411456e+06
   1.8412356e+06
   1.8413039e+06
   1.8413646e+06
   1.8414395e+06
   1.8415194e+06
   1.8415886e+06
   1.8416649e+06
   1.8417487e+06
   1.8418220e+06
   1.8419041e+06
   1.8419682e+06
   1.8420486e+06
   1.8421126e+06
   1.8421765e+06
   1.8422442e+06
   1.8423103e+06
   1.8423781e+06
   1.8424511e+06
   1.8425152e+06
   1.8425998e+06
   1.8426701e+06
   1.8427388e+06
   1.8428024e+06
   1.8428815e+06
   1.8429819e+06
   1.8430550e+06
   1.8431299e+06
   1.8431902e+06
   1.8432525e+06
   1.8433319e+06
   1.8433991e+06
   1.8434828e+06
   1.8435622e+06
   1.8436462e+06
   1.8437089e+06
   1.8438016e+06
   1.8438695e+06
   1.8439543e+06
   1.8440130e+06
   1.8440870e+06
   1.8441642e+06
   1.8442279e+06
   1.8442919e+06
   1.8443746e+06
   1.8444629e+06
   1.8445318e+06
   1.8446025e+06
   1.8446762e+06
   1.8447679e+06
   1.8448495e+06
   1.8449186e+06
   1.8450422e+06
   1.8451186e+06
   1.8451937e+06
   1.8452617e+06
   1.8453231e+06
   1.8454246e+06
   1.8455159e+06
   1.8455915e+06
   1.8456497e+06
   1.8457179e+06
   1.8457950e+06
   1.8458777e+06
   1.8459744e+06
   1.8460879e+06
   1.8462033e+06
   1.8462780e+06
   1.8463494e+06
   1.8464482e+06
   1.8465167e+06
   1.8466126e+06
   1.8466676e+06
   1.8467493e+06
   1.8468237e+06
   1.8469049e+06
   1.8469705e+06
   1.8471179e+06
   1.8472044e+06
   1.8472676e+06
   1.8473517e+06
   1.8474264e+06
   1.8475160e+06
   1.8476034e+06
   1.8476838e+06
   1.8477690e+06
   1.8478278e+06
   1.8479042e+06
   1.8479880e+06
   1.8480653e+06
   1.8481493e+06
   1.8482294e+06
   1.8483372e+06
   1.8484036e+06
   1.8484946e+06
   1.8485745e+06
   1.8486420e+06
   1.8487434e+06
   1.8488439e+06
   1.8489245e+06
   1.8489991e+06
   1.8490670e+06
   1.8491439e+06
   1.8492232e+06
   1.8493314e+06
   1.8494043e+06
   1.8494918e+06
   1.8495586e+06
   1.8496564e+06
   1.8497366e+06
   1.8498069e+06
   1.8498833e+06
   1.8499403e+06
   1.8500338e+06
   1.8501167e+06
   1.8501791e+06
   1.8502500e+06
   1.8503240e+06
   1.8503907e+06
   1.8504798e+06
   1.8505461e+06
   1.8506200e+06
   1.8506985e+06
   1.8507827e+06
   1.8508591e+06
   1.8509298e+06
   1.8510205e+06
   1.8510936e+06
   1.8511652e+06
   1.8512450e+06
   1.8513241e+06
   1.8514218e+06
   1.8515077e+06
   1.8515934e+06
   1.8516660e+06
   1.8517308e+06
   1.8517977e+06
   1.8518837e+06
   1.8519753e+06
   1.8520301e+06
   1.8521068e+06
   1.8522016e+06
   1.8523414e+06
   1.8524133e+06
   1.8524891e+06
   1.8525706e+06
   1.8526435e+06
   1.8527216e+06
   1.8528251e+06
   1.8528966e+06
   1.8529642e+06
   1.8530426e+06
   1.8531134e+06
   1.8531818e+06
   1.8532883e+06
   1.8533685e+06
   1.8534300e+06
   1.8534916e+06
   1.8535724e+06
   1.8536459e+06
   1.8537299e+06
   1.8538222e+06
   1.8538845e+06
   1.8539536e+06
   1.8541333e+06
   1.8542163e+06
   1.8543081e+06
   1.8543777e+06
   1.8544500e+06
   1.8545339e+06
   1.8546000e+06
   1.8546760e+06
   1.8547481e+06
   1.8548316e+06
   1.8548975e+06
   1.8549779e+06
   1.8550526e+06
   1.8551416e+06
   1.8552217e+06
   1.8553100e+06
   1.8554031e+06
   1.8554964e+06
   1.8555928e+06
   1.8556952e+06
   1.8557780e+06
   1.8558480e+06
   1.8559323e+06
   1.8559939e+06
   1.8560902e+06
   1.8561914e+06
   1.8562635e+06
   1.8563219e+06
   1.8564132e+06
   1.8564688e+06
   1.8565532e+06
   1.8566268e+06
   1.8567003e+06
   1.8567702e+06
   1.8568489e+06
   1.8569527e+06
   1.8570480e+06
   1.8571564e+06
   1.8572647e+06
   1.8573289e+06
   1.8574005e+06
   1.8574648e+06
   1.8575530e+06
   1.8576378e+06
   1.8577168e+06
   1.8578046e+06
   1.8578743e+06
   1.8579845e+06
   1.8580853e+06
   1.8581646e+06
   1.8582535e+06
   1.8583368e+06
   1.8584057e+06
   1.8584761e+06
   1.8585428e+06
   1.8586485e+06
   1.8587500e+06
   1.8588609e+06
   1.8589622e+06
   1.8590398e+06
   1.8591054e+06
   1.8591772e+06
   1.8592515e+06
   1.8593412e+06
   1.8594052e+06
   1.8594777e+06
   1.8595511e+06
   1.8596290e+06
   1.8597317e+06
   1.8598049e+06
   1.8598688e+06
   1.8599302e+06
   1.8619372e+06
   1.8627474e+06
   1.8630593e+06
   1.8634915e+06
   1.8639979e+06
   1.8645732e+06
   1.8648174e+06
   1.8651460e+06
   1.8690229e+06
   1.8693482e+06
   1.8699154e+06
   1.8703034e+06
   1.8711822e+06
   1.8728991e+06
   1.8732386e+06
   1.8734547e+06
   1.8738186e+06
   1.8742771e+06
   1.8752903e+06
   1.8756655e+06
   1.8759810e+06
   1.8764508e+06
   1.8772786e+06
   1.8776229e+06
   1.8779923e+06
   1.8781318e+06
   1.8788192e+06
   1.8792840e+06
   1.8795148e+06
   1.8799457e+06
   1.8808579e+06
   1.8810652e+06
   1.8821065e+06
   1.8825223e+06
   1.8831666e+06
   1.8840110e+06
   1.8842083e+06
   1.8843718e+06
   1.8849355e+06
   1.8851151e+06
   1.8858630e+06
   1.8860739e+06
   1.8899493e+06
   1.8904257e+06
   1.8915847e+06
   1.8918557e+06
   1.8921979e+06
   1.8925551e+06
   1.8928982e+06
   1.8931536e+06
   1.8937154e+06
   1.8941002e+06
   1.8947616e+06
   1.8950521e+06
   1.8955411e+06
   1.8958947e+06
   1.8962797e+06
   1.8972638e+06
   1.8988570e+06
   1.8989757e+06
   1.8997925e+06
   1.9000633e+06
   1.9001227e+06
   1.9001966e+06
   1.9002663e+06
   1.9003250e+06
   1.9003922e+06
   1.9004546e+06
   1.9005171e+06
   1.9005765e+06
   1.9006460e+06
   1.9006997e+06
   1.9007616e+06
   1.9008500e+06
   1.9009159e+06
   1.9009741e+06
   1.9010329e+06
   1.9010844e+06
   1.9011608e+06
   1.9012269e+06
   1.9013220e+06
   1.9013781e+06
   1.9014393e+06
   1.9015239e+06
   1.9015821e+06
   1.9016423e+06
   1.9017066e+06
   1.9017711e+06
   1.9018407e+06
   1.9019069e+06
   1.9019719e+06
   1.9020316e+06
   1.9021178e+06
   1.9022086e+06
   1.9022850e+06
   1.9023548e+06
   1.9024080e+06
   1.9024752e+06
   1.9025401e+06
   1.9026028e+06
   1.9026602e+06
   1.9027284e+06
   1.9028045e+06
   1.9028699e+06
   1.9029455e+06
   1.9030337e+06
   1.9031023e+06
   1.9031668e+06
   1.9032493e+06
   1.9033162e+06
   1.9033813e+06
   1.9034509e+06
   1.9035153e+06
   1.9035868e+06
   1.9036449e+06
   1.9037083e+06
   1.9037613e+06
   1.9038191e+06
   1.9038862e+06
   1.9039622e+06
   1.9040361e+06
   1.9041417e+06
   1.9042217e+06
   1.9042877e+06
   1.9043763e+06
   1.9044450e+06
   1.9045245e+06
   1.9045948e+06
   1.9046514e+06
   1.9047185e+06
   1.9047870e+06
   1.9048579e+06
   1.9049331e+06
   1.9049940e+06
   1.9050531e+06
   1.9051341e+06
   1.9052049e+06
   1.9052790e+06
   1.9053527e+06
   1.9054172e+06
   1.9054841e+06
   1.9055406e+06
   1.9056146e+06
   1.9056853e+06
   1.9057615e+06
   1.9058379e+06
   1.9059040e+06
   1.9059856e+06
   1.9060652e+06
   1.9061297e+06
   1.9061857e+06
   1.9062487e+06
   1.9063000e+06
   1.9063577e+06
   1.9064290e+06
   1.9065073e+06
   1.9066064e+06
   1.9066810e+06
   1.9067559e+06
   1.9068256e+06
   1.9069176e+06
   1.9069830e+06
   1.9071407e+06
   1.9072101e+06
   1.9072722e+06
   1.9073533e+06
   1.9074394e+06
   1.9075266e+06
   1.9076029e+06
   1.9076588e+06
   1.9077283e+06
   1.9078103e+06
   1.9078785e+06
   1.9079525e+06
   1.9080353e+06
   1.9080978e+06
   1.9081629e+06
   1.9082302e+06
   1.9083038e+06
   1.9083700e+06
   1.9084491e+06
   1.9085546e+06
   1.9086278e+06
   1.9087076e+06
   1.9087724e+06
   1.9088683e+06
   1.9089345e+06
   1.9090207e+06
   1.9090826e+06
   1.9091574e+06
   1.9092235e+06
   1.9093294e+06
   1.9093966e+06
   1.9094640e+06
   1.9095261e+06
   1.9096089e+06
   1.9096834e+06
   1.9097611e+06
   1.9098352e+06
   1.9099242e+06
   1.9099896e+06
   1.9100781e+06
   1.9101591e+06
   1.9102431e+06
   1.9103096e+06
   1.9103739e+06
   1.9104324e+06
   1.9105165e+06
   1.9105811e+06
   1.9106454e+06
   1.9107188e+06
   1.9107198e+06
   1.9107831e+06
   1.9107844e+06
   1.9108498e+06
   1.9108603e+06
   1.9109131e+06
   1.9109243e+06
   1.9109890e+06
   1.9110097e+06
   1.9110759e+06
   1.9110950e+06
   1.9111430e+06
   1.9111611e+06
   1.9112208e+06
   1.9112564e+06
   1.9112819e+06
   1.9113204e+06
   1.9113556e+06
   1.9114562e+06
   1.9114612e+06
   1.9115222e+06
   1.9115602e+06
   1.9116002e+06
   1.9116185e+06
   1.9116952e+06
   1.9117204e+06
   1.9117771e+06
   1.9117855e+06
   1.9118383e+06
   1.9118460e+06
   1.9119220e+06
   1.9119263e+06
   1.9119840e+06
   1.9119854e+06
   1.9120551e+06
   1.9120761e+06
   1.9121262e+06
   1.9121421e+06
   1.9122113e+06
   1.9122327e+06
   1.9123018e+06
   1.9123235e+06
   1.9123739e+06
   1.9123914e+06
   1.9124417e+06
   1.9124684e+06
   1.9125424e+06
   1.9125902e+06
   1.9126020e+06
   1.9126619e+06
   1.9126815e+06
   1.9127508e+06
   1.9127576e+06
   1.9128153e+06
   1.9128232e+06
   1.9128893e+06
   1.9128916e+06
   1.9129537e+06
   1.9129783e+06
   1.9130191e+06
   1.9130666e+06
   1.9130943e+06
   1.9131667e+06
   1.9131687e+06
   1.9132322e+06
   1.9132449e+06
   1.9133086e+06
   1.9133371e+06
   1.9133817e+06
   1.9134186e+06
   1.9134549e+06
   1.9134773e+06
   1.9135263e+06
   1.9135432e+06
   1.9135900e+06
   1.9136236e+06
   1.9136535e+06
   1.9136955e+06
   1.9137242e+06
   1.9137798e+06
   1.9137858e+06
   1.9138676e+06
   1.9138825e+06
   1.9139330e+06
   1.9139586e+06
   1.9139903e+06
   1.9141131e+06
   1.9141492e+06
   1.9141892e+06
   1.9142318e+06
   1.9142692e+06
   1.9143070e+06
   1.9143732e+06
   1.9143855e+06
   1.9144448e+06
   1.9144696e+06
   1.9145138e+06
   1.9145423e+06
   1.9145872e+06
   1.9146208e+06
   1.9146668e+06
   1.9147104e+06
   1.9147699e+06
   1.9147755e+06
   1.9148292e+06
   1.9148710e+06
   1.9148946e+06
   1.9149548e+06
   1.9149654e+06
   1.9150358e+06
   1.9150444e+06
   1.9151152e+06
   1.9151637e+06
   1.9151777e+06
   1.9152181e+06
   1.9152322e+06
   1.9153258e+06
   1.9153405e+06
   1.9154207e+06
   1.9154696e+06
   1.9155108e+06
   1.9155353e+06
   1.9156059e+06
   1.9156311e+06
   1.9156338e+06
   1.9156741e+06
   1.9156751e+06
   1.9156829e+06
   1.9157050e+06
   1.9157084e+06
   1.9157465e+06
   1.9157777e+06
   1.9157798e+06
   1.9157820e+06
   1.9157902e+06
   1.9158341e+06
   1.9158533e+06
   1.9158593e+06
   1.9158703e+06
   1.9158751e+06
   1.9159159e+06
   1.9159332e+06
   1.9159383e+06
   1.9159444e+06
   1.9159497e+06
   1.9159805e+06
   1.9160010e+06
   1.9160045e+06
   1.9160249e+06
   1.9160271e+06
   1.9160642e+06
   1.9160681e+06
   1.9160840e+06
   1.9160923e+06
   1.9161012e+06
   1.9161479e+06
   1.9161484e+06
   1.9161549e+06
   1.9161585e+06
   1.9161845e+06
   1.9162101e+06
   1.9162201e+06
   1.9162219e+06
   1.9162304e+06
   1.9162871e+06
   1.9162886e+06
   1.9162983e+06
   1.9163014e+06
   1.9163037e+06
   1.9163600e+06
   1.9163765e+06
   1.9163808e+06
   1.9163885e+06
   1.9163946e+06
   1.9164501e+06
   1.9164539e+06
   1.9164698e+06
   1.9164884e+06
   1.9164916e+06
   1.9165233e+06
   1.9165323e+06
   1.9165572e+06
   1.9165645e+06
   1.9165758e+06
   1.9165872e+06
   1.9166039e+06
   1.9166331e+06
   1.9166408e+06
   1.9166647e+06
   1.9166756e+06
   1.9166793e+06
   1.9167116e+06
   1.9167178e+06
   1.9167409e+06
   1.9167578e+06
   1.9167717e+06
   1.9167818e+06
   1.9167956e+06
   1.9168018e+06
   1.9168410e+06
   1.9168726e+06
   1.9168764e+06
   1.9168765e+06
   1.9168813e+06
   1.9169237e+06
   1.9169494e+06
   1.9169494e+06
   1.9169527e+06
   1.9169564e+06
   1.9170110e+06
   1.9170164e+06
   1.9170278e+06
   1.9170410e+06
   1.9170633e+06
   1.9170933e+06
   1.9170983e+06
   1.9171006e+06
   1.9171176e+06
   1.9171376e+06
   1.9171604e+06
   1.9171693e+06
   1.9171821e+06
   1.9172156e+06
   1.9172256e+06
   1.9172266e+06
   1.9172477e+06
   1.9172690e+06
   1.9172968e+06
   1.9172996e+06
   1.9173017e+06
   1.9173341e+06
   1.9173494e+06
   1.9173538e+06
   1.9173797e+06
   1.9173955e+06
   1.9174124e+06
   1.9174305e+06
   1.9174319e+06
   1.9174514e+06
   1.9174774e+06
   1.9174848e+06
   1.9174947e+06
   1.9175104e+06
   1.9175253e+06
   1.9175492e+06
   1.9175529e+06
   1.9175706e+06
   1.9175860e+06
   1.9175914e+06
   1.9176165e+06
   1.9176352e+06
   1.9176370e+06
   1.9176597e+06
   1.9176788e+06
   1.9176965e+06
   1.9177085e+06
   1.9177087e+06
   1.9177478e+06
   1.9177615e+06
   1.9177753e+06
   1.9177754e+06
   1.9177774e+06
   1.9178228e+06
   1.9178369e+06
   1.9178457e+06
   1.9178463e+06
   1.9178465e+06
   1.9179031e+06
   1.9179150e+06
   1.9179239e+06
   1.9179264e+06
   1.9179308e+06
   1.9179795e+06
   1.9179942e+06
   1.9179980e+06
   1.9180036e+06
   1.9180049e+06
   1.9180378e+06
   1.9180746e+06
   1.9180771e+06
   1.9180806e+06
   1.9180809e+06
   1.9181037e+06
   1.9181514e+06
   1.9181556e+06
   1.9181629e+06
   1.9181645e+06
   1.9181934e+06
   1.9182259e+06
   1.9182293e+06
   1.9182294e+06
   1.9182368e+06
   1.9182712e+06
   1.9182972e+06
   1.9182996e+06
   1.9183165e+06
   1.9183315e+06
   1.9183447e+06
   1.9183584e+06
   1.9183625e+06
   1.9183848e+06
   1.9184086e+06
   1.9184129e+06
   1.9184226e+06
   1.9184610e+06
   1.9184627e+06
   1.9184802e+06
   1.9184862e+06
   1.9185335e+06
   1.9185422e+06
   1.9185438e+06
   1.9185520e+06
   1.9185529e+06
   1.9186104e+06
   1.9186119e+06
   1.9186191e+06
   1.9186263e+06
   1.9186363e+06
   1.9186790e+06
   1.9186915e+06
   1.9186923e+06
   1.9186993e+06
   1.9187031e+06
   1.9187372e+06
   1.9187570e+06
   1.9187744e+06
   1.9187748e+06
   1.9187777e+06
   1.9188092e+06
   1.9188303e+06
   1.9188360e+06
   1.9188572e+06
   1.9188643e+06
   1.9188685e+06
   1.9188944e+06
   1.9189135e+06
   1.9189230e+06
   1.9189346e+06
   1.9189350e+06
   1.9189810e+06
   1.9189950e+06
   1.9190013e+06
   1.9190095e+06
   1.9190403e+06
   1.9190490e+06
   1.9190672e+06
   1.9190703e+06
   1.9190920e+06
   1.9191159e+06
   1.9191231e+06
   1.9191321e+06
   1.9191337e+06
   1.9191576e+06
   1.9191891e+06
   1.9191922e+06
   1.9191953e+06
   1.9192061e+06
   1.9192483e+06
   1.9192627e+06
   1.9192645e+06
   1.9192851e+06
   1.9192860e+06
   1.9193283e+06
   1.9193363e+06
   1.9193369e+06
   1.9193544e+06
   1.9193546e+06
   1.9194045e+06
   1.9194140e+06
   1.9194179e+06
   1.9194255e+06
   1.9194454e+06
   1.9194876e+06
   1.9194959e+06
   1.9194984e+06
   1.9195126e+06
   1.9195331e+06
   1.9195715e+06
   1.9195779e+06
   1.9195782e+06
   1.9195864e+06
   1.9196111e+06
   1.9196525e+06
   1.9196603e+06
   1.9196624e+06
   1.9196666e+06
   1.9196913e+06
   1.9197205e+06
   1.9197375e+06
   1.9197471e+06
   1.9197510e+06
   1.9197699e+06
   1.9197971e+06
   1.9198099e+06
   1.9198228e+06
   1.9198442e+06
   1.9198548e+06
   1.9198583e+06
   1.9198839e+06
   1.9199169e+06
   1.9199225e+06
   1.9199312e+06
   1.9199447e+06
   1.9199570e+06
