   7.2389870e+02
   1.1432354e+03
   1.7517692e+03
   7.4983348e+03
   7.8098206e+03
   8.5196467e+03
   2.9001165e+04
   2.9234542e+04
   3.0800068e+04
   3.1182252e+04
   3.1773365e+04
   3.2336372e+04
   3.5091708e+04
   3.5578082e+04
   3.5822624e+04
   3.6480108e+04
   3.6723736e+04
   3.7241992e+04
   3.7715042e+04
   3.7986652e+04
   3.8257489e+04
   3.9475319e+04
   4.0164081e+04
   4.0399891e+04
   4.0413011e+04
   4.0837604e+04
   4.1126420e+04
   4.1363898e+04
   4.1958975e+04
   4.2236588e+04
   4.2437764e+04
   4.2957813e+04
   4.3402980e+04
   4.3700013e+04
   4.4001626e+04
   4.4162465e+04
   4.4527142e+04
   4.4733376e+04
   4.5073085e+04
   4.5302341e+04
   4.5699668e+04
   4.5878153e+04
   4.6076367e+04
   4.6745684e+04
   4.7763309e+04
   4.9044829e+04
   4.9341450e+04
   4.9737194e+04
   5.6187916e+04
   5.6424985e+04
   5.6700885e+04
   5.6998857e+04
   5.7268032e+04
   5.7526076e+04
   5.8099930e+04
   5.8263775e+04
   6.0335473e+04
   6.1740268e+04
   6.2138743e+04
   6.2627617e+04
   6.3163177e+04
   6.5837523e+04
   6.6189323e+04
   6.6719885e+04
   6.6935002e+04
   6.8380592e+04
   6.8644063e+04
   6.8985954e+04
   6.9678670e+04
   7.0435457e+04
   7.0811600e+04
   7.1121896e+04
   7.1704376e+04
   7.2281444e+04
   7.2709825e+04
   7.3416976e+04
   7.3731268e+04
   7.4860717e+04
   7.5251150e+04
   7.5658659e+04
   7.6431347e+04
   7.7159372e+04
   7.7609131e+04
   7.8169743e+04
   7.8924990e+04
   7.9939381e+04
   8.0612807e+04
   8.0989789e+04
   8.1231458e+04
   8.2053940e+04
   8.2335850e+04
   8.2629939e+04
   8.2991596e+04
   8.3238815e+04
   8.3588448e+04
   8.6154856e+04
   8.6514789e+04
   8.6910023e+04
   8.7168700e+04
   8.7522918e+04
   8.7918666e+04
   8.8184171e+04
   8.9196297e+04
   9.0470310e+04
   9.1607016e+04
   9.2088551e+04
   9.4125890e+04
   9.5689335e+04
   1.0028283e+05
   1.0043945e+05
   1.0061833e+05
   1.0079243e+05
   1.0100611e+05
   1.0125192e+05
   1.0140821e+05
   1.0160058e+05
   1.0175118e+05
   1.0197942e+05
   1.0215461e+05
   1.0234476e+05
   1.0257511e+05
   1.0267497e+05
   1.0283248e+05
   1.0295227e+05
   1.0315987e+05
   1.0335618e+05
   1.0353974e+05
   1.0372419e+05
   1.0398981e+05
   1.0417409e+05
   1.0431636e+05
   1.0447107e+05
   1.0466582e+05
   1.0479106e+05
   1.0495225e+05
   1.0512213e+05
   1.0527998e+05
   1.0538751e+05
   1.0555467e+05
   1.0566700e+05
   1.0585919e+05
   1.0601775e+05
   1.0632751e+05
   1.0659330e+05
   1.0675895e+05
   1.0691244e+05
   1.0736485e+05
   1.0775264e+05
   1.0797260e+05
   1.0823646e+05
   1.0854878e+05
   1.0875444e+05
   1.0906965e+05
   1.0925729e+05
   1.0945923e+05
   1.0984382e+05
   1.1026271e+05
   1.1045062e+05
   1.1070531e+05
   1.1092357e+05
   1.1114435e+05
   1.1138462e+05
   1.1163219e+05
   1.1193577e+05
   1.1212861e+05
   1.1226372e+05
   1.1249453e+05
   1.1270430e+05
   1.1304651e+05
   1.1328231e+05
   1.1353836e+05
   1.1389844e+05
   1.1429815e+05
   1.1445733e+05
   1.1467463e+05
   1.1490823e+05
   1.1517101e+05
   1.1581809e+05
   1.1601007e+05
   1.1638603e+05
   1.1659499e+05
   1.1709264e+05
   1.1738024e+05
   1.1760268e+05
   1.1781141e+05
   1.1809095e+05
   1.1837233e+05
   1.1856906e+05
   1.1877014e+05
   1.1898411e+05
   1.1925351e+05
   1.1939278e+05
   1.1965738e+05
   1.1991688e+05
   1.2104033e+05
   1.2170248e+05
   1.2211694e+05
   1.2344502e+05
   1.2406151e+05
   1.2435875e+05
   1.6047785e+05
   1.6093099e+05
   1.6163085e+05
   1.6195887e+05
   1.6221998e+05
   1.6249638e+05
   1.6415601e+05
   1.6454963e+05
   1.6586511e+05
   1.6637226e+05
   1.7213433e+05
   1.7233703e+05
   1.7266054e+05
   1.7282987e+05
   1.7308593e+05
   1.7322540e+05
   1.7376459e+05
   1.7391492e+05
   1.7427476e+05
   1.7452156e+05
   1.7485718e+05
   1.7500848e+05
   1.7517787e+05
   1.7538445e+05
   1.7564790e+05
   1.7579443e+05
   1.7600618e+05
   1.7617830e+05
   1.7645134e+05
   1.7659015e+05
   1.7702554e+05
   1.7715073e+05
   1.7734565e+05
   1.7753892e+05
   1.7766091e+05
   1.7784998e+05
   1.7806641e+05
   1.7836757e+05
   1.7864232e+05
   1.7881068e+05
   1.7921128e+05
   1.7961212e+05
   1.7993034e+05
   1.8029004e+05
   1.8075085e+05
   1.8114150e+05
   1.8469730e+05
   2.1025929e+05
   2.1080708e+05
   2.1162393e+05
   2.1184177e+05
   2.1306188e+05
   2.1483960e+05
   2.1506553e+05
   2.1525913e+05
   2.1574011e+05
   2.1614236e+05
   2.1673246e+05
   2.1705266e+05
   2.1763131e+05
   2.1824007e+05
   2.2019504e+05
   2.2046915e+05
   2.2092742e+05
   2.2124915e+05
   2.2159233e+05
   2.2183069e+05
   2.2253902e+05
   2.2281065e+05
   2.2298768e+05
   2.2317398e+05
   2.2342425e+05
   2.2363144e+05
   2.2389574e+05
   2.2409990e+05
   2.2482876e+05
   2.2497898e+05
   2.2525209e+05
   2.2550161e+05
   2.2568844e+05
   2.2597101e+05
   2.2645446e+05
   2.2675906e+05
   2.2694776e+05
   2.2779396e+05
   2.2878268e+05
   2.2898741e+05
   2.2934430e+05
   2.2981652e+05
   2.3010374e+05
   2.3033391e+05
   2.3070347e+05
   2.3103867e+05
   2.3131997e+05
   2.3156513e+05
   2.3176453e+05
   2.3204883e+05
   2.3221681e+05
   2.3239755e+05
   2.3346586e+05
   2.3363259e+05
   2.3426301e+05
   2.3440946e+05
   2.3452557e+05
   2.3464493e+05
   2.3480488e+05
   2.3500335e+05
   2.3510012e+05
   2.3521796e+05
   2.3533787e+05
   2.3546258e+05
   2.3560756e+05
   2.3573005e+05
   2.3587263e+05
   2.3601498e+05
   2.3614866e+05
   2.3626148e+05
   2.3637351e+05
   2.3649127e+05
   2.3660530e+05
   2.3675833e+05
   2.3689817e+05
   2.3703414e+05
   2.3716956e+05
   2.3726246e+05
   2.3740756e+05
   2.3751711e+05
   2.3762688e+05
   2.3777319e+05
   2.3789872e+05
   2.3804745e+05
   2.3816996e+05
   2.3830855e+05
   2.3846878e+05
   2.3857761e+05
   2.3876256e+05
   2.3892714e+05
   2.3905830e+05
   2.3916558e+05
   2.3930798e+05
   2.3943283e+05
   2.3958969e+05
   2.3972225e+05
   2.3986069e+05
   2.3999383e+05
   2.4341655e+05
   2.4598982e+05
   2.4677338e+05
   2.4736222e+05
   2.7330753e+05
   2.7378311e+05
   2.7572993e+05
   2.7699433e+05
   2.7759517e+05
   2.7811792e+05
   2.7871887e+05
   2.7902339e+05
   2.7928994e+05
   2.7964784e+05
   2.8015327e+05
   2.8029616e+05
   2.8048416e+05
   2.8071197e+05
   2.8088810e+05
   2.8102821e+05
   2.8117131e+05
   2.8138598e+05
   2.8152447e+05
   2.8169585e+05
   2.8193476e+05
   2.8216148e+05
   2.8232097e+05
   2.8247561e+05
   2.8266565e+05
   2.8288513e+05
   2.8303557e+05
   2.8320412e+05
   2.8354077e+05
   2.8382306e+05
   2.8413481e+05
   2.8430484e+05
   2.8451387e+05
   2.8463825e+05
   2.8488810e+05
   2.8504967e+05
   2.8518164e+05
   2.8565038e+05
   2.8580382e+05
   2.8591098e+05
   2.8603649e+05
   2.8619353e+05
   2.8631400e+05
   2.8647391e+05
   2.8661127e+05
   2.8673696e+05
   2.8688965e+05
   2.8724873e+05
   2.8742263e+05
   2.8763307e+05
   2.8778535e+05
   2.8807247e+05
   2.8822691e+05
   2.8845030e+05
   2.8861981e+05
   2.8876024e+05
   2.8890466e+05
   2.8908694e+05
   2.8926614e+05
   2.8945611e+05
   2.8962803e+05
   2.8984607e+05
   2.9010601e+05
   2.9028511e+05
   2.9042589e+05
   2.9067605e+05
   2.9088487e+05
   2.9106035e+05
   2.9128665e+05
   2.9146034e+05
   2.9170562e+05
   2.9189116e+05
   2.9201136e+05
   2.9218008e+05
   2.9231697e+05
   2.9251409e+05
   2.9266471e+05
   2.9281210e+05
   2.9292149e+05
   2.9306661e+05
   2.9329415e+05
   2.9347584e+05
   2.9368271e+05
   2.9381258e+05
   2.9396238e+05
   2.9441240e+05
   2.9473224e+05
   2.9494156e+05
   2.9525972e+05
   2.9577937e+05
   2.9602694e+05
   2.9619795e+05
   2.9647668e+05
   2.9808915e+05
   2.9837313e+05
   2.9865984e+05
   2.9898240e+05
   2.9956075e+05
   2.9978863e+05
   3.0067308e+05
   3.0101162e+05
   3.0129111e+05
   3.0242762e+05
   3.0293324e+05
   3.0361428e+05
   3.0392661e+05
   3.0432657e+05
   3.0466034e+05
   3.0523208e+05
   3.0564296e+05
   3.0724665e+05
   3.0746437e+05
   3.0769201e+05
   3.0898005e+05
   3.0999613e+05
   3.1035434e+05
   3.1273564e+05
   3.1383462e+05
   3.1402452e+05
   3.1447862e+05
   3.1475038e+05
   3.1548108e+05
   3.1601024e+05
   3.1719514e+05
   3.1768650e+05
   3.1802379e+05
   3.1859058e+05
   3.1931048e+05
   3.1979399e+05
   3.2037040e+05
   3.2072120e+05
   3.2134820e+05
   3.2180835e+05
   3.2216214e+05
   3.2270445e+05
   3.2336427e+05
   3.2388925e+05
   3.2437073e+05
   3.2473053e+05
   3.2499362e+05
   3.2533943e+05
   3.2580804e+05
   3.2642703e+05
   3.2672069e+05
   3.2724551e+05
   3.2772639e+05
   3.2800118e+05
   3.2866173e+05
   3.2914355e+05
   3.2977669e+05
   3.3078142e+05
   3.3149435e+05
   3.3390331e+05
   3.3410452e+05
   3.3436802e+05
   3.3627507e+05
   3.3666074e+05
   3.3697356e+05
   3.3805256e+05
   3.4037582e+05
   3.4139554e+05
   3.4166404e+05
   3.4201719e+05
   3.4287500e+05
   3.4460476e+05
   3.4499541e+05
   3.4535698e+05
   3.4567551e+05
   3.4618686e+05
   3.4665715e+05
   3.4689827e+05
   3.4761448e+05
   3.4781809e+05
   3.5005085e+05
   3.5045014e+05
   3.6032295e+05
   3.6056389e+05
   3.6163447e+05
   3.6194757e+05
   3.6216898e+05
   3.6246442e+05
   3.6303069e+05
   3.6839836e+05
   3.6902396e+05
   3.6948310e+05
   3.7123041e+05
   3.7399845e+05
   3.7441368e+05
   3.7463535e+05
   3.7525575e+05
   3.7560870e+05
   3.7607243e+05
   3.7664594e+05
   3.7772400e+05
   3.7827449e+05
   3.8065435e+05
   3.8106704e+05
   3.8151644e+05
   3.8181514e+05
   3.8252540e+05
   3.8281302e+05
   3.8326682e+05
   3.8380704e+05
   3.8458862e+05
   3.8519770e+05
   3.8569856e+05
   3.8627607e+05
   3.8692528e+05
   3.8722949e+05
   3.8765545e+05
   3.8816623e+05
   3.8877253e+05
   3.8912002e+05
   3.9005036e+05
   3.9159364e+05
   3.9196454e+05
   3.9245303e+05
   3.9290716e+05
   3.9340540e+05
   3.9402048e+05
   3.9468284e+05
   3.9516476e+05
   3.9609299e+05
   3.9669935e+05
   3.9799450e+05
   3.9831718e+05
   3.9863273e+05
   3.9897016e+05
   3.9986103e+05
   4.0018207e+05
   4.0045744e+05
   4.0079497e+05
   4.0102142e+05
   4.0122819e+05
   4.0153046e+05
   4.0196871e+05
   4.0244133e+05
   4.0272610e+05
   4.0301236e+05
   4.0360179e+05
   4.0392686e+05
   4.0416017e+05
   4.0477736e+05
   4.0521332e+05
   4.0564892e+05
   4.0587678e+05
   4.0685415e+05
   4.0785109e+05
   4.0800653e+05
   4.0830124e+05
   4.0849218e+05
   4.0867586e+05
   4.0907769e+05
   4.0927745e+05
   4.0942591e+05
   4.0959912e+05
   4.0986187e+05
   4.1002232e+05
   4.1015486e+05
   4.1034663e+05
   4.1055860e+05
   4.1071946e+05
   4.1101279e+05
   4.1124326e+05
   4.1142650e+05
   4.1171590e+05
   4.1189939e+05
   4.1210586e+05
   4.1232837e+05
   4.1248737e+05
   4.1265418e+05
   4.1284000e+05
   4.1298722e+05
   4.1316460e+05
   4.1345050e+05
   4.1361321e+05
   4.1382248e+05
   4.1441906e+05
   4.1468925e+05
   4.1508810e+05
   4.1528880e+05
   4.1549173e+05
   4.1581692e+05
   4.1597179e+05
   4.1651847e+05
   4.1727032e+05
   4.1759544e+05
   4.1782490e+05
   4.1837563e+05
   4.1859922e+05
   4.1897135e+05
   4.1928095e+05
   4.1958315e+05
   4.1976152e+05
   4.1996975e+05
   4.2076336e+05
   4.2139853e+05
   4.2177868e+05
   4.2236231e+05
   4.2271442e+05
   4.2303289e+05
   4.2335045e+05
   4.2374521e+05
   4.2440257e+05
   4.2483882e+05
   4.2512333e+05
   4.2782530e+05
   4.2833333e+05
   4.2940076e+05
   4.3042137e+05
   4.3062784e+05
   4.3114476e+05
   4.3136687e+05
   4.3187667e+05
   4.3260382e+05
   4.3289290e+05
   4.3321084e+05
   4.3352918e+05
   4.4230658e+05
   4.6044690e+05
   4.6086046e+05
   4.6108247e+05
   4.6149044e+05
   4.6184428e+05
   4.6207865e+05
   4.6274980e+05
   4.6320517e+05
   4.6366328e+05
   4.6401370e+05
   4.6461950e+05
   4.6476481e+05
   4.6493879e+05
   4.6511950e+05
   4.6534812e+05
   4.6577850e+05
   4.6606467e+05
   4.6634381e+05
   4.6693896e+05
   4.6813616e+05
   4.6855813e+05
   4.6893330e+05
   4.6920920e+05
   4.6961211e+05
   4.6977659e+05
   4.7007012e+05
   4.7043957e+05
   4.7070722e+05
   4.7116988e+05
   4.7155972e+05
   4.7373221e+05
   4.7398090e+05
   4.7477140e+05
   4.7556578e+05
   4.7758237e+05
   4.7825240e+05
   4.7870098e+05
   5.0018295e+05
   5.0076334e+05
   5.0115860e+05
   5.0195827e+05
   5.0223830e+05
   5.0439286e+05
   5.0524623e+05
   5.0612377e+05
   5.0664925e+05
   5.2027228e+05
   5.2055073e+05
   5.2078185e+05
   5.2101896e+05
   5.2139862e+05
   5.2161117e+05
   5.2209322e+05
   5.2244868e+05
   5.2428050e+05
   5.2474541e+05
   5.2502471e+05
   5.2528903e+05
   5.2546631e+05
   5.2568490e+05
   5.2600531e+05
   5.3123825e+05
   5.3167641e+05
   5.3258970e+05
   5.3282937e+05
   5.3346672e+05
   5.3366894e+05
   5.3398426e+05
   5.3557656e+05
   5.3590422e+05
   5.3611696e+05
   5.3668451e+05
   5.3762926e+05
   5.3788003e+05
   5.3813869e+05
   5.3838686e+05
   5.3868457e+05
   5.3888167e+05
   5.3921082e+05
   5.3958292e+05
   5.4043421e+05
   5.4074850e+05
   5.7581369e+05
   5.7672955e+05
   5.7723409e+05
   5.7744037e+05
   5.7858704e+05
   5.7907872e+05
   5.7935592e+05
   5.8085368e+05
   5.8150618e+05
   5.8260707e+05
   5.8618861e+05
   5.8690230e+05
   5.8968397e+05
   5.9007887e+05
   5.9036180e+05
   5.9065228e+05
   5.9105134e+05
   5.9123535e+05
   5.9152411e+05
   5.9221757e+05
   5.9273998e+05
   5.9471063e+05
   5.9507970e+05
   5.9531921e+05
   5.9548864e+05
   5.9568738e+05
   5.9644570e+05
   5.9663448e+05
   5.9722883e+05
   5.9747867e+05
   5.9773752e+05
   5.9803362e+05
   5.9833169e+05
   5.9865565e+05
   5.9911612e+05
   6.0039411e+05
   6.0097998e+05
   6.0135506e+05
   7.1599484e+05
   7.1738683e+05
   7.1791967e+05
   7.1869385e+05
   7.1900885e+05
   7.2023899e+05
   7.2033103e+05
   7.2067979e+05
   7.2072968e+05
   7.2176513e+05
   7.2204259e+05
   7.2441130e+05
   7.2480367e+05
   7.2500591e+05
   7.2519857e+05
   7.2549959e+05
   7.2704805e+05
   7.2732009e+05
   7.2777812e+05
   7.2815864e+05
   7.2849035e+05
   7.2957633e+05
   7.2989604e+05
   7.3060880e+05
   7.3121258e+05
   7.3177917e+05
   7.3196474e+05
   7.3250302e+05
   7.3350241e+05
   7.3372197e+05
   7.3434877e+05
   7.3500543e+05
   7.3551886e+05
   7.3738870e+05
   7.3764109e+05
   7.3819286e+05
   7.3850380e+05
   7.3868085e+05
   7.3944415e+05
   7.3984199e+05
   7.4009518e+05
   7.4042033e+05
   7.4166322e+05
   7.4244520e+05
   7.4919945e+05
   7.4961041e+05
   7.4989909e+05
   7.5055780e+05
   7.5090230e+05
   7.5304024e+05
   7.5330430e+05
   7.5382127e+05
   7.5403779e+05
   7.5449078e+05
   7.5462123e+05
   7.5511175e+05
   7.5569561e+05
   7.5594548e+05
   7.6017991e+05
   7.8073632e+05
   7.8107656e+05
   7.8226647e+05
   7.8287009e+05
   7.8311976e+05
   7.8365492e+05
   7.8403674e+05
   7.8463745e+05
   7.8540009e+05
   7.8612368e+05
   7.8632672e+05
   7.8684441e+05
   7.8712399e+05
   7.8889846e+05
   7.8949844e+05
   7.8977156e+05
   7.8996711e+05
   7.9750390e+05
   7.9766062e+05
   7.9807893e+05
   7.9865577e+05
   8.0116973e+05
   8.0187042e+05
   8.0212937e+05
   8.0285045e+05
   8.0310160e+05
   8.0334221e+05
   8.0351637e+05
   8.0374650e+05
   8.0426847e+05
   8.0496604e+05
   8.0536924e+05
   8.0574418e+05
   8.0618491e+05
   8.0637021e+05
   8.0769803e+05
   8.0828427e+05
   8.0864413e+05
   8.0987345e+05
   8.1158478e+05
   8.1186040e+05
   8.1227195e+05
   8.1298276e+05
   8.1406790e+05
   8.1439610e+05
   8.1535777e+05
   8.2019977e+05
   8.2040446e+05
   8.2052229e+05
   8.2090077e+05
   8.2102912e+05
   8.2117349e+05
   8.2134352e+05
   8.2151720e+05
   8.2181419e+05
   8.2207697e+05
   8.2223529e+05
   8.2255610e+05
   8.2287143e+05
   8.2333330e+05
   8.2352701e+05
   8.2382952e+05
   8.2412041e+05
   8.2427373e+05
   8.2444223e+05
   8.2493159e+05
   8.2507976e+05
   8.2528699e+05
   8.2546193e+05
   8.2565026e+05
   8.2578198e+05
   8.2724405e+05
   8.2744128e+05
   8.2770574e+05
   8.2813072e+05
   8.2837223e+05
   8.2867730e+05
   8.2889198e+05
   8.2910385e+05
   8.2925764e+05
   8.2941968e+05
   8.2959958e+05
   8.2979579e+05
   8.3003525e+05
   8.3040424e+05
   8.3072250e+05
   8.3086193e+05
   8.3105446e+05
   8.3120130e+05
   8.3172239e+05
   8.3193694e+05
   8.3205585e+05
   8.3223107e+05
   8.3237319e+05
   8.3248792e+05
   8.3260693e+05
   8.3293952e+05
   8.3325323e+05
   8.3340647e+05
   8.3355624e+05
   8.3370603e+05
   8.3418297e+05
   8.3438345e+05
   8.3456142e+05
   8.3482472e+05
   8.3548408e+05
   8.3568454e+05
   8.3596140e+05
   8.3715613e+05
   8.3735310e+05
   8.3754852e+05
   8.3796352e+05
   8.3810683e+05
   8.4095328e+05
   8.4327232e+05
   8.4371674e+05
   8.4568626e+05
   8.4622368e+05
   8.4706398e+05
   8.4735929e+05
   8.4789988e+05
   8.4845179e+05
   8.4864733e+05
   8.4886906e+05
   8.4914132e+05
   8.4960118e+05
   8.5024469e+05
   8.5143596e+05
   8.5216171e+05
   8.5246739e+05
   8.5851535e+05
   8.5872081e+05
   8.5955540e+05
   8.8019439e+05
   8.8034046e+05
   8.8043789e+05
   8.8056730e+05
   8.8078505e+05
   8.8098715e+05
   8.8117503e+05
   8.8135378e+05
   8.8152644e+05
   8.8166748e+05
   8.8195665e+05
   8.8223705e+05
   8.8237103e+05
   8.8246368e+05
   8.8314708e+05
   8.8325952e+05
   8.8364727e+05
   8.8377884e+05
   8.8400719e+05
   8.8418883e+05
   8.8429682e+05
   8.8444084e+05
   8.8484326e+05
   8.8499809e+05
   8.8525912e+05
   8.8542548e+05
   8.8558962e+05
   8.8572640e+05
   8.8582709e+05
   8.8602812e+05
   8.8619376e+05
   8.8641978e+05
   8.8696972e+05
   8.8794369e+05
   8.8805494e+05
   8.8829678e+05
   8.8841755e+05
   8.8861328e+05
   8.8879041e+05
   8.8907217e+05
   8.8933943e+05
   8.8959258e+05
   8.8971680e+05
   8.8985788e+05
   8.9000614e+05
   8.9019976e+05
   8.9036402e+05
   8.9050536e+05
   8.9067493e+05
   8.9081500e+05
   8.9113309e+05
   8.9133385e+05
   8.9185281e+05
   8.9252446e+05
   8.9264784e+05
   8.9281977e+05
   8.9308742e+05
   8.9339783e+05
   8.9360012e+05
   8.9371258e+05
   8.9379220e+05
   8.9418137e+05
   8.9443043e+05
   8.9458350e+05
   8.9470839e+05
   8.9486277e+05
   8.9520728e+05
   8.9537567e+05
   8.9551365e+05
   8.9608925e+05
   8.9622804e+05
   8.9660104e+05
   8.9671019e+05
   8.9685822e+05
   8.9700172e+05
   8.9725191e+05
   8.9771187e+05
   8.9795607e+05
   8.9809139e+05
   8.9837763e+05
   8.9853312e+05
   8.9872630e+05
   8.9889464e+05
   8.9909450e+05
   8.9924973e+05
   8.9942790e+05
   9.0040705e+05
   9.0307230e+05
   9.0361370e+05
   9.0407399e+05
   9.0485621e+05
   9.0533988e+05
   9.0571365e+05
   9.0588600e+05
   9.1307397e+05
   9.1357429e+05
   9.1414488e+05
   9.1465626e+05
   9.1526696e+05
   9.1553406e+05
   9.1705149e+05
   9.1744928e+05
   9.1770465e+05
   9.1892889e+05
   9.2027095e+05
   9.2070896e+05
   9.2105599e+05
   9.2219705e+05
   9.2247825e+05
   9.2751106e+05
   9.2797565e+05
   9.2820142e+05
   9.2851034e+05
   9.2884551e+05
   9.2917102e+05
   9.2947143e+05
   9.2965560e+05
   9.3009803e+05
   9.3028695e+05
   9.3060739e+05
   9.3264399e+05
   9.3282998e+05
   9.3316069e+05
   9.3350438e+05
   9.3425330e+05
   9.3463868e+05
   9.3585487e+05
   9.3615585e+05
   9.3862391e+05
   9.3887662e+05
   9.3913943e+05
   9.4010829e+05
   9.4026684e+05
   9.4047779e+05
   9.4070357e+05
   9.4096814e+05
   9.4113251e+05
   9.4130782e+05
   9.4148348e+05
   9.4162178e+05
   9.4174669e+05
   9.4191431e+05
   9.4216974e+05
   9.4230894e+05
   9.4248452e+05
   9.4258148e+05
   9.4266998e+05
   9.4300990e+05
   9.4311017e+05
   9.4323047e+05
   9.4338641e+05
   9.4348567e+05
   9.4381505e+05
   9.4405512e+05
   9.4417707e+05
   9.4431771e+05
   9.4446279e+05
   9.4478457e+05
   9.4494277e+05
   9.4506237e+05
   9.4522249e+05
   9.4535589e+05
   9.4560403e+05
   9.4574322e+05
   9.4592251e+05
   9.4603906e+05
   9.4615007e+05
   9.4640679e+05
   9.4654956e+05
   9.4676262e+05
   9.4696240e+05
   9.4722559e+05
   9.4746419e+05
   9.4769711e+05
   9.4787039e+05
   9.4801213e+05
   9.4820393e+05
   9.4844816e+05
   9.4878166e+05
   9.4899434e+05
   9.4915969e+05
   9.4928510e+05
   9.4943218e+05
   9.4966023e+05
   9.5028714e+05
   9.5063395e+05
   9.5077304e+05
   9.5090913e+05
   9.5106705e+05
   9.5144057e+05
   9.5157033e+05
   9.5173129e+05
   9.5188411e+05
   9.5198899e+05
   9.5213218e+05
   9.5230768e+05
   9.5259319e+05
   9.5287672e+05
   9.5308077e+05
   9.5321555e+05
   9.5347136e+05
   9.5361456e+05
   9.5377539e+05
   9.5388780e+05
   9.5429354e+05
   9.5442220e+05
   9.5462557e+05
   9.5477139e+05
   9.5486759e+05
   9.5500898e+05
   9.5523662e+05
   9.5539953e+05
   9.5568945e+05
   9.5594762e+05
   9.5627131e+05
   9.5640263e+05
   9.5659549e+05
   9.5675982e+05
   9.5691389e+05
   9.5706683e+05
   9.5724497e+05
   9.5739380e+05
   9.5804352e+05
   9.5820192e+05
   9.5835256e+05
   9.5882106e+05
   9.5904843e+05
   9.5917622e+05
   9.5949243e+05
   9.5967617e+05
   9.5978262e+05
   9.5990944e+05
   9.6094308e+05
   9.6164128e+05
   9.6187492e+05
   9.6237140e+05
   9.6255452e+05
   9.6332936e+05
   9.6447193e+05
   9.6481489e+05
   9.6508281e+05
   9.6814603e+05
   9.6887153e+05
   9.6944109e+05
   9.6963291e+05
   9.6985245e+05
   1.0001751e+06
   1.0003083e+06
   1.0004423e+06
   1.0005609e+06
   1.0007163e+06
   1.0008879e+06
   1.0010291e+06
   1.0011216e+06
   1.0012461e+06
   1.0014007e+06
   1.0015475e+06
   1.0017165e+06
   1.0018539e+06
   1.0020186e+06
   1.0021340e+06
   1.0022726e+06
   1.0024106e+06
   1.0026442e+06
   1.0028789e+06
   1.0030138e+06
   1.0031754e+06
   1.0033320e+06
   1.0035481e+06
   1.0036832e+06
   1.0038577e+06
   1.0039654e+06
   1.0040727e+06
   1.0041630e+06
   1.0043765e+06
   1.0074565e+06
   1.0075938e+06
   1.0076966e+06
   1.0078358e+06
   1.0079747e+06
   1.0118361e+06
   1.0119538e+06
   1.0121374e+06
   1.0124344e+06
   1.0125808e+06
   1.0127451e+06
   1.0128538e+06
   1.0130408e+06
   1.0131738e+06
   1.0133261e+06
   1.0135407e+06
   1.0137564e+06
   1.0139295e+06
   1.0142551e+06
   1.0146486e+06
   1.0147816e+06
   1.0150129e+06
   1.0153893e+06
   1.0155236e+06
   1.0156960e+06
   1.0162123e+06
   1.0164010e+06
   1.0165635e+06
   1.0166844e+06
   1.0168210e+06
   1.0170411e+06
   1.0171508e+06
   1.0173071e+06
   1.0174229e+06
   1.0175703e+06
   1.0177123e+06
   1.0178276e+06
   1.0179308e+06
   1.0181361e+06
   1.0186817e+06
   1.0188587e+06
   1.0194547e+06
   1.0196064e+06
   1.0197790e+06
   1.0199791e+06
   1.0207814e+06
   1.0218533e+06
   1.0220785e+06
   1.0229953e+06
   1.0232667e+06
   1.0246275e+06
   1.0252798e+06
   1.0280102e+06
   1.0282694e+06
   1.0289846e+06
   1.0352573e+06
   1.0358089e+06
   1.0362879e+06
   1.0365035e+06
   1.0368100e+06
   1.0369894e+06
   1.0376338e+06
   1.0392135e+06
   1.0400447e+06
   1.0404950e+06
   1.0407410e+06
   1.0412575e+06
   1.0414676e+06
   1.0517586e+06
   1.0520612e+06
   1.0534395e+06
   1.0559050e+06
   1.0565413e+06
   1.0567908e+06
   1.0570919e+06
   1.0575630e+06
   1.0582564e+06
   1.0587319e+06
   1.0591597e+06
   1.0601312e+06
   1.0602434e+06
   1.0603885e+06
   1.0604958e+06
   1.0605899e+06
   1.0607065e+06
   1.0608262e+06
   1.0610757e+06
   1.0611974e+06
   1.0613104e+06
   1.0614199e+06
   1.0615824e+06
   1.0616986e+06
   1.0618227e+06
   1.0620223e+06
   1.0622381e+06
   1.0623682e+06
   1.0625135e+06
   1.0626420e+06
   1.0627672e+06
   1.0629008e+06
   1.0631285e+06
   1.0634694e+06
   1.0636017e+06
   1.0637617e+06
   1.0639386e+06
   1.0641453e+06
   1.0643258e+06
   1.0645487e+06
   1.0646646e+06
   1.0647762e+06
   1.0649568e+06
   1.0650712e+06
   1.0652603e+06
   1.0654247e+06
   1.0656126e+06
   1.0657491e+06
   1.0659219e+06
   1.0660415e+06
   1.0661450e+06
   1.0662726e+06
   1.0663854e+06
   1.0665095e+06
   1.0666635e+06
   1.0667805e+06
   1.0671791e+06
   1.0673713e+06
   1.0675885e+06
   1.0677602e+06
   1.0678907e+06
   1.0680201e+06
   1.0681638e+06
   1.0684158e+06
   1.0685430e+06
   1.0686727e+06
   1.0687843e+06
   1.0689249e+06
   1.0690495e+06
   1.0692140e+06
   1.0693881e+06
   1.0695059e+06
   1.0697960e+06
   1.0700403e+06
   1.0701762e+06
   1.0703902e+06
   1.0705240e+06
   1.0706621e+06
   1.0709656e+06
   1.0711073e+06
   1.0713311e+06
   1.0715860e+06
   1.0717316e+06
   1.0718806e+06
   1.0721037e+06
   1.0722189e+06
   1.0723374e+06
   1.0725640e+06
   1.0728003e+06
   1.0731836e+06
   1.0733378e+06
   1.0735530e+06
   1.0736893e+06
   1.0738443e+06
   1.0743458e+06
   1.0745469e+06
   1.0746985e+06
   1.0749150e+06
   1.0756025e+06
   1.0757671e+06
   1.0759970e+06
   1.0761039e+06
   1.0763345e+06
   1.0764753e+06
   1.0766119e+06
   1.0767143e+06
   1.0768180e+06
   1.0769471e+06
   1.0770486e+06
   1.0771859e+06
   1.0772832e+06
   1.0774293e+06
   1.0776278e+06
   1.0778645e+06
   1.0779781e+06
   1.0781467e+06
   1.0784959e+06
   1.0786367e+06
   1.0789163e+06
   1.0790974e+06
   1.0792244e+06
   1.0793733e+06
   1.0794872e+06
   1.0796394e+06
   1.0797519e+06
   1.0799788e+06
   1.0803285e+06
   1.0808191e+06
   1.0810920e+06
   1.0814105e+06
   1.0840120e+06
   1.0842753e+06
   1.0846497e+06
   1.0850338e+06
   1.0852632e+06
   1.0854812e+06
   1.0860779e+06
   1.0879349e+06
   1.0881357e+06
   1.0887335e+06
   1.0901143e+06
   1.0914372e+06
   1.0917339e+06
   1.0922128e+06
   1.0968716e+06
   1.0971072e+06
   1.0975914e+06
   1.0985623e+06
   1.0989661e+06
   1.0992708e+06
   1.0998382e+06
   1.1005976e+06
   1.1008059e+06
   1.1010565e+06
   1.1014565e+06
   1.1023949e+06
   1.1028916e+06
   1.1031854e+06
   1.1038063e+06
   1.1039818e+06
   1.1041181e+06
   1.1045213e+06
   1.1050826e+06
   1.1083251e+06
   1.1086093e+06
   1.1087627e+06
   1.1097315e+06
   1.1099200e+06
   1.1101430e+06
   1.1119254e+06
   1.1127182e+06
   1.1129048e+06
   1.1142651e+06
   1.1146082e+06
   1.1148766e+06
   1.1151124e+06
   1.1163212e+06
   1.1173629e+06
   1.1176323e+06
   1.1182182e+06
   1.1183497e+06
   1.1191790e+06
   1.1197666e+06
   1.1201306e+06
   1.1203463e+06
   1.1205059e+06
   1.1207389e+06
   1.1208255e+06
   1.1209886e+06
   1.1210740e+06
   1.1211955e+06
   1.1213323e+06
   1.1215085e+06
   1.1216508e+06
   1.1217608e+06
   1.1218569e+06
   1.1222181e+06
   1.1223125e+06
   1.1224086e+06
   1.1225825e+06
   1.1226843e+06
   1.1228442e+06
   1.1230073e+06
   1.1231110e+06
   1.1232562e+06
   1.1233695e+06
   1.1234704e+06
   1.1237847e+06
   1.1239115e+06
   1.1240504e+06
   1.1242124e+06
   1.1243417e+06
   1.1244592e+06
   1.1246566e+06
   1.1247573e+06
   1.1248642e+06
   1.1249832e+06
   1.1251386e+06
   1.1252631e+06
   1.1253576e+06
   1.1254616e+06
   1.1255687e+06
   1.1256841e+06
   1.1258454e+06
   1.1259908e+06
   1.1261482e+06
   1.1262747e+06
   1.1265210e+06
   1.1266056e+06
   1.1267564e+06
   1.1268704e+06
   1.1274142e+06
   1.1275094e+06
   1.1276303e+06
   1.1277674e+06
   1.1279349e+06
   1.1280638e+06
   1.1281618e+06
   1.1283618e+06
   1.1285293e+06
   1.1286932e+06
   1.1288930e+06
   1.1290383e+06
   1.1292190e+06
   1.1294017e+06
   1.1296391e+06
   1.1299678e+06
   1.1301129e+06
   1.1303116e+06
   1.1304194e+06
   1.1305964e+06
   1.1306947e+06
   1.1309396e+06
   1.1310487e+06
   1.1312324e+06
   1.1313475e+06
   1.1315841e+06
   1.1317281e+06
   1.1318149e+06
   1.1319971e+06
   1.1320857e+06
   1.1321922e+06
   1.1323483e+06
   1.1324427e+06
   1.1325675e+06
   1.1326744e+06
   1.1328220e+06
   1.1329487e+06
   1.1330978e+06
   1.1332370e+06
   1.1333515e+06
   1.1335155e+06
   1.1337322e+06
   1.1338588e+06
   1.1339791e+06
   1.1343141e+06
   1.1344394e+06
   1.1345780e+06
   1.1346873e+06
   1.1347859e+06
   1.1349300e+06
   1.1350357e+06
   1.1352154e+06
   1.1353256e+06
   1.1354571e+06
   1.1356194e+06
   1.1357835e+06
   1.1359481e+06
   1.1361727e+06
   1.1362982e+06
   1.1364449e+06
   1.1366184e+06
   1.1367870e+06
   1.1368884e+06
   1.1370498e+06
   1.1372400e+06
   1.1373620e+06
   1.1374911e+06
   1.1376218e+06
   1.1378693e+06
   1.1382285e+06
   1.1383880e+06
   1.1385192e+06
   1.1386864e+06
   1.1389872e+06
   1.1391137e+06
   1.1392648e+06
   1.1396658e+06
   1.1397792e+06
   1.1399009e+06
   1.1404936e+06
   1.1406439e+06
   1.1408999e+06
   1.1412170e+06
   1.1415162e+06
   1.1417740e+06
   1.1420356e+06
   1.1423358e+06
   1.1433024e+06
   1.1437697e+06
   1.1444440e+06
   1.1447946e+06
   1.1485948e+06
   1.1490215e+06
   1.1493083e+06
   1.1498036e+06
   1.1502037e+06
   1.1564325e+06
   1.1571763e+06
   1.1588518e+06
   1.1595835e+06
   1.1601252e+06
   1.1604258e+06
   1.1606975e+06
   1.1610312e+06
   1.1615047e+06
   1.1617795e+06
   1.1619576e+06
   1.1626016e+06
   1.1631734e+06
   1.1633720e+06
   1.1643718e+06
   1.1645456e+06
   1.1650326e+06
   1.1667058e+06
   1.1670649e+06
   1.1673868e+06
   1.1677485e+06
   1.1681365e+06
   1.1692719e+06
   1.1695226e+06
   1.1698516e+06
   1.1703651e+06
   1.1705668e+06
   1.1708230e+06
   1.1722689e+06
   1.1728863e+06
   1.1780387e+06
   1.1782847e+06
   1.1785978e+06
   1.1788046e+06
   1.1789598e+06
   1.1792747e+06
   1.1794681e+06
   1.1799366e+06
   1.1801626e+06
   1.1803910e+06
   1.1805622e+06
   1.1807020e+06
   1.1808711e+06
   1.1811997e+06
   1.1813562e+06
   1.1814779e+06
   1.1815700e+06
   1.1816576e+06
   1.1817707e+06
   1.1819378e+06
   1.1820381e+06
   1.1821315e+06
   1.1822905e+06
   1.1824322e+06
   1.1825385e+06
   1.1827025e+06
   1.1828689e+06
   1.1829957e+06
   1.1831151e+06
   1.1832596e+06
   1.1834305e+06
   1.1835859e+06
   1.1836982e+06
   1.1838422e+06
   1.1839763e+06
   1.1841069e+06
   1.1842239e+06
   1.1843981e+06
   1.1845291e+06
   1.1846117e+06
   1.1847593e+06
   1.1848919e+06
   1.1849898e+06
   1.1851465e+06
   1.1853000e+06
   1.1854203e+06
   1.1856506e+06
   1.1857572e+06
   1.1858865e+06
   1.1861034e+06
   1.1863225e+06
   1.1864330e+06
   1.1865357e+06
   1.1866747e+06
   1.1867663e+06
   1.1868807e+06
   1.1871821e+06
   1.1873575e+06
   1.1874710e+06
   1.1876253e+06
   1.1877414e+06
   1.1878608e+06
   1.1879676e+06
   1.1881057e+06
   1.1881924e+06
   1.1883492e+06
   1.1884366e+06
   1.1886061e+06
   1.1887498e+06
   1.1888471e+06
   1.1889807e+06
   1.1890820e+06
   1.1892192e+06
   1.1893190e+06
   1.1894274e+06
   1.1895255e+06
   1.1896422e+06
   1.1897320e+06
   1.1899314e+06
   1.1900338e+06
   1.1902216e+06
   1.1903573e+06
   1.1905211e+06
   1.1906394e+06
   1.1907734e+06
   1.1908693e+06
   1.1909909e+06
   1.1911793e+06
   1.1912585e+06
   1.1914035e+06
   1.1915509e+06
   1.1916889e+06
   1.1918821e+06
   1.1920000e+06
   1.1921234e+06
   1.1922175e+06
   1.1923056e+06
   1.1924624e+06
   1.1926150e+06
   1.1927654e+06
   1.1928863e+06
   1.1930016e+06
   1.1931212e+06
   1.1932551e+06
   1.1933845e+06
   1.1934887e+06
   1.1936055e+06
   1.1937316e+06
   1.1939010e+06
   1.1941483e+06
   1.1942848e+06
   1.1945017e+06
   1.1947333e+06
   1.1948681e+06
   1.1949935e+06
   1.1951643e+06
   1.1952976e+06
   1.1954313e+06
   1.1955263e+06
   1.1957780e+06
   1.1959441e+06
   1.1960532e+06
   1.1961935e+06
   1.1963147e+06
   1.1964561e+06
   1.1966245e+06
   1.1967540e+06
   1.1968361e+06
   1.1969841e+06
   1.1970959e+06
   1.1972638e+06
   1.1974455e+06
   1.1975651e+06
   1.1976715e+06
   1.1978848e+06
   1.1980272e+06
   1.1982489e+06
   1.1984303e+06
   1.1987343e+06
   1.1989590e+06
   1.1990695e+06
   1.1991939e+06
   1.1993530e+06
   1.1995213e+06
   1.1996354e+06
   1.1997687e+06
   1.1998740e+06
   1.2003857e+06
   1.2006642e+06
   1.2021402e+06
   1.2025846e+06
   1.2031857e+06
   1.2034795e+06
   1.2038900e+06
   1.2048819e+06
   1.2052923e+06
   1.2054644e+06
   1.2070763e+06
   1.2073441e+06
   1.2105344e+06
   1.2107689e+06
   1.2117645e+06
   1.2126505e+06
   1.2133563e+06
   1.2137196e+06
   1.2141200e+06
   1.2148472e+06
   1.2155273e+06
   1.2169792e+06
   1.2171867e+06
   1.2401672e+06
   1.2402993e+06
   1.2404006e+06
   1.2404927e+06
   1.2406397e+06
   1.2407360e+06
   1.2408245e+06
   1.2409750e+06
   1.2411583e+06
   1.2412941e+06
   1.2413866e+06
   1.2414845e+06
   1.2416090e+06
   1.2417538e+06
   1.2418584e+06
   1.2419536e+06
   1.2420990e+06
   1.2422194e+06
   1.2423742e+06
   1.2425011e+06
   1.2425980e+06
   1.2427944e+06
   1.2428960e+06
   1.2430161e+06
   1.2431660e+06
   1.2432967e+06
   1.2434201e+06
   1.2435141e+06
   1.2436180e+06
   1.2437220e+06
   1.2438388e+06
   1.2439298e+06
   1.2440613e+06
   1.2442228e+06
   1.2443789e+06
   1.2444964e+06
   1.2445905e+06
   1.2447106e+06
   1.2448590e+06
   1.2449944e+06
   1.2450982e+06
   1.2452143e+06
   1.2453697e+06
   1.2454777e+06
   1.2455724e+06
   1.2457089e+06
   1.2458330e+06
   1.2459398e+06
   1.2460653e+06
   1.2461576e+06
   1.2462966e+06
   1.2463934e+06
   1.2465011e+06
   1.2466396e+06
   1.2467627e+06
   1.2469218e+06
   1.2470942e+06
   1.2471856e+06
   1.2473240e+06
   1.2474622e+06
   1.2476079e+06
   1.2477194e+06
   1.2478176e+06
   1.2479334e+06
   1.2480229e+06
   1.2481359e+06
   1.2483900e+06
   1.2486031e+06
   1.2487164e+06
   1.2488255e+06
   1.2489369e+06
   1.2490416e+06
   1.2491755e+06
   1.2492707e+06
   1.2493953e+06
   1.2494899e+06
   1.2495734e+06
   1.2496969e+06
   1.2498093e+06
   1.2499182e+06
   1.2500835e+06
   1.2502270e+06
   1.2503279e+06
   1.2504828e+06
   1.2505770e+06
   1.2506916e+06
   1.2507779e+06
   1.2508983e+06
   1.2509931e+06
   1.2511142e+06
   1.2512579e+06
   1.2514705e+06
   1.2515597e+06
   1.2516611e+06
   1.2517700e+06
   1.2519459e+06
   1.2520822e+06
   1.2521924e+06
   1.2523078e+06
   1.2525173e+06
   1.2531261e+06
   1.2532908e+06
   1.2534001e+06
   1.2535658e+06
   1.2537305e+06
   1.2539233e+06
   1.2541178e+06
   1.2542262e+06
   1.2543228e+06
   1.2545120e+06
   1.2546221e+06
   1.2547609e+06
   1.2548730e+06
   1.2550028e+06
   1.2551437e+06
   1.2552289e+06
   1.2554307e+06
   1.2556994e+06
   1.2559621e+06
   1.2560707e+06
   1.2562012e+06
   1.2565042e+06
   1.2567400e+06
   1.2568180e+06
   1.2569281e+06
   1.2570906e+06
   1.2572505e+06
   1.2573890e+06
   1.2576090e+06
   1.2577359e+06
   1.2578803e+06
   1.2580525e+06
   1.2582098e+06
   1.2583653e+06
   1.2585353e+06
   1.2586615e+06
   1.2588535e+06
   1.2589819e+06
   1.2591101e+06
   1.2592065e+06
   1.2593472e+06
   1.2595026e+06
   1.2596727e+06
   1.2597927e+06
   1.2599524e+06
   1.2767074e+06
   1.2772992e+06
   1.2775312e+06
   1.2777406e+06
   1.2782103e+06
   1.2785689e+06
   1.2794726e+06
   1.2797358e+06
   1.2798571e+06
   1.2802406e+06
   1.2806570e+06
   1.2831209e+06
   1.2834428e+06
   1.2837247e+06
   1.2840157e+06
   1.2843695e+06
   1.2847353e+06
   1.2849846e+06
   1.2854321e+06
   1.2856996e+06
   1.2860868e+06
   1.2863981e+06
   1.2866430e+06
   1.2868039e+06
   1.2884599e+06
   1.2887737e+06
   1.2892667e+06
   1.2894438e+06
   1.2897980e+06
   1.2901851e+06
   1.2906366e+06
   1.2910206e+06
   1.2916675e+06
   1.2918320e+06
   1.2924793e+06
   1.2927723e+06
   1.2931068e+06
   1.2944096e+06
   1.2948122e+06
   1.2951458e+06
   1.2955068e+06
   1.2979793e+06
   1.2983997e+06
   1.2991569e+06
   1.2993279e+06
   1.3000814e+06
   1.3001812e+06
   1.3002863e+06
   1.3003819e+06
   1.3005084e+06
   1.3006662e+06
   1.3007537e+06
   1.3009204e+06
   1.3010328e+06
   1.3011354e+06
   1.3012382e+06
   1.3015509e+06
   1.3016573e+06
   1.3017646e+06
   1.3018700e+06
   1.3020068e+06
   1.3021598e+06
   1.3022372e+06
   1.3023499e+06
   1.3024445e+06
   1.3025261e+06
   1.3026302e+06
   1.3027797e+06
   1.3028892e+06
   1.3030802e+06
   1.3031968e+06
   1.3033563e+06
   1.3034897e+06
   1.3036261e+06
   1.3037577e+06
   1.3039641e+06
   1.3040747e+06
   1.3041908e+06
   1.3043308e+06
   1.3044521e+06
   1.3046188e+06
   1.3047472e+06
   1.3049203e+06
   1.3050832e+06
   1.3051949e+06
   1.3053380e+06
   1.3054510e+06
   1.3055632e+06
   1.3057268e+06
   1.3058442e+06
   1.3059626e+06
   1.3060703e+06
   1.3062268e+06
   1.3063726e+06
   1.3064858e+06
   1.3065980e+06
   1.3066937e+06
   1.3068261e+06
   1.3069696e+06
   1.3071856e+06
   1.3073729e+06
   1.3075133e+06
   1.3076601e+06
   1.3078565e+06
   1.3080171e+06
   1.3081058e+06
   1.3082006e+06
   1.3083203e+06
   1.3087572e+06
   1.3088645e+06
   1.3090426e+06
   1.3091529e+06
   1.3092531e+06
   1.3093516e+06
   1.3094353e+06
   1.3096124e+06
   1.3097183e+06
   1.3098285e+06
   1.3099385e+06
   1.3100940e+06
   1.3102107e+06
   1.3103264e+06
   1.3104248e+06
   1.3105610e+06
   1.3106721e+06
   1.3107444e+06
   1.3108678e+06
   1.3110177e+06
   1.3111620e+06
   1.3112819e+06
   1.3113961e+06
   1.3117177e+06
   1.3118468e+06
   1.3119783e+06
   1.3120771e+06
   1.3121913e+06
   1.3123402e+06
   1.3124817e+06
   1.3126701e+06
   1.3128022e+06
   1.3129326e+06
   1.3130375e+06
   1.3131528e+06
   1.3132708e+06
   1.3133954e+06
   1.3136090e+06
   1.3136977e+06
   1.3137986e+06
   1.3139306e+06
   1.3142272e+06
   1.3143541e+06
   1.3144906e+06
   1.3146138e+06
   1.3147157e+06
   1.3148358e+06
   1.3149839e+06
   1.3150840e+06
   1.3152469e+06
   1.3154039e+06
   1.3155225e+06
   1.3156579e+06
   1.3157710e+06
   1.3159023e+06
   1.3160360e+06
   1.3161473e+06
   1.3162846e+06
   1.3164695e+06
   1.3166611e+06
   1.3167965e+06
   1.3169027e+06
   1.3170231e+06
   1.3172728e+06
   1.3173474e+06
   1.3175075e+06
   1.3176536e+06
   1.3177844e+06
   1.3179568e+06
   1.3181301e+06
   1.3183627e+06
   1.3184695e+06
   1.3186109e+06
   1.3187440e+06
   1.3189288e+06
   1.3197112e+06
   1.3198095e+06
   1.3203532e+06
   1.3218685e+06
   1.3227714e+06
   1.3232985e+06
   1.3236618e+06
   1.3247837e+06
   1.3250441e+06
   1.3256053e+06
   1.3258950e+06
   1.3262047e+06
   1.3263544e+06
   1.3265648e+06
   1.3279717e+06
   1.3282196e+06
   1.3286040e+06
   1.3292252e+06
   1.3299491e+06
   1.3303458e+06
   1.3314434e+06
   1.3319572e+06
   1.3323668e+06
   1.3326510e+06
   1.3330113e+06
   1.3387005e+06
   1.3412319e+06
   1.3417070e+06
   1.3419917e+06
   1.3421603e+06
   1.3429058e+06
   1.3576137e+06
   1.3589178e+06
   1.3592125e+06
   1.3594297e+06
   1.3600923e+06
   1.3601784e+06
   1.3602881e+06
   1.3603817e+06
   1.3605257e+06
   1.3606112e+06
   1.3607094e+06
   1.3607871e+06
   1.3608688e+06
   1.3609963e+06
   1.3611387e+06
   1.3612428e+06
   1.3613499e+06
   1.3614376e+06
   1.3615328e+06
   1.3616496e+06
   1.3618099e+06
   1.3618843e+06
   1.3619716e+06
   1.3620743e+06
   1.3622826e+06
   1.3623779e+06
   1.3624734e+06
   1.3625585e+06
   1.3626665e+06
   1.3627731e+06
   1.3629024e+06
   1.3630462e+06
   1.3631885e+06
   1.3633339e+06
   1.3634506e+06
   1.3635621e+06
   1.3636541e+06
   1.3638000e+06
   1.3639722e+06
   1.3640547e+06
   1.3641642e+06
   1.3642500e+06
   1.3643462e+06
   1.3644698e+06
   1.3645703e+06
   1.3646656e+06
   1.3647555e+06
   1.3648693e+06
   1.3649867e+06
   1.3650944e+06
   1.3651705e+06
   1.3652866e+06
   1.3654009e+06
   1.3655187e+06
   1.3656384e+06
   1.3657858e+06
   1.3658746e+06
   1.3659783e+06
   1.3660927e+06
   1.3663137e+06
   1.3663983e+06
   1.3665241e+06
   1.3666206e+06
   1.3667253e+06
   1.3668942e+06
   1.3671147e+06
   1.3672098e+06
   1.3674139e+06
   1.3675108e+06
   1.3676626e+06
   1.3677812e+06
   1.3678986e+06
   1.3679772e+06
   1.3680984e+06
   1.3681910e+06
   1.3682776e+06
   1.3683544e+06
   1.3684765e+06
   1.3685934e+06
   1.3687621e+06
   1.3688853e+06
   1.3689698e+06
   1.3691080e+06
   1.3692568e+06
   1.3693904e+06
   1.3695590e+06
   1.3696733e+06
   1.3697548e+06
   1.3698730e+06
   1.3699969e+06
   1.3701133e+06
   1.3702225e+06
   1.3703301e+06
   1.3704364e+06
   1.3705593e+06
   1.3707137e+06
   1.3708074e+06
   1.3709202e+06
   1.3710028e+06
   1.3710993e+06
   1.3712541e+06
   1.3713728e+06
   1.3714762e+06
   1.3716011e+06
   1.3716766e+06
   1.3718046e+06
   1.3721878e+06
   1.3723433e+06
   1.3724499e+06
   1.3725625e+06
   1.3727186e+06
   1.3728436e+06
   1.3729412e+06
   1.3730603e+06
   1.3731811e+06
   1.3732990e+06
   1.3733957e+06
   1.3735213e+06
   1.3736445e+06
   1.3737374e+06
   1.3739340e+06
   1.3742020e+06
   1.3743052e+06
   1.3745204e+06
   1.3746171e+06
   1.3747359e+06
   1.3748478e+06
   1.3749518e+06
   1.3750454e+06
   1.3751917e+06
   1.3752761e+06
   1.3756059e+06
   1.3758526e+06
   1.3759636e+06
   1.3760929e+06
   1.3762964e+06
   1.3763755e+06
   1.3764622e+06
   1.3766256e+06
   1.3767679e+06
   1.3768597e+06
   1.3769870e+06
   1.3771138e+06
   1.3772209e+06
   1.3773108e+06
   1.3774571e+06
   1.3775686e+06
   1.3776578e+06
   1.3777770e+06
   1.3778718e+06
   1.3779779e+06
   1.3780818e+06
   1.3781976e+06
   1.3783164e+06
   1.3784050e+06
   1.3785071e+06
   1.3786394e+06
   1.3787563e+06
   1.3789158e+06
   1.3790896e+06
   1.3791873e+06
   1.3792834e+06
   1.3793652e+06
   1.3795061e+06
   1.3795792e+06
   1.3796698e+06
   1.3798069e+06
   1.3799412e+06
   1.3802859e+06
   1.3818152e+06
   1.3822565e+06
   1.3827861e+06
   1.3830871e+06
   1.3833432e+06
   1.3836130e+06
   1.3839583e+06
   1.3845442e+06
   1.3847573e+06
   1.3852876e+06
   1.3855734e+06
   1.3858615e+06
   1.3862846e+06
   1.3871202e+06
   1.3874286e+06
   1.3877975e+06
   1.3881023e+06
   1.3885147e+06
   1.3937919e+06
   1.3943728e+06
   1.4111446e+06
   1.4116748e+06
   1.4121091e+06
   1.4128271e+06
   1.4131125e+06
   1.4134663e+06
   1.4137135e+06
   1.4155462e+06
   1.4158059e+06
   1.4166288e+06
   1.4171259e+06
   1.4200877e+06
   1.4202215e+06
   1.4203631e+06
   1.4204804e+06
   1.4205592e+06
   1.4206929e+06
   1.4208922e+06
   1.4210338e+06
   1.4211430e+06
   1.4212341e+06
   1.4213434e+06
   1.4214305e+06
   1.4215410e+06
   1.4216272e+06
   1.4217285e+06
   1.4218332e+06
   1.4219908e+06
   1.4221035e+06
   1.4221830e+06
   1.4222559e+06
   1.4223617e+06
   1.4224613e+06
   1.4225427e+06
   1.4226344e+06
   1.4227209e+06
   1.4228171e+06
   1.4229654e+06
   1.4230610e+06
   1.4231543e+06
   1.4232721e+06
   1.4233714e+06
   1.4234835e+06
   1.4235794e+06
   1.4237094e+06
   1.4238341e+06
   1.4239259e+06
   1.4240271e+06
   1.4242141e+06
   1.4243262e+06
   1.4244359e+06
   1.4245579e+06
   1.4246427e+06
   1.4247260e+06
   1.4248823e+06
   1.4250226e+06
   1.4251172e+06
   1.4252325e+06
   1.4253345e+06
   1.4254164e+06
   1.4255123e+06
   1.4256020e+06
   1.4256878e+06
   1.4258251e+06
   1.4259431e+06
   1.4260407e+06
   1.4261608e+06
   1.4262341e+06
   1.4263113e+06
   1.4264434e+06
   1.4265255e+06
   1.4266288e+06
   1.4267581e+06
   1.4268594e+06
   1.4269494e+06
   1.4271433e+06
   1.4272507e+06
   1.4274214e+06
   1.4275072e+06
   1.4275858e+06
   1.4276799e+06
   1.4277731e+06
   1.4278821e+06
   1.4279702e+06
   1.4280754e+06
   1.4281696e+06
   1.4282776e+06
   1.4283608e+06
   1.4284884e+06
   1.4286180e+06
   1.4287585e+06
   1.4288474e+06
   1.4289865e+06
   1.4291459e+06
   1.4292523e+06
   1.4294471e+06
   1.4295345e+06
   1.4296415e+06
   1.4297208e+06
   1.4298286e+06
   1.4299272e+06
   1.4300550e+06
   1.4301778e+06
   1.4304353e+06
   1.4305425e+06
   1.4306565e+06
   1.4308151e+06
   1.4309070e+06
   1.4310121e+06
   1.4310865e+06
   1.4311884e+06
   1.4312594e+06
   1.4313805e+06
   1.4315027e+06
   1.4315785e+06
   1.4316682e+06
   1.4317695e+06
   1.4318936e+06
   1.4319937e+06
   1.4321351e+06
   1.4322228e+06
   1.4323123e+06
   1.4324654e+06
   1.4325875e+06
   1.4327680e+06
   1.4328848e+06
   1.4330245e+06
   1.4331481e+06
   1.4332396e+06
   1.4333500e+06
   1.4334691e+06
   1.4335931e+06
   1.4337642e+06
   1.4338677e+06
   1.4341200e+06
   1.4342498e+06
   1.4343609e+06
   1.4344685e+06
   1.4346028e+06
   1.4347170e+06
   1.4348135e+06
   1.4349215e+06
   1.4350231e+06
   1.4351467e+06
   1.4352662e+06
   1.4353702e+06
   1.4354772e+06
   1.4355986e+06
   1.4357055e+06
   1.4357976e+06
   1.4358883e+06
   1.4359670e+06
   1.4360668e+06
   1.4361478e+06
   1.4362668e+06
   1.4363474e+06
   1.4364399e+06
   1.4365581e+06
   1.4366406e+06
   1.4368566e+06
   1.4369783e+06
   1.4370930e+06
   1.4371737e+06
   1.4373011e+06
   1.4373995e+06
   1.4375197e+06
   1.4376753e+06
   1.4377803e+06
   1.4378735e+06
   1.4379594e+06
   1.4380553e+06
   1.4381296e+06
   1.4382757e+06
   1.4383702e+06
   1.4384992e+06
   1.4386185e+06
   1.4387341e+06
   1.4388358e+06
   1.4389480e+06
   1.4390299e+06
   1.4391264e+06
   1.4392049e+06
   1.4392906e+06
   1.4394071e+06
   1.4395059e+06
   1.4395822e+06
   1.4396792e+06
   1.4397571e+06
   1.4398665e+06
   1.4399833e+06
   1.4407140e+06
   1.4408641e+06
   1.4411814e+06
   1.4417222e+06
   1.4424329e+06
   1.4425991e+06
   1.4436287e+06
   1.4439556e+06
   1.4443408e+06
   1.4455193e+06
   1.4457244e+06
   1.4465546e+06
   1.4472461e+06
   1.4474494e+06
   1.4503645e+06
   1.4599494e+06
   1.4605819e+06
   1.4611122e+06
   1.4628578e+06
   1.4632260e+06
   1.4647487e+06
   1.4650937e+06
   1.4658979e+06
   1.4662031e+06
   1.4666261e+06
   1.4690118e+06
   1.4707817e+06
   1.4717395e+06
   1.4721640e+06
   1.4800831e+06
   1.4801904e+06
   1.4802985e+06
   1.4804283e+06
   1.4805257e+06
   1.4806070e+06
   1.4807159e+06
   1.4807879e+06
   1.4808551e+06
   1.4809741e+06
   1.4810645e+06
   1.4812116e+06
   1.4813211e+06
   1.4814145e+06
   1.4815105e+06
   1.4816007e+06
   1.4817151e+06
   1.4817921e+06
   1.4819210e+06
   1.4820028e+06
   1.4821352e+06
   1.4822451e+06
   1.4823497e+06
   1.4824559e+06
   1.4825311e+06
   1.4826312e+06
   1.4827129e+06
   1.4827976e+06
   1.4828846e+06
   1.4829664e+06
   1.4830304e+06
   1.4831264e+06
   1.4832150e+06
   1.4833387e+06
   1.4834627e+06
   1.4835714e+06
   1.4836654e+06
   1.4837786e+06
   1.4838765e+06
   1.4839539e+06
   1.4840427e+06
   1.4841288e+06
   1.4842582e+06
   1.4843937e+06
   1.4844919e+06
   1.4845707e+06
   1.4846754e+06
   1.4847659e+06
   1.4849674e+06
   1.4850659e+06
   1.4851492e+06
   1.4852352e+06
   1.4853070e+06
   1.4854068e+06
   1.4855023e+06
   1.4856091e+06
   1.4856989e+06
   1.4858784e+06
   1.4859776e+06
   1.4860539e+06
   1.4861474e+06
   1.4862124e+06
   1.4863583e+06
   1.4864610e+06
   1.4865655e+06
   1.4866523e+06
   1.4867412e+06
   1.4868477e+06
   1.4869485e+06
   1.4871392e+06
   1.4872881e+06
   1.4873857e+06
   1.4874833e+06
   1.4875571e+06
   1.4876561e+06
   1.4877472e+06
   1.4878820e+06
   1.4880061e+06
   1.4880884e+06
   1.4881848e+06
   1.4882719e+06
   1.4883938e+06
   1.4884882e+06
   1.4886296e+06
   1.4887116e+06
   1.4888302e+06
   1.4889132e+06
   1.4890103e+06
   1.4891005e+06
   1.4892129e+06
   1.4893481e+06
   1.4894759e+06
   1.4895785e+06
   1.4896886e+06
   1.4897997e+06
   1.4899014e+06
   1.4900346e+06
   1.4901457e+06
   1.4902562e+06
   1.4903615e+06
   1.4904571e+06
   1.4906001e+06
   1.4906979e+06
   1.4908030e+06
   1.4908775e+06
   1.4909777e+06
   1.4910984e+06
   1.4912187e+06
   1.4912925e+06
   1.4914347e+06
   1.4915306e+06
   1.4916758e+06
   1.4917549e+06
   1.4918218e+06
   1.4919168e+06
   1.4920248e+06
   1.4921168e+06
   1.4922464e+06
   1.4923534e+06
   1.4924940e+06
   1.4926145e+06
   1.4927169e+06
   1.4928235e+06
   1.4929126e+06
   1.4930805e+06
   1.4931653e+06
   1.4932707e+06
   1.4933774e+06
   1.4934456e+06
   1.4935481e+06
   1.4936187e+06
   1.4936868e+06
   1.4937804e+06
   1.4939102e+06
   1.4940931e+06
   1.4941882e+06
   1.4943267e+06
   1.4944408e+06
   1.4945497e+06
   1.4946461e+06
   1.4947339e+06
   1.4948329e+06
   1.4949151e+06
   1.4950264e+06
   1.4951197e+06
   1.4952083e+06
   1.4953171e+06
   1.4954169e+06
   1.4955891e+06
   1.4956779e+06
   1.4957952e+06
   1.4958909e+06
   1.4960071e+06
   1.4960948e+06
   1.4962133e+06
   1.4963065e+06
   1.4964059e+06
   1.4965106e+06
   1.4966348e+06
   1.4968366e+06
   1.4969643e+06
   1.4970497e+06
   1.4971420e+06
   1.4972332e+06
   1.4973638e+06
   1.4974943e+06
   1.4975829e+06
   1.4977287e+06
   1.4978464e+06
   1.4979288e+06
   1.4980052e+06
   1.4981222e+06
   1.4982329e+06
   1.4983297e+06
   1.4984203e+06
   1.4985422e+06
   1.4986455e+06
   1.4987397e+06
   1.4988875e+06
   1.4990931e+06
   1.4991992e+06
   1.4993221e+06
   1.4994641e+06
   1.4996237e+06
   1.4997099e+06
   1.4999429e+06
   1.5011188e+06
   1.5012695e+06
   1.5015068e+06
   1.5016822e+06
   1.5024115e+06
   1.5028931e+06
   1.5032466e+06
   1.5038968e+06
   1.5042426e+06
   1.5048085e+06
   1.5054406e+06
   1.5057115e+06
   1.5059858e+06
   1.5062674e+06
   1.5067087e+06
   1.5075846e+06
   1.5081040e+06
   1.5086128e+06
   1.5088724e+06
   1.5092963e+06
   1.5105090e+06
   1.5109363e+06
   1.5114594e+06
   1.5119786e+06
   1.5147307e+06
   1.5157990e+06
   1.5159975e+06
   1.5165556e+06
   1.5175684e+06
   1.5177663e+06
   1.5179515e+06
   1.5184334e+06
   1.5207961e+06
   1.5211226e+06
   1.5215568e+06
   1.5218321e+06
   1.5224441e+06
   1.5227772e+06
   1.5234952e+06
   1.5237139e+06
   1.5240592e+06
   1.5244041e+06
   1.5245785e+06
   1.5247332e+06
   1.5265617e+06
   1.5267218e+06
   1.5271435e+06
   1.5274377e+06
   1.5278270e+06
   1.5285785e+06
   1.5291050e+06
   1.5401473e+06
   1.5402436e+06
   1.5403240e+06
   1.5404350e+06
   1.5406251e+06
   1.5406896e+06
   1.5407685e+06
   1.5408672e+06
   1.5409856e+06
   1.5411299e+06
   1.5412215e+06
   1.5413685e+06
   1.5414566e+06
   1.5415733e+06
   1.5416886e+06
   1.5417792e+06
   1.5418636e+06
   1.5419452e+06
   1.5420362e+06
   1.5421240e+06
   1.5422593e+06
   1.5423548e+06
   1.5424414e+06
   1.5425520e+06
   1.5427156e+06
   1.5428017e+06
   1.5428835e+06
   1.5429714e+06
   1.5430618e+06
   1.5431686e+06
   1.5432471e+06
   1.5433234e+06
   1.5434177e+06
   1.5435109e+06
   1.5435913e+06
   1.5436918e+06
   1.5437782e+06
   1.5438636e+06
   1.5439918e+06
   1.5440925e+06
   1.5442118e+06
   1.5442866e+06
   1.5443889e+06
   1.5444906e+06
   1.5446006e+06
   1.5446871e+06
   1.5447730e+06
   1.5448646e+06
   1.5449332e+06
   1.5450243e+06
   1.5451101e+06
   1.5452056e+06
   1.5453048e+06
   1.5453868e+06
   1.5454658e+06
   1.5455613e+06
   1.5456955e+06
   1.5457845e+06
   1.5458986e+06
   1.5459779e+06
   1.5460864e+06
   1.5462252e+06
   1.5463232e+06
   1.5464561e+06
   1.5465723e+06
   1.5466426e+06
   1.5467269e+06
   1.5468391e+06
   1.5469065e+06
   1.5469803e+06
   1.5471699e+06
   1.5472833e+06
   1.5474020e+06
   1.5475034e+06
   1.5476008e+06
   1.5477041e+06
   1.5477980e+06
   1.5479104e+06
   1.5480130e+06
   1.5481309e+06
   1.5482436e+06
   1.5483943e+06
   1.5485481e+06
   1.5486434e+06
   1.5487627e+06
   1.5488586e+06
   1.5489565e+06
   1.5491336e+06
   1.5492301e+06
   1.5493583e+06
   1.5494387e+06
   1.5496418e+06
   1.5497413e+06
   1.5498442e+06
   1.5499941e+06
   1.5501930e+06
   1.5502905e+06
   1.5503733e+06
   1.5504646e+06
   1.5505663e+06
   1.5506554e+06
   1.5507404e+06
   1.5508219e+06
   1.5509074e+06
   1.5510077e+06
   1.5511078e+06
   1.5512255e+06
   1.5513124e+06
   1.5514155e+06
   1.5515493e+06
   1.5516307e+06
   1.5517080e+06
   1.5518055e+06
   1.5519029e+06
   1.5519795e+06
   1.5520944e+06
   1.5521987e+06
   1.5522806e+06
   1.5523680e+06
   1.5524579e+06
   1.5525701e+06
   1.5526649e+06
   1.5527571e+06
   1.5528517e+06
   1.5529222e+06
   1.5530166e+06
   1.5531134e+06
   1.5531779e+06
   1.5532731e+06
   1.5533790e+06
   1.5535559e+06
   1.5536442e+06
   1.5537289e+06
   1.5538117e+06
   1.5539100e+06
   1.5541193e+06
   1.5542019e+06
   1.5542940e+06
   1.5543808e+06
   1.5544944e+06
   1.5545817e+06
   1.5547028e+06
   1.5548189e+06
   1.5549035e+06
   1.5550052e+06
   1.5551408e+06
   1.5552308e+06
   1.5553503e+06
   1.5554354e+06
   1.5555276e+06
   1.5556207e+06
   1.5557106e+06
   1.5558385e+06
   1.5559580e+06
   1.5560511e+06
   1.5561473e+06
   1.5562624e+06
   1.5563624e+06
   1.5564663e+06
   1.5565691e+06
   1.5567030e+06
   1.5567879e+06
   1.5568715e+06
   1.5569852e+06
   1.5570845e+06
   1.5572009e+06
   1.5572939e+06
   1.5573755e+06
   1.5575131e+06
   1.5576122e+06
   1.5576938e+06
   1.5577741e+06
   1.5578776e+06
   1.5580068e+06
   1.5580899e+06
   1.5581885e+06
   1.5582904e+06
   1.5583886e+06
   1.5584657e+06
   1.5585673e+06
   1.5586729e+06
   1.5587691e+06
   1.5588488e+06
   1.5589416e+06
   1.5590375e+06
   1.5591262e+06
   1.5592120e+06
   1.5593707e+06
   1.5594970e+06
   1.5595981e+06
   1.5597222e+06
   1.5598529e+06
   1.5599522e+06
   1.5605380e+06
   1.5608994e+06
   1.5611770e+06
   1.5614142e+06
   1.5616941e+06
   1.5618430e+06
   1.5622221e+06
   1.5625205e+06
   1.5650311e+06
   1.5653125e+06
   1.5656635e+06
   1.5659193e+06
   1.5662020e+06
   1.5666834e+06
   1.5674709e+06
   1.5676207e+06
   1.5678971e+06
   1.5685230e+06
   1.5690225e+06
   1.5697398e+06
   1.5700185e+06
   1.5706119e+06
   1.5725128e+06
   1.5727457e+06
   1.5730780e+06
   1.5734512e+06
   1.5741260e+06
   1.5744180e+06
   1.5748248e+06
   1.5753569e+06
   1.5762081e+06
   1.5765004e+06
   1.5766725e+06
   1.5773806e+06
   1.5777345e+06
   1.5779145e+06
   1.5784713e+06
   1.5790797e+06
   1.5796091e+06
   1.5800767e+06
   1.5874344e+06
   1.5878669e+06
   1.5881297e+06
   1.5890318e+06
   1.5899133e+06
   1.5901471e+06
   1.5906079e+06
   1.5927215e+06
   1.5929965e+06
   1.5934057e+06
   1.5937424e+06
   1.5939669e+06
   1.5948077e+06
   1.5950445e+06
   1.5985234e+06
   1.5990528e+06
   1.5991987e+06
   1.5996603e+06
   1.6000787e+06
   1.6001938e+06
   1.6002652e+06
   1.6003420e+06
   1.6004208e+06
   1.6005103e+06
   1.6006110e+06
   1.6007561e+06
   1.6008340e+06
   1.6009069e+06
   1.6009924e+06
   1.6010824e+06
   1.6011924e+06
   1.6012904e+06
   1.6013709e+06
   1.6014391e+06
   1.6015225e+06
   1.6015874e+06
   1.6016581e+06
   1.6017249e+06
   1.6018190e+06
   1.6019475e+06
   1.6020286e+06
   1.6021139e+06
   1.6022095e+06
   1.6022705e+06
   1.6023926e+06
   1.6024751e+06
   1.6025680e+06
   1.6026952e+06
   1.6027927e+06
   1.6028810e+06
   1.6029673e+06
   1.6030778e+06
   1.6031800e+06
   1.6032598e+06
   1.6033456e+06
   1.6034435e+06
   1.6035411e+06
   1.6036063e+06
   1.6036991e+06
   1.6037908e+06
   1.6038832e+06
   1.6039868e+06
   1.6040654e+06
   1.6041433e+06
   1.6042347e+06
   1.6043348e+06
   1.6044082e+06
   1.6045074e+06
   1.6046469e+06
   1.6047231e+06
   1.6047933e+06
   1.6048582e+06
   1.6049466e+06
   1.6050204e+06
   1.6050904e+06
   1.6051723e+06
   1.6052788e+06
   1.6053709e+06
   1.6054459e+06
   1.6055185e+06
   1.6056373e+06
   1.6057305e+06
   1.6058996e+06
   1.6059737e+06
   1.6060711e+06
   1.6061722e+06
   1.6062517e+06
   1.6063732e+06
   1.6064792e+06
   1.6065538e+06
   1.6066253e+06
   1.6067234e+06
   1.6068290e+06
   1.6069290e+06
   1.6071351e+06
   1.6072308e+06
   1.6073015e+06
   1.6076570e+06
   1.6077509e+06
   1.6078569e+06
   1.6079504e+06
   1.6080711e+06
   1.6081562e+06
   1.6082504e+06
   1.6083446e+06
   1.6084639e+06
   1.6085508e+06
   1.6086520e+06
   1.6087328e+06
   1.6088117e+06
   1.6089066e+06
   1.6090192e+06
   1.6091299e+06
   1.6092123e+06
   1.6092896e+06
   1.6093851e+06
   1.6094940e+06
   1.6095922e+06
   1.6096703e+06
   1.6097577e+06
   1.6098423e+06
   1.6099076e+06
   1.6100012e+06
   1.6100990e+06
   1.6101767e+06
   1.6102813e+06
   1.6103719e+06
   1.6104740e+06
   1.6105693e+06
   1.6106531e+06
   1.6107495e+06
   1.6108435e+06
   1.6109244e+06
   1.6110110e+06
   1.6111250e+06
   1.6112039e+06
   1.6112813e+06
   1.6113936e+06
   1.6114733e+06
   1.6115906e+06
   1.6116837e+06
   1.6117686e+06
   1.6118767e+06
   1.6119639e+06
   1.6120445e+06
   1.6121314e+06
   1.6122326e+06
   1.6123156e+06
   1.6124569e+06
   1.6125625e+06
   1.6126529e+06
   1.6127583e+06
   1.6128664e+06
   1.6129807e+06
   1.6131009e+06
   1.6132645e+06
   1.6133673e+06
   1.6134410e+06
   1.6135387e+06
   1.6136151e+06
   1.6137015e+06
   1.6138258e+06
   1.6139083e+06
   1.6141088e+06
   1.6141847e+06
   1.6142666e+06
   1.6143556e+06
   1.6144495e+06
   1.6145961e+06
   1.6146978e+06
   1.6147920e+06
   1.6148658e+06
   1.6149520e+06
   1.6150527e+06
   1.6151299e+06
   1.6152243e+06
   1.6153351e+06
   1.6154481e+06
   1.6155499e+06
   1.6156596e+06
   1.6157829e+06
   1.6158863e+06
   1.6159716e+06
   1.6160610e+06
   1.6161382e+06
   1.6162462e+06
   1.6163168e+06
   1.6163994e+06
   1.6164779e+06
   1.6165947e+06
   1.6167017e+06
   1.6167896e+06
   1.6168852e+06
   1.6169654e+06
   1.6170457e+06
   1.6171496e+06
   1.6172315e+06
   1.6173361e+06
   1.6174671e+06
   1.6175736e+06
   1.6176506e+06
   1.6177646e+06
   1.6178505e+06
   1.6179465e+06
   1.6180137e+06
   1.6181084e+06
   1.6181940e+06
   1.6182769e+06
   1.6184418e+06
   1.6185394e+06
   1.6186107e+06
   1.6187334e+06
   1.6188267e+06
   1.6189324e+06
   1.6190269e+06
   1.6191023e+06
   1.6192316e+06
   1.6193144e+06
   1.6194265e+06
   1.6194983e+06
   1.6196071e+06
   1.6197070e+06
   1.6197926e+06
   1.6199054e+06
   1.6199905e+06
   1.6206468e+06
   1.6211382e+06
   1.6213823e+06
   1.6223058e+06
   1.6237603e+06
   1.6242381e+06
   1.6248874e+06
   1.6252332e+06
   1.6254683e+06
   1.6259400e+06
   1.6283338e+06
   1.6287693e+06
   1.6337992e+06
   1.6340050e+06
   1.6372646e+06
   1.6375847e+06
   1.6380145e+06
   1.6384072e+06
   1.6388429e+06
   1.6391433e+06
   1.6396363e+06
   1.6403278e+06
   1.6407688e+06
   1.6432243e+06
   1.6435008e+06
   1.6452339e+06
   1.6454778e+06
   1.6468330e+06
   1.6470784e+06
   1.6474230e+06
   1.6480116e+06
   1.6484687e+06
   1.6490544e+06
   1.6493041e+06
   1.6496854e+06
   1.6500043e+06
   1.6504628e+06
   1.6507176e+06
   1.6509391e+06
   1.6511282e+06
   1.6514973e+06
   1.6516897e+06
   1.6520804e+06
   1.6523860e+06
   1.6546474e+06
   1.6581301e+06
   1.6583654e+06
   1.6586637e+06
   1.6600880e+06
   1.6601886e+06
   1.6602639e+06
   1.6603473e+06
   1.6604363e+06
   1.6605225e+06
   1.6606255e+06
   1.6607051e+06
   1.6608491e+06
   1.6609526e+06
   1.6610299e+06
   1.6611281e+06
   1.6612011e+06
   1.6612831e+06
   1.6613711e+06
   1.6615218e+06
   1.6616080e+06
   1.6617203e+06
   1.6618075e+06
   1.6619172e+06
   1.6619902e+06
   1.6620638e+06
   1.6621422e+06
   1.6622339e+06
   1.6623522e+06
   1.6624791e+06
   1.6625416e+06
   1.6626260e+06
   1.6627064e+06
   1.6627720e+06
   1.6628887e+06
   1.6629682e+06
   1.6630518e+06
   1.6631474e+06
   1.6632527e+06
   1.6633502e+06
   1.6634506e+06
   1.6635719e+06
   1.6636642e+06
   1.6637523e+06
   1.6638898e+06
   1.6639773e+06
   1.6640534e+06
   1.6641271e+06
   1.6642299e+06
   1.6643521e+06
   1.6644693e+06
   1.6645503e+06
   1.6646808e+06
   1.6647729e+06
   1.6648770e+06
   1.6649621e+06
   1.6650519e+06
   1.6651285e+06
   1.6652363e+06
   1.6653395e+06
   1.6654235e+06
   1.6655244e+06
   1.6655962e+06
   1.6656646e+06
   1.6657896e+06
   1.6658815e+06
   1.6659569e+06
   1.6660641e+06
   1.6662041e+06
   1.6662894e+06
   1.6663971e+06
   1.6664952e+06
   1.6666123e+06
   1.6666955e+06
   1.6668026e+06
   1.6669049e+06
   1.6669865e+06
   1.6671562e+06
   1.6672237e+06
   1.6673451e+06
   1.6674272e+06
   1.6675065e+06
   1.6675864e+06
   1.6676802e+06
   1.6677620e+06
   1.6678798e+06
   1.6679580e+06
   1.6680622e+06
   1.6681652e+06
   1.6682414e+06
   1.6683536e+06
   1.6684305e+06
   1.6685348e+06
   1.6686465e+06
   1.6687277e+06
   1.6688878e+06
   1.6690044e+06
   1.6690912e+06
   1.6691897e+06
   1.6692822e+06
   1.6693606e+06
   1.6694885e+06
   1.6695936e+06
   1.6697168e+06
   1.6698051e+06
   1.6699058e+06
   1.6700169e+06
   1.6701396e+06
   1.6702192e+06
   1.6703128e+06
   1.6703921e+06
   1.6704826e+06
   1.6705756e+06
   1.6706606e+06
   1.6707623e+06
   1.6708783e+06
   1.6709800e+06
   1.6711185e+06
   1.6711935e+06
   1.6713172e+06
   1.6714392e+06
   1.6715761e+06
   1.6716574e+06
   1.6717294e+06
   1.6718156e+06
   1.6718943e+06
   1.6720031e+06
   1.6721458e+06
   1.6723213e+06
   1.6724240e+06
   1.6724905e+06
   1.6725868e+06
   1.6726596e+06
   1.6727778e+06
   1.6728768e+06
   1.6729675e+06
   1.6730641e+06
   1.6732169e+06
   1.6733211e+06
   1.6734323e+06
   1.6735421e+06
   1.6736193e+06
   1.6737054e+06
   1.6737791e+06
   1.6738678e+06
   1.6739692e+06
   1.6741563e+06
   1.6742540e+06
   1.6743233e+06
   1.6744374e+06
   1.6745272e+06
   1.6746616e+06
   1.6747738e+06
   1.6748607e+06
   1.6749336e+06
   1.6750182e+06
   1.6751276e+06
   1.6752404e+06
   1.6753400e+06
   1.6754276e+06
   1.6754950e+06
   1.6756138e+06
   1.6757135e+06
   1.6757991e+06
   1.6759104e+06
   1.6759966e+06
   1.6760993e+06
   1.6761978e+06
   1.6762768e+06
   1.6763795e+06
   1.6764569e+06
   1.6766069e+06
   1.6766916e+06
   1.6768059e+06
   1.6768992e+06
   1.6769905e+06
   1.6770939e+06
   1.6771902e+06
   1.6772830e+06
   1.6773877e+06
   1.6774637e+06
   1.6775385e+06
   1.6776168e+06
   1.6776907e+06
   1.6778013e+06
   1.6778953e+06
   1.6779794e+06
   1.6780758e+06
   1.6781940e+06
   1.6782862e+06
   1.6783481e+06
   1.6784439e+06
   1.6785462e+06
   1.6786420e+06
   1.6787217e+06
   1.6788507e+06
   1.6789387e+06
   1.6790405e+06
   1.6791308e+06
   1.6792194e+06
   1.6793477e+06
   1.6794388e+06
   1.6795413e+06
   1.6796213e+06
   1.6797041e+06
   1.6798017e+06
   1.6798907e+06
   1.6799871e+06
   1.6806957e+06
   1.6810287e+06
   1.6815496e+06
   1.6820768e+06
   1.6823022e+06
   1.6857318e+06
   1.6861853e+06
   1.6873096e+06
   1.6906209e+06
   1.6979948e+06
   1.6981815e+06
   1.6986484e+06
   1.7060336e+06
   1.7062920e+06
   1.7066894e+06
   1.7074495e+06
   1.7076853e+06
   1.7116838e+06
   1.7126571e+06
   1.7128813e+06
   1.7131797e+06
   1.7134724e+06
   1.7169346e+06
   1.7199669e+06
   1.7200911e+06
   1.7201700e+06
   1.7202475e+06
   1.7203274e+06
   1.7204605e+06
   1.7205452e+06
   1.7206208e+06
   1.7207144e+06
   1.7208062e+06
   1.7208710e+06
   1.7209302e+06
   1.7210229e+06
   1.7211410e+06
   1.7212355e+06
   1.7213311e+06
   1.7213969e+06
   1.7214614e+06
   1.7215423e+06
   1.7216231e+06
   1.7217168e+06
   1.7217952e+06
   1.7218831e+06
   1.7219611e+06
   1.7220368e+06
   1.7221105e+06
   1.7221931e+06
   1.7222839e+06
   1.7223807e+06
   1.7224655e+06
   1.7225597e+06
   1.7226589e+06
   1.7228129e+06
   1.7229036e+06
   1.7229784e+06
   1.7230803e+06
   1.7231839e+06
   1.7232837e+06
   1.7233652e+06
   1.7234377e+06
   1.7235242e+06
   1.7236238e+06
   1.7237381e+06
   1.7238351e+06
   1.7239127e+06
   1.7240099e+06
   1.7240803e+06
   1.7241548e+06
   1.7242223e+06
   1.7243050e+06
   1.7243812e+06
   1.7244703e+06
   1.7245511e+06
   1.7246383e+06
   1.7247178e+06
   1.7247969e+06
   1.7248826e+06
   1.7249595e+06
   1.7250850e+06
   1.7251665e+06
   1.7252570e+06
   1.7253445e+06
   1.7254963e+06
   1.7255834e+06
   1.7256688e+06
   1.7257522e+06
   1.7258293e+06
   1.7259080e+06
   1.7259872e+06
   1.7260918e+06
   1.7261758e+06
   1.7262546e+06
   1.7263314e+06
   1.7264055e+06
   1.7264856e+06
   1.7265634e+06
   1.7266313e+06
   1.7267283e+06
   1.7267978e+06
   1.7268757e+06
   1.7269949e+06
   1.7271394e+06
   1.7272219e+06
   1.7272996e+06
   1.7273782e+06
   1.7274853e+06
   1.7275530e+06
   1.7276318e+06
   1.7277236e+06
   1.7278313e+06
   1.7279253e+06
   1.7280320e+06
   1.7281049e+06
   1.7282145e+06
   1.7283191e+06
   1.7284025e+06
   1.7284826e+06
   1.7286283e+06
   1.7287161e+06
   1.7287934e+06
   1.7288555e+06
   1.7289704e+06
   1.7290422e+06
   1.7291223e+06
   1.7291955e+06
   1.7292973e+06
   1.7293798e+06
   1.7294740e+06
   1.7295428e+06
   1.7296236e+06
   1.7296995e+06
   1.7297640e+06
   1.7298360e+06
   1.7299205e+06
   1.7300036e+06
   1.7301013e+06
   1.7301613e+06
   1.7302438e+06
   1.7303295e+06
   1.7304052e+06
   1.7305075e+06
   1.7305973e+06
   1.7307095e+06
   1.7307946e+06
   1.7308757e+06
   1.7309641e+06
   1.7310563e+06
   1.7311497e+06
   1.7312665e+06
   1.7313593e+06
   1.7314434e+06
   1.7315434e+06
   1.7316214e+06
   1.7317262e+06
   1.7318140e+06
   1.7318869e+06
   1.7319639e+06
   1.7320641e+06
   1.7321377e+06
   1.7322233e+06
   1.7323249e+06
   1.7324151e+06
   1.7325033e+06
   1.7326372e+06
   1.7327125e+06
   1.7327949e+06
   1.7328867e+06
   1.7329549e+06
   1.7330727e+06
   1.7331604e+06
   1.7332664e+06
   1.7333468e+06
   1.7334357e+06
   1.7335096e+06
   1.7336031e+06
   1.7336808e+06
   1.7337599e+06
   1.7338424e+06
   1.7339150e+06
   1.7341207e+06
   1.7342891e+06
   1.7344204e+06
   1.7345190e+06
   1.7346159e+06
   1.7346932e+06
   1.7348142e+06
   1.7349185e+06
   1.7349961e+06
   1.7350799e+06
   1.7351694e+06
   1.7352613e+06
   1.7353611e+06
   1.7354436e+06
   1.7355077e+06
   1.7356063e+06
   1.7357201e+06
   1.7358149e+06
   1.7358988e+06
   1.7359902e+06
   1.7361751e+06
   1.7362525e+06
   1.7363450e+06
   1.7364537e+06
   1.7365490e+06
   1.7366470e+06
   1.7367345e+06
   1.7368172e+06
   1.7369081e+06
   1.7369848e+06
   1.7370635e+06
   1.7371698e+06
   1.7372409e+06
   1.7373706e+06
   1.7374755e+06
   1.7375694e+06
   1.7376846e+06
   1.7377786e+06
   1.7378989e+06
   1.7379942e+06
   1.7380597e+06
   1.7381457e+06
   1.7382635e+06
   1.7383530e+06
   1.7384697e+06
   1.7385643e+06
   1.7386453e+06
   1.7387033e+06
   1.7387995e+06
   1.7389237e+06
   1.7390357e+06
   1.7391153e+06
   1.7392197e+06
   1.7393105e+06
   1.7393838e+06
   1.7394730e+06
   1.7396024e+06
   1.7396973e+06
   1.7397855e+06
   1.7398655e+06
   1.7399564e+06
   1.7402703e+06
   1.7404915e+06
   1.7407799e+06
   1.7409913e+06
   1.7412160e+06
   1.7414610e+06
   1.7415615e+06
   1.7420467e+06
   1.7427024e+06
   1.7462057e+06
   1.7464020e+06
   1.7493792e+06
   1.7495979e+06
   1.7506193e+06
   1.7507864e+06
   1.7514390e+06
   1.7520334e+06
   1.7525171e+06
   1.7538642e+06
   1.7541684e+06
   1.7592896e+06
   1.7595025e+06
   1.7600811e+06
   1.7604157e+06
   1.7607159e+06
   1.7609356e+06
   1.7615580e+06
   1.7618133e+06
   1.7635624e+06
   1.7640124e+06
   1.7647811e+06
   1.7690483e+06
   1.7695451e+06
   1.7698106e+06
   1.7706144e+06
   1.7710118e+06
   1.7718816e+06
   1.7721992e+06
   1.7726452e+06
   1.7733806e+06
   1.7740966e+06
   1.7747398e+06
   1.7749488e+06
   1.7751530e+06
   1.7760492e+06
   1.7764359e+06
   1.7776275e+06
   1.7779379e+06
   1.7785568e+06
   1.7792628e+06
   1.7795374e+06
   1.7798645e+06
   1.7800938e+06
   1.7801706e+06
   1.7802551e+06
   1.7803495e+06
   1.7804294e+06
   1.7805008e+06
   1.7805546e+06
   1.7806265e+06
   1.7807152e+06
   1.7807965e+06
   1.7808939e+06
   1.7809712e+06
   1.7810647e+06
   1.7811499e+06
   1.7812497e+06
   1.7813544e+06
   1.7814269e+06
   1.7815182e+06
   1.7816230e+06
   1.7816927e+06
   1.7817635e+06
   1.7818444e+06
   1.7819260e+06
   1.7820418e+06
   1.7821054e+06
   1.7821733e+06
   1.7822591e+06
   1.7823385e+06
   1.7824077e+06
   1.7825050e+06
   1.7825614e+06
   1.7826413e+06
   1.7827173e+06
   1.7827860e+06
   1.7828571e+06
   1.7829441e+06
   1.7830346e+06
   1.7831104e+06
   1.7832085e+06
   1.7832874e+06
   1.7833632e+06
   1.7834594e+06
   1.7835278e+06
   1.7836071e+06
   1.7836926e+06
   1.7837976e+06
   1.7838732e+06
   1.7839462e+06
   1.7840438e+06
   1.7841574e+06
   1.7842137e+06
   1.7843051e+06
   1.7843827e+06
   1.7844564e+06
   1.7845219e+06
   1.7846149e+06
   1.7846772e+06
   1.7847464e+06
   1.7848276e+06
   1.7849031e+06
   1.7849696e+06
   1.7850384e+06
   1.7851536e+06
   1.7852181e+06
   1.7852995e+06
   1.7853849e+06
   1.7854763e+06
   1.7855527e+06
   1.7856333e+06
   1.7857311e+06
   1.7857969e+06
   1.7858757e+06
   1.7859469e+06
   1.7860417e+06
   1.7861172e+06
   1.7862010e+06
   1.7862687e+06
   1.7863421e+06
   1.7864268e+06
   1.7865146e+06
   1.7866036e+06
   1.7867034e+06
   1.7868018e+06
   1.7869089e+06
   1.7869904e+06
   1.7871652e+06
   1.7872332e+06
   1.7873066e+06
   1.7874044e+06
   1.7874782e+06
   1.7875794e+06
   1.7876523e+06
   1.7877091e+06
   1.7877884e+06
   1.7879007e+06
   1.7879850e+06
   1.7880694e+06
   1.7881625e+06
   1.7882615e+06
   1.7883502e+06
   1.7884202e+06
   1.7884950e+06
   1.7886204e+06
   1.7886931e+06
   1.7887937e+06
   1.7888773e+06
   1.7889532e+06
   1.7890236e+06
   1.7891211e+06
   1.7892141e+06
   1.7892892e+06
   1.7893696e+06
   1.7894716e+06
   1.7895585e+06
   1.7896475e+06
   1.7897240e+06
   1.7897851e+06
   1.7898981e+06
   1.7900089e+06
   1.7901073e+06
   1.7901886e+06
   1.7902475e+06
   1.7903510e+06
   1.7904172e+06
   1.7904883e+06
   1.7905887e+06
   1.7906664e+06
   1.7907584e+06
   1.7908401e+06
   1.7909416e+06
   1.7910751e+06
   1.7911891e+06
   1.7912895e+06
   1.7913883e+06
   1.7914587e+06
   1.7915558e+06
   1.7916343e+06
   1.7917485e+06
   1.7918131e+06
   1.7918768e+06
   1.7919769e+06
   1.7920613e+06
   1.7921308e+06
   1.7922416e+06
   1.7923049e+06
   1.7924153e+06
   1.7924863e+06
   1.7925942e+06
   1.7926594e+06
   1.7927360e+06
   1.7928175e+06
   1.7929444e+06
   1.7930127e+06
   1.7930976e+06
   1.7931708e+06
   1.7932518e+06
   1.7933316e+06
   1.7934041e+06
   1.7935112e+06
   1.7935936e+06
   1.7936852e+06
   1.7937934e+06
   1.7938532e+06
   1.7939238e+06
   1.7941153e+06
   1.7941995e+06
   1.7942825e+06
   1.7944105e+06
   1.7945242e+06
   1.7946033e+06
   1.7946775e+06
   1.7947843e+06
   1.7948691e+06
   1.7949542e+06
   1.7950443e+06
   1.7951512e+06
   1.7952648e+06
   1.7953709e+06
   1.7955074e+06
   1.7955789e+06
   1.7956921e+06
   1.7957652e+06
   1.7958640e+06
   1.7959697e+06
   1.7960774e+06
   1.7961404e+06
   1.7962100e+06
   1.7962891e+06
   1.7963974e+06
   1.7964864e+06
   1.7965688e+06
   1.7966531e+06
   1.7967457e+06
   1.7968533e+06
   1.7969253e+06
   1.7970073e+06
   1.7970739e+06
   1.7971782e+06
   1.7972505e+06
   1.7973463e+06
   1.7974316e+06
   1.7975090e+06
   1.7975933e+06
   1.7977202e+06
   1.7978035e+06
   1.7978754e+06
   1.7979463e+06
   1.7980397e+06
   1.7981416e+06
   1.7982366e+06
   1.7983481e+06
   1.7984834e+06
   1.7985560e+06
   1.7986531e+06
   1.7987469e+06
   1.7988588e+06
   1.7989463e+06
   1.7990839e+06
   1.7991669e+06
   1.7992293e+06
   1.7993046e+06
   1.7993910e+06
   1.7995347e+06
   1.7996108e+06
   1.7997003e+06
   1.7997747e+06
   1.7998557e+06
   1.7999389e+06
   1.8002465e+06
   1.8009720e+06
   1.8015452e+06
   1.8020806e+06
   1.8027174e+06
   1.8032083e+06
   1.8034295e+06
   1.8038336e+06
   1.8042769e+06
   1.8149570e+06
   1.8152061e+06
   1.8168148e+06
   1.8179179e+06
   1.8191905e+06
   1.8197545e+06
   1.8251855e+06
   1.8255120e+06
   1.8256702e+06
   1.8259169e+06
   1.8400682e+06
   1.8401460e+06
   1.8402414e+06
   1.8403336e+06
   1.8403988e+06
   1.8404705e+06
   1.8405474e+06
   1.8406450e+06
   1.8407137e+06
   1.8407982e+06
   1.8408668e+06
   1.8409279e+06
   1.8409905e+06
   1.8410551e+06
   1.8411187e+06
   1.8412104e+06
   1.8412772e+06
   1.8413416e+06
   1.8414269e+06
   1.8414992e+06
   1.8415775e+06
   1.8416600e+06
   1.8417368e+06
   1.8418085e+06
   1.8418994e+06
   1.8419856e+06
   1.8420561e+06
   1.8421196e+06
   1.8421864e+06
   1.8422493e+06
   1.8423078e+06
   1.8423641e+06
   1.8424378e+06
   1.8425082e+06
   1.8425946e+06
   1.8426589e+06
   1.8427483e+06
   1.8428290e+06
   1.8428903e+06
   1.8429466e+06
   1.8430195e+06
   1.8431211e+06
   1.8431976e+06
   1.8432641e+06
   1.8433574e+06
   1.8434322e+06
   1.8435184e+06
   1.8435824e+06
   1.8436406e+06
   1.8437411e+06
   1.8438086e+06
   1.8439000e+06
   1.8439770e+06
   1.8440458e+06
   1.8441046e+06
   1.8441968e+06
   1.8442683e+06
   1.8443787e+06
   1.8444529e+06
   1.8445205e+06
   1.8446110e+06
   1.8446714e+06
   1.8447426e+06
   1.8447992e+06
   1.8448625e+06
   1.8449356e+06
   1.8450457e+06
   1.8451105e+06
   1.8451894e+06
   1.8452661e+06
   1.8453472e+06
   1.8454098e+06
   1.8454896e+06
   1.8455665e+06
   1.8456335e+06
   1.8457074e+06
   1.8457785e+06
   1.8458443e+06
   1.8459208e+06
   1.8459962e+06
   1.8460712e+06
   1.8461356e+06
   1.8462042e+06
   1.8462861e+06
   1.8463802e+06
   1.8464483e+06
   1.8465190e+06
   1.8465947e+06
   1.8466672e+06
   1.8467416e+06
   1.8468054e+06
   1.8468972e+06
   1.8469748e+06
   1.8471397e+06
   1.8471992e+06
   1.8472765e+06
   1.8473806e+06
   1.8474501e+06
   1.8475162e+06
   1.8476004e+06
   1.8476768e+06
   1.8477642e+06
   1.8478473e+06
   1.8479217e+06
   1.8480215e+06
   1.8481014e+06
   1.8481880e+06
   1.8482515e+06
   1.8483860e+06
   1.8484999e+06
   1.8485856e+06
   1.8486534e+06
   1.8487227e+06
   1.8487818e+06
   1.8488455e+06
   1.8489169e+06
   1.8490150e+06
   1.8491040e+06
   1.8491843e+06
   1.8492444e+06
   1.8493031e+06
   1.8493900e+06
   1.8495334e+06
   1.8496046e+06
   1.8496643e+06
   1.8497832e+06
   1.8498695e+06
   1.8499642e+06
   1.8500468e+06
   1.8501546e+06
   1.8502273e+06
   1.8503050e+06
   1.8503849e+06
   1.8504558e+06
   1.8505271e+06
   1.8506117e+06
   1.8506971e+06
   1.8507641e+06
   1.8508566e+06
   1.8509411e+06
   1.8510210e+06
   1.8511169e+06
   1.8511990e+06
   1.8512713e+06
   1.8513490e+06
   1.8514040e+06
   1.8514773e+06
   1.8515833e+06
   1.8516473e+06
   1.8517169e+06
   1.8518081e+06
   1.8518672e+06
   1.8519527e+06
   1.8520249e+06
   1.8520997e+06
   1.8521962e+06
   1.8522714e+06
   1.8523364e+06
   1.8524294e+06
   1.8524948e+06
   1.8525651e+06
   1.8526222e+06
   1.8526933e+06
   1.8527653e+06
   1.8528365e+06
   1.8529211e+06
   1.8529925e+06
   1.8530581e+06
   1.8531438e+06
   1.8532222e+06
   1.8533059e+06
   1.8533879e+06
   1.8534538e+06
   1.8535311e+06
   1.8536023e+06
   1.8536642e+06
   1.8537498e+06
   1.8538178e+06
   1.8538996e+06
   1.8539638e+06
   1.8541291e+06
   1.8542064e+06
   1.8542890e+06
   1.8543862e+06
   1.8544666e+06
   1.8545416e+06
   1.8546207e+06
   1.8546965e+06
   1.8548060e+06
   1.8549130e+06
   1.8550011e+06
   1.8550707e+06
   1.8551503e+06
   1.8552442e+06
   1.8553284e+06
   1.8554024e+06
   1.8554699e+06
   1.8555704e+06
   1.8556611e+06
   1.8557350e+06
   1.8558176e+06
   1.8559128e+06
   1.8559918e+06
   1.8560530e+06
   1.8561219e+06
   1.8562135e+06
   1.8562951e+06
   1.8563798e+06
   1.8564610e+06
   1.8565404e+06
   1.8566286e+06
   1.8567013e+06
   1.8567663e+06
   1.8568519e+06
   1.8569160e+06
   1.8570189e+06
   1.8570855e+06
   1.8571997e+06
   1.8572795e+06
   1.8573491e+06
   1.8574159e+06
   1.8575226e+06
   1.8576251e+06
   1.8577263e+06
   1.8578390e+06
   1.8579137e+06
   1.8579955e+06
   1.8580689e+06
   1.8581608e+06
   1.8582342e+06
   1.8582986e+06
   1.8584011e+06
   1.8584862e+06
   1.8585554e+06
   1.8586285e+06
   1.8587021e+06
   1.8587776e+06
   1.8588674e+06
   1.8589888e+06
   1.8590550e+06
   1.8591528e+06
   1.8592222e+06
   1.8593080e+06
   1.8594220e+06
   1.8594938e+06
   1.8595783e+06
   1.8596636e+06
   1.8597385e+06
   1.8598153e+06
   1.8598865e+06
   1.8599740e+06
   1.8630098e+06
   1.8634576e+06
   1.8637636e+06
   1.8761197e+06
   1.8766259e+06
   1.8784948e+06
   1.8795976e+06
   1.8830141e+06
   1.8832899e+06
   1.8866477e+06
   1.8868638e+06
   1.8920834e+06
   1.8924726e+06
   1.8928193e+06
   1.8933992e+06
   1.8996949e+06
   1.8999991e+06
   1.9000694e+06
   1.9001350e+06
   1.9002240e+06
   1.9003123e+06
   1.9003896e+06
   1.9004702e+06
   1.9005350e+06
   1.9005865e+06
   1.9006695e+06
   1.9007198e+06
   1.9007907e+06
   1.9008607e+06
   1.9009216e+06
   1.9009840e+06
   1.9010409e+06
   1.9011139e+06
   1.9011852e+06
   1.9012572e+06
   1.9013211e+06
   1.9013836e+06
   1.9014460e+06
   1.9015046e+06
   1.9016050e+06
   1.9016784e+06
   1.9017516e+06
   1.9018362e+06
   1.9019287e+06
   1.9020045e+06
   1.9020638e+06
   1.9021286e+06
   1.9021981e+06
   1.9022587e+06
   1.9023327e+06
   1.9024073e+06
   1.9024746e+06
   1.9025440e+06
   1.9026186e+06
   1.9026799e+06
   1.9027744e+06
   1.9028452e+06
   1.9029253e+06
   1.9030001e+06
   1.9030829e+06
   1.9031413e+06
   1.9031951e+06
   1.9032587e+06
   1.9033349e+06
   1.9034157e+06
   1.9035013e+06
   1.9035618e+06
   1.9036346e+06
   1.9037111e+06
   1.9037808e+06
   1.9038474e+06
   1.9039129e+06
   1.9039755e+06
   1.9040393e+06
   1.9041153e+06
   1.9041998e+06
   1.9042845e+06
   1.9043651e+06
   1.9044606e+06
   1.9045416e+06
   1.9046121e+06
   1.9046823e+06
   1.9047552e+06
   1.9048189e+06
   1.9048944e+06
   1.9049527e+06
   1.9050171e+06
   1.9050860e+06
   1.9051628e+06
   1.9052404e+06
   1.9053019e+06
   1.9053758e+06
   1.9054528e+06
   1.9055159e+06
   1.9056200e+06
   1.9056842e+06
   1.9056879e+06
   1.9057067e+06
   1.9057473e+06
   1.9057492e+06
   1.9057883e+06
   1.9058124e+06
   1.9058176e+06
   1.9058635e+06
   1.9058814e+06
   1.9058853e+06
   1.9059153e+06
   1.9059440e+06
   1.9059548e+06
   1.9059749e+06
   1.9060171e+06
   1.9060206e+06
   1.9060340e+06
   1.9060801e+06
   1.9060875e+06
   1.9061091e+06
   1.9061405e+06
   1.9061546e+06
   1.9061741e+06
   1.9062043e+06
   1.9062321e+06
   1.9062603e+06
   1.9062631e+06
   1.9063074e+06
   1.9063215e+06
   1.9063245e+06
   1.9063826e+06
   1.9063839e+06
   1.9064199e+06
   1.9064496e+06
   1.9064506e+06
   1.9064912e+06
   1.9065149e+06
   1.9065174e+06
   1.9065502e+06
   1.9065924e+06
   1.9066164e+06
   1.9066246e+06
   1.9066478e+06
   1.9066860e+06
   1.9066992e+06
   1.9067150e+06
   1.9067408e+06
   1.9067709e+06
   1.9067842e+06
   1.9067989e+06
   1.9068442e+06
   1.9068528e+06
   1.9068722e+06
   1.9069209e+06
   1.9069267e+06
   1.9069385e+06
   1.9070730e+06
   1.9070737e+06
   1.9070836e+06
   1.9071475e+06
   1.9071616e+06
   1.9071660e+06
   1.9072167e+06
   1.9072312e+06
   1.9072380e+06
   1.9072908e+06
   1.9073153e+06
   1.9073221e+06
   1.9073579e+06
   1.9073808e+06
   1.9073898e+06
   1.9074389e+06
   1.9074499e+06
   1.9074717e+06
   1.9075113e+06
   1.9075177e+06
   1.9075576e+06
   1.9075841e+06
   1.9075878e+06
   1.9076257e+06
   1.9076583e+06
   1.9076681e+06
   1.9077124e+06
   1.9077166e+06
   1.9077822e+06
   1.9077921e+06
   1.9078046e+06
   1.9078656e+06
   1.9078745e+06
   1.9079076e+06
   1.9079310e+06
   1.9079517e+06
   1.9079820e+06
   1.9079898e+06
   1.9080366e+06
   1.9080514e+06
   1.9080668e+06
   1.9081122e+06
   1.9081147e+06
   1.9081410e+06
   1.9082074e+06
   1.9082129e+06
   1.9082353e+06
   1.9082785e+06
   1.9082813e+06
   1.9083019e+06
   1.9083691e+06
   1.9083702e+06
   1.9083842e+06
   1.9084443e+06
   1.9084478e+06
   1.9084863e+06
   1.9085258e+06
   1.9085279e+06
   1.9085812e+06
   1.9085930e+06
   1.9085993e+06
   1.9086373e+06
   1.9086727e+06
   1.9087006e+06
   1.9087064e+06
   1.9087312e+06
   1.9087858e+06
   1.9087902e+06
   1.9088124e+06
   1.9088541e+06
   1.9088608e+06
   1.9088880e+06
   1.9089120e+06
   1.9089433e+06
   1.9089623e+06
   1.9089741e+06
   1.9090171e+06
   1.9090369e+06
   1.9090561e+06
   1.9090973e+06
   1.9091043e+06
   1.9091495e+06
   1.9091690e+06
   1.9091788e+06
   1.9092361e+06
   1.9092402e+06
   1.9092456e+06
   1.9092949e+06
   1.9093158e+06
   1.9093178e+06
   1.9093808e+06
   1.9093820e+06
   1.9093889e+06
   1.9094390e+06
   1.9094533e+06
   1.9094976e+06
   1.9095033e+06
   1.9095227e+06
   1.9095650e+06
   1.9095711e+06
   1.9096089e+06
   1.9096429e+06
   1.9096468e+06
   1.9096763e+06
   1.9097097e+06
   1.9097245e+06
   1.9097309e+06
   1.9097715e+06
   1.9097982e+06
   1.9097996e+06
   1.9098471e+06
   1.9098803e+06
   1.9098864e+06
   1.9099348e+06
   1.9099513e+06
   1.9099607e+06
   1.9099933e+06
   1.9100256e+06
   1.9100386e+06
   1.9100683e+06
   1.9100917e+06
   1.9101027e+06
   1.9101601e+06
   1.9101866e+06
   1.9101938e+06
   1.9102328e+06
   1.9102385e+06
   1.9102722e+06
   1.9103250e+06
   1.9103415e+06
   1.9103425e+06
   1.9104039e+06
   1.9104201e+06
   1.9104231e+06
   1.9104918e+06
   1.9104918e+06
   1.9104926e+06
   1.9105576e+06
   1.9105586e+06
   1.9105663e+06
   1.9106194e+06
   1.9106200e+06
   1.9106268e+06
   1.9106883e+06
   1.9106955e+06
   1.9107138e+06
   1.9107730e+06
   1.9107761e+06
   1.9107995e+06
   1.9108404e+06
   1.9108501e+06
   1.9108722e+06
   1.9109103e+06
   1.9109405e+06
   1.9109857e+06
   1.9109934e+06
   1.9110126e+06
   1.9110516e+06
   1.9110718e+06
   1.9110862e+06
   1.9111155e+06
   1.9111425e+06
   1.9111465e+06
   1.9111883e+06
   1.9112099e+06
   1.9112127e+06
   1.9112622e+06
   1.9112726e+06
   1.9112874e+06
   1.9113352e+06
   1.9113374e+06
   1.9113967e+06
   1.9113976e+06
   1.9114103e+06
   1.9114618e+06
   1.9114728e+06
   1.9115001e+06
   1.9115302e+06
   1.9115668e+06
   1.9115697e+06
   1.9115938e+06
   1.9116475e+06
   1.9116596e+06
   1.9116665e+06
   1.9117209e+06
   1.9117216e+06
   1.9117365e+06
   1.9117888e+06
   1.9118015e+06
   1.9118041e+06
   1.9118660e+06
   1.9118855e+06
   1.9118966e+06
   1.9119431e+06
   1.9119449e+06
   1.9119606e+06
   1.9120056e+06
   1.9120111e+06
   1.9120508e+06
   1.9120787e+06
   1.9120897e+06
   1.9121309e+06
   1.9121623e+06
   1.9121659e+06
   1.9121998e+06
   1.9122475e+06
   1.9122476e+06
   1.9122675e+06
   1.9123135e+06
   1.9123144e+06
   1.9123449e+06
   1.9124038e+06
   1.9124108e+06
   1.9124377e+06
   1.9124630e+06
   1.9124651e+06
   1.9125035e+06
   1.9125233e+06
   1.9125293e+06
   1.9125685e+06
   1.9125869e+06
   1.9125895e+06
   1.9126328e+06
   1.9126576e+06
   1.9126753e+06
   1.9127063e+06
   1.9127276e+06
   1.9127348e+06
   1.9127934e+06
   1.9128204e+06
   1.9128328e+06
   1.9128607e+06
   1.9128992e+06
   1.9129123e+06
   1.9129354e+06
   1.9129728e+06
   1.9129820e+06
   1.9130018e+06
   1.9130471e+06
   1.9130537e+06
   1.9130883e+06
   1.9131374e+06
   1.9131441e+06
   1.9131596e+06
   1.9131944e+06
   1.9131984e+06
   1.9132349e+06
   1.9132723e+06
   1.9132767e+06
   1.9133143e+06
   1.9133421e+06
   1.9133690e+06
   1.9133932e+06
   1.9134226e+06
   1.9134469e+06
   1.9134604e+06
   1.9134922e+06
   1.9135172e+06
   1.9135275e+06
   1.9135718e+06
   1.9135845e+06
   1.9135951e+06
   1.9136328e+06
   1.9136666e+06
   1.9136838e+06
   1.9136940e+06
   1.9137549e+06
   1.9137626e+06
   1.9137707e+06
   1.9138152e+06
   1.9138370e+06
   1.9138377e+06
   1.9139028e+06
   1.9139058e+06
   1.9139182e+06
   1.9139670e+06
   1.9139765e+06
   1.9139881e+06
   1.9141134e+06
   1.9141149e+06
   1.9141271e+06
   1.9141855e+06
   1.9142104e+06
   1.9142240e+06
   1.9142744e+06
   1.9142850e+06
   1.9142864e+06
   1.9143466e+06
   1.9143545e+06
   1.9143549e+06
   1.9144185e+06
   1.9144391e+06
   1.9144435e+06
   1.9145092e+06
   1.9145106e+06
   1.9145167e+06
   1.9145782e+06
   1.9145817e+06
   1.9145921e+06
   1.9146405e+06
   1.9146492e+06
   1.9146736e+06
   1.9147204e+06
   1.9147339e+06
   1.9147587e+06
   1.9147975e+06
   1.9148184e+06
   1.9148285e+06
   1.9148817e+06
   1.9148881e+06
   1.9148951e+06
   1.9149676e+06
   1.9149720e+06
   1.9149877e+06
   1.9150284e+06
   1.9150523e+06
   1.9150758e+06
   1.9150883e+06
   1.9151259e+06
   1.9151506e+06
   1.9151788e+06
   1.9151924e+06
   1.9152323e+06
   1.9152651e+06
   1.9152822e+06
   1.9153289e+06
   1.9153409e+06
   1.9153655e+06
   1.9154012e+06
   1.9154130e+06
   1.9154372e+06
   1.9154853e+06
   1.9154895e+06
   1.9155086e+06
   1.9155588e+06
   1.9155704e+06
   1.9155828e+06
   1.9156186e+06
   1.9156478e+06
   1.9156519e+06
   1.9156938e+06
   1.9157141e+06
   1.9157207e+06
   1.9157792e+06
   1.9157856e+06
   1.9158047e+06
   1.9158472e+06
   1.9158707e+06
   1.9158708e+06
   1.9159216e+06
   1.9159378e+06
   1.9159617e+06
   1.9160054e+06
   1.9160406e+06
   1.9160532e+06
   1.9160638e+06
   1.9161156e+06
   1.9161243e+06
   1.9161533e+06
   1.9161549e+06
   1.9161585e+06
   1.9161845e+06
   1.9161927e+06
   1.9162001e+06
   1.9162101e+06
   1.9162201e+06
   1.9162219e+06
   1.9162304e+06
   1.9162734e+06
   1.9162773e+06
   1.9162852e+06
   1.9162871e+06
   1.9162886e+06
   1.9162983e+06
   1.9163014e+06
   1.9163037e+06
   1.9163376e+06
   1.9163597e+06
   1.9163600e+06
   1.9163637e+06
   1.9163765e+06
   1.9163808e+06
   1.9163885e+06
   1.9163946e+06
   1.9164010e+06
   1.9164328e+06
   1.9164501e+06
   1.9164539e+06
   1.9164609e+06
   1.9164698e+06
   1.9164719e+06
   1.9164884e+06
   1.9164916e+06
   1.9165108e+06
   1.9165233e+06
   1.9165267e+06
   1.9165323e+06
   1.9165528e+06
   1.9165572e+06
   1.9165645e+06
   1.9165758e+06
   1.9165872e+06
   1.9166039e+06
   1.9166042e+06
   1.9166153e+06
   1.9166184e+06
   1.9166331e+06
   1.9166408e+06
   1.9166647e+06
   1.9166756e+06
   1.9166793e+06
   1.9166816e+06
   1.9166860e+06
   1.9167045e+06
   1.9167116e+06
   1.9167178e+06
   1.9167409e+06
   1.9167443e+06
   1.9167578e+06
   1.9167717e+06
   1.9167721e+06
   1.9167818e+06
   1.9167956e+06
   1.9168018e+06
   1.9168090e+06
   1.9168204e+06
   1.9168410e+06
   1.9168425e+06
   1.9168726e+06
   1.9168764e+06
   1.9168765e+06
   1.9168813e+06
   1.9168965e+06
   1.9169045e+06
   1.9169211e+06
   1.9169237e+06
   1.9169494e+06
   1.9169494e+06
   1.9169527e+06
   1.9169564e+06
   1.9169675e+06
   1.9169835e+06
   1.9169844e+06
   1.9170110e+06
   1.9170164e+06
   1.9170278e+06
   1.9170404e+06
   1.9170410e+06
   1.9170633e+06
   1.9170675e+06
   1.9170933e+06
   1.9170979e+06
   1.9170983e+06
   1.9171006e+06
   1.9171154e+06
   1.9171176e+06
   1.9171376e+06
   1.9171552e+06
   1.9171604e+06
   1.9171693e+06
   1.9171821e+06
   1.9171852e+06
   1.9171934e+06
   1.9172156e+06
   1.9172189e+06
   1.9172256e+06
   1.9172266e+06
   1.9172477e+06
   1.9172513e+06
   1.9172528e+06
   1.9172690e+06
   1.9172968e+06
   1.9172996e+06
   1.9173017e+06
   1.9173156e+06
   1.9173173e+06
   1.9173290e+06
   1.9173341e+06
   1.9173494e+06
   1.9173538e+06
   1.9173797e+06
   1.9173955e+06
   1.9174000e+06
   1.9174007e+06
   1.9174124e+06
   1.9174236e+06
   1.9174305e+06
   1.9174319e+06
   1.9174514e+06
   1.9174750e+06
   1.9174763e+06
   1.9174774e+06
   1.9174848e+06
   1.9174858e+06
   1.9174947e+06
   1.9175104e+06
   1.9175253e+06
   1.9175415e+06
   1.9175462e+06
   1.9175492e+06
   1.9175529e+06
   1.9175622e+06
   1.9175706e+06
   1.9175860e+06
   1.9175914e+06
   1.9176165e+06
   1.9176257e+06
   1.9176270e+06
   1.9176352e+06
   1.9176361e+06
   1.9176370e+06
   1.9176597e+06
   1.9176788e+06
   1.9176965e+06
   1.9177076e+06
   1.9177085e+06
   1.9177087e+06
   1.9177106e+06
   1.9177208e+06
   1.9177478e+06
   1.9177615e+06
   1.9177647e+06
   1.9177753e+06
   1.9177754e+06
   1.9177774e+06
   1.9177784e+06
   1.9177989e+06
   1.9178228e+06
   1.9178369e+06
   1.9178457e+06
   1.9178463e+06
   1.9178465e+06
   1.9178605e+06
   1.9178898e+06
   1.9178936e+06
   1.9179031e+06
   1.9179150e+06
   1.9179239e+06
   1.9179264e+06
   1.9179308e+06
   1.9179343e+06
   1.9179544e+06
   1.9179658e+06
   1.9179795e+06
   1.9179942e+06
   1.9179980e+06
   1.9180036e+06
   1.9180049e+06
   1.9180212e+06
   1.9180286e+06
   1.9180378e+06
   1.9180496e+06
   1.9180746e+06
   1.9180771e+06
   1.9180806e+06
   1.9180809e+06
   1.9181035e+06
   1.9181037e+06
   1.9181239e+06
   1.9181396e+06
   1.9181514e+06
   1.9181556e+06
   1.9181629e+06
   1.9181645e+06
   1.9181893e+06
   1.9181934e+06
   1.9182057e+06
   1.9182259e+06
   1.9182293e+06
   1.9182294e+06
   1.9182368e+06
   1.9182369e+06
   1.9182712e+06
   1.9182722e+06
   1.9182814e+06
   1.9182906e+06
   1.9182972e+06
   1.9182996e+06
   1.9183165e+06
   1.9183315e+06
   1.9183447e+06
   1.9183530e+06
   1.9183584e+06
   1.9183625e+06
   1.9183674e+06
   1.9183755e+06
   1.9183848e+06
   1.9184086e+06
   1.9184129e+06
   1.9184226e+06
   1.9184450e+06
   1.9184488e+06
   1.9184573e+06
   1.9184610e+06
   1.9184627e+06
   1.9184802e+06
   1.9184862e+06
   1.9185123e+06
   1.9185222e+06
   1.9185223e+06
   1.9185335e+06
   1.9185422e+06
   1.9185438e+06
   1.9185520e+06
   1.9185529e+06
   1.9185779e+06
   1.9186012e+06
   1.9186104e+06
   1.9186119e+06
   1.9186191e+06
   1.9186249e+06
   1.9186263e+06
   1.9186363e+06
   1.9186500e+06
   1.9186654e+06
   1.9186790e+06
   1.9186915e+06
   1.9186923e+06
   1.9186960e+06
   1.9186993e+06
   1.9187031e+06
   1.9187203e+06
   1.9187372e+06
   1.9187388e+06
   1.9187570e+06
   1.9187744e+06
   1.9187748e+06
   1.9187777e+06
   1.9187937e+06
   1.9188092e+06
   1.9188226e+06
   1.9188233e+06
   1.9188303e+06
   1.9188360e+06
   1.9188572e+06
   1.9188643e+06
   1.9188685e+06
   1.9188808e+06
   1.9188919e+06
   1.9188944e+06
   1.9189135e+06
   1.9189142e+06
   1.9189230e+06
   1.9189346e+06
   1.9189350e+06
   1.9189589e+06
   1.9189673e+06
   1.9189810e+06
   1.9189909e+06
   1.9189950e+06
   1.9190013e+06
   1.9190095e+06
   1.9190254e+06
   1.9190403e+06
   1.9190490e+06
   1.9190541e+06
   1.9190672e+06
   1.9190703e+06
   1.9190802e+06
   1.9190920e+06
   1.9190931e+06
   1.9191159e+06
   1.9191225e+06
   1.9191231e+06
   1.9191321e+06
   1.9191337e+06
   1.9191576e+06
   1.9191598e+06
   1.9191845e+06
   1.9191869e+06
   1.9191891e+06
   1.9191922e+06
   1.9191953e+06
   1.9192061e+06
   1.9192483e+06
   1.9192489e+06
   1.9192588e+06
   1.9192627e+06
   1.9192645e+06
   1.9192657e+06
   1.9192851e+06
   1.9192860e+06
   1.9193270e+06
   1.9193272e+06
   1.9193283e+06
   1.9193333e+06
   1.9193363e+06
   1.9193369e+06
   1.9193544e+06
   1.9193546e+06
   1.9193978e+06
   1.9194045e+06
   1.9194140e+06
   1.9194168e+06
   1.9194179e+06
   1.9194255e+06
   1.9194442e+06
   1.9194454e+06
   1.9194834e+06
   1.9194876e+06
   1.9194959e+06
   1.9194984e+06
   1.9195031e+06
   1.9195126e+06
   1.9195163e+06
   1.9195331e+06
   1.9195715e+06
   1.9195745e+06
   1.9195779e+06
   1.9195782e+06
   1.9195836e+06
   1.9195864e+06
   1.9195995e+06
   1.9196111e+06
   1.9196432e+06
   1.9196525e+06
   1.9196555e+06
   1.9196603e+06
   1.9196623e+06
   1.9196624e+06
   1.9196666e+06
   1.9196913e+06
   1.9197205e+06
   1.9197272e+06
   1.9197375e+06
   1.9197422e+06
   1.9197452e+06
   1.9197471e+06
   1.9197510e+06
   1.9197699e+06
   1.9197883e+06
   1.9197971e+06
   1.9198086e+06
   1.9198099e+06
   1.9198130e+06
   1.9198228e+06
   1.9198442e+06
   1.9198521e+06
   1.9198548e+06
   1.9198583e+06
   1.9198839e+06
   1.9198942e+06
   1.9198953e+06
   1.9199169e+06
   1.9199225e+06
   1.9199312e+06
   1.9199366e+06
   1.9199447e+06
   1.9199570e+06
   1.9199664e+06
   1.9199768e+06
