   4.6461725e+02
   8.0227592e+02
   1.0587777e+03
   1.6135653e+03
   1.9981026e+03
   2.2881859e+03
   2.5519343e+03
   6.7421822e+03
   6.9563750e+03
   7.8733064e+03
   8.3061203e+03
   8.7152113e+03
   9.0200051e+03
   9.5148124e+03
   9.8446677e+03
   1.1555867e+04
   1.1918946e+04
   1.2249432e+04
   1.2635791e+04
   1.3139342e+04
   1.3681634e+04
   1.5748782e+04
   1.7123323e+04
   1.8908110e+04
   2.9809485e+04
   3.1763033e+04
   3.2469208e+04
   3.4045945e+04
   3.4230702e+04
   3.4785857e+04
   3.5144301e+04
   3.5475431e+04
   3.5718781e+04
   3.6924845e+04
   4.0648445e+04
   4.0928682e+04
   4.1356494e+04
   4.1680026e+04
   4.1976698e+04
   4.2262901e+04
   4.2480994e+04
   4.2731359e+04
   4.2961400e+04
   4.3165616e+04
   4.3359534e+04
   4.5003346e+04
   4.5202647e+04
   4.5684818e+04
   4.5882412e+04
   4.6150538e+04
   4.6424791e+04
   4.6721601e+04
   4.6931860e+04
   4.7474519e+04
   4.7691081e+04
   4.7939965e+04
   4.8328162e+04
   4.9390783e+04
   4.9646847e+04
   5.0115799e+04
   5.0445387e+04
   5.0745486e+04
   5.1076947e+04
   5.1391663e+04
   5.2148045e+04
   5.2516832e+04
   5.3253123e+04
   5.3805632e+04
   5.4867614e+04
   5.5100782e+04
   5.5314109e+04
   5.5549000e+04
   5.5755993e+04
   5.5928808e+04
   5.6081185e+04
   5.6278304e+04
   5.6417403e+04
   5.6626830e+04
   5.6804958e+04
   5.7200567e+04
   5.7394458e+04
   5.7563666e+04
   5.7703864e+04
   5.7847493e+04
   5.8091586e+04
   5.8370385e+04
   5.8776914e+04
   5.8927112e+04
   5.9176153e+04
   5.9337489e+04
   5.9508545e+04
   5.9657385e+04
   5.9885708e+04
   6.0232062e+04
   6.0623865e+04
   6.7086434e+04
   1.0038936e+05
   1.0101568e+05
   1.0132751e+05
   1.0191073e+05
   1.0207660e+05
   1.0237759e+05
   1.0262519e+05
   1.0299897e+05
   1.0340064e+05
   1.0428887e+05
   1.0445974e+05
   1.0471386e+05
   1.0495901e+05
   1.0528951e+05
   1.0572286e+05
   1.0602655e+05
   1.0631732e+05
   1.0659659e+05
   1.0690269e+05
   1.0730596e+05
   1.0761122e+05
   1.0776075e+05
   1.0816269e+05
   1.0834948e+05
   1.0866328e+05
   1.0895944e+05
   1.0918164e+05
   1.0939498e+05
   1.0965897e+05
   1.1003545e+05
   1.1039879e+05
   1.1064073e+05
   1.1095781e+05
   1.1122044e+05
   1.1154587e+05
   1.1180440e+05
   1.1198833e+05
   1.1224765e+05
   1.1247091e+05
   1.1272018e+05
   1.1378787e+05
   1.1418994e+05
   1.1441611e+05
   1.1460607e+05
   1.1473233e+05
   1.1485131e+05
   1.1497333e+05
   1.1517745e+05
   1.1556074e+05
   1.1568567e+05
   1.1586649e+05
   1.1599157e+05
   1.1614543e+05
   1.1627621e+05
   1.1646535e+05
   1.1662994e+05
   1.1682365e+05
   1.1701645e+05
   1.1715744e+05
   1.1733094e+05
   1.1747365e+05
   1.1759899e+05
   1.1772952e+05
   1.1792098e+05
   1.1804064e+05
   1.1820332e+05
   1.1835287e+05
   1.1856118e+05
   1.1879592e+05
   1.1893939e+05
   1.1908880e+05
   1.1920653e+05
   1.1957828e+05
   1.1976528e+05
   1.1991308e+05
   1.2025405e+05
   1.2308621e+05
   1.2349632e+05
   1.2412978e+05
   1.2442274e+05
   1.2466668e+05
   1.2507996e+05
   1.2558523e+05
   1.2579440e+05
   1.2633486e+05
   1.2653741e+05
   1.2729676e+05
   1.3081505e+05
   1.3553550e+05
   1.3610226e+05
   1.3684231e+05
   1.3763860e+05
   1.4083603e+05
   1.4127030e+05
   1.4187820e+05
   1.4244635e+05
   1.4613895e+05
   1.4669171e+05
   1.4708855e+05
   1.4828199e+05
   1.4872610e+05
   1.5343024e+05
   1.5409484e+05
   1.5491479e+05
   1.6035253e+05
   1.6069263e+05
   1.6095052e+05
   1.6159981e+05
   1.6211426e+05
   1.6230348e+05
   1.6267830e+05
   1.6338255e+05
   1.6361681e+05
   1.6385541e+05
   1.6424985e+05
   1.6456736e+05
   1.6481213e+05
   1.6529293e+05
   1.6553797e+05
   1.6581819e+05
   1.6612532e+05
   1.6634365e+05
   1.6681559e+05
   1.6724958e+05
   1.6741979e+05
   1.6762316e+05
   1.6786781e+05
   1.6803207e+05
   1.6834668e+05
   1.6855327e+05
   1.6872717e+05
   1.6893314e+05
   1.6936788e+05
   1.6958761e+05
   1.6977692e+05
   1.7001594e+05
   1.7026190e+05
   1.7043592e+05
   1.7062137e+05
   1.7086813e+05
   1.7099236e+05
   1.7121568e+05
   1.7138299e+05
   1.7172211e+05
   1.7188358e+05
   1.7207918e+05
   1.7232307e+05
   1.7252089e+05
   1.7267722e+05
   1.7289433e+05
   1.7312446e+05
   1.7327348e+05
   1.7343242e+05
   1.7367401e+05
   1.7380486e+05
   1.7396242e+05
   1.7430847e+05
   1.7450358e+05
   1.7466408e+05
   1.7483001e+05
   1.7522542e+05
   1.7540157e+05
   1.7561307e+05
   1.7586873e+05
   1.7609477e+05
   1.7623507e+05
   1.7647884e+05
   1.7664439e+05
   1.7687370e+05
   1.7709298e+05
   1.7727856e+05
   1.7748510e+05
   1.7768692e+05
   1.7791227e+05
   1.7809630e+05
   1.7828061e+05
   1.7839809e+05
   1.7854053e+05
   1.7869367e+05
   1.7889451e+05
   1.7907079e+05
   1.7935524e+05
   1.7951260e+05
   1.7975987e+05
   1.7993743e+05
   1.8021674e+05
   1.8051224e+05
   1.8111579e+05
   1.8149454e+05
   1.8184031e+05
   1.8204379e+05
   1.8254512e+05
   1.8322532e+05
   1.8400343e+05
   1.8469933e+05
   1.8508425e+05
   1.8536895e+05
   1.8583175e+05
   1.8610489e+05
   1.8680221e+05
   1.8766609e+05
   1.8869681e+05
   1.8917355e+05
   1.8955869e+05
   1.8978440e+05
   1.9029561e+05
   1.9333622e+05
   1.9423016e+05
   1.9500113e+05
   1.9604720e+05
   1.9632853e+05
   1.9661502e+05
   1.9717856e+05
   1.9792191e+05
   1.9817654e+05
   1.9857662e+05
   1.9942317e+05
   1.9969838e+05
   2.0005002e+05
   2.0040042e+05
   2.0063573e+05
   2.0134708e+05
   2.0199520e+05
   2.0324010e+05
   2.0350668e+05
   2.0390184e+05
   2.0420416e+05
   2.0454318e+05
   2.0487874e+05
   2.0568259e+05
   2.0624710e+05
   2.0686912e+05
   2.0740208e+05
   2.0775726e+05
   2.0966087e+05
   2.1027144e+05
   2.1075195e+05
   2.1112118e+05
   2.1140515e+05
   2.1220541e+05
   2.1250907e+05
   2.1404904e+05
   2.1684515e+05
   2.1713561e+05
   2.1741511e+05
   2.1771518e+05
   2.1863450e+05
   2.1997762e+05
   2.2023534e+05
   2.2059495e+05
   2.2081813e+05
   2.2104387e+05
   2.2120885e+05
   2.2137206e+05
   2.2172666e+05
   2.2226208e+05
   2.2302826e+05
   2.2334091e+05
   2.2375079e+05
   2.2420968e+05
   2.2443642e+05
   2.2487488e+05
   2.2524281e+05
   2.2562914e+05
   2.2656994e+05
   2.2686829e+05
   2.2735217e+05
   2.2770667e+05
   2.2827295e+05
   2.2849174e+05
   2.2864727e+05
   2.2883354e+05
   2.2913939e+05
   2.2929777e+05
   2.2946562e+05
   2.2960696e+05
   2.2981826e+05
   2.2995872e+05
   2.3016575e+05
   2.3035389e+05
   2.3049386e+05
   2.3068598e+05
   2.3081131e+05
   2.3096621e+05
   2.3113356e+05
   2.3138989e+05
   2.3155055e+05
   2.3181241e+05
   2.3199931e+05
   2.3221706e+05
   2.3236072e+05
   2.3249907e+05
   2.3268455e+05
   2.3285234e+05
   2.3298862e+05
   2.3316855e+05
   2.3335269e+05
   2.3351494e+05
   2.3371477e+05
   2.3393285e+05
   2.3447318e+05
   2.3490153e+05
   2.3601950e+05
   2.3625915e+05
   2.3653823e+05
   2.3692751e+05
   2.3749422e+05
   2.3779061e+05
   2.3859121e+05
   2.3885174e+05
   2.3932465e+05
   2.4065544e+05
   2.4313279e+05
   2.4340852e+05
   2.4374833e+05
   2.4394062e+05
   2.4479070e+05
   2.4518927e+05
   2.4675181e+05
   2.4700732e+05
   2.5481022e+05
   2.8025473e+05
   2.8065610e+05
   2.8088513e+05
   2.8123943e+05
   2.8146687e+05
   2.8170516e+05
   2.8209994e+05
   2.8239249e+05
   2.8266942e+05
   2.8287584e+05
   2.8308408e+05
   2.8329275e+05
   2.8355474e+05
   2.8499730e+05
   2.8551467e+05
   2.8590794e+05
   2.8605698e+05
   2.8639111e+05
   2.8965065e+05
   2.8991766e+05
   2.9011205e+05
   2.9037205e+05
   2.9179943e+05
   2.9199246e+05
   2.9237800e+05
   2.9276123e+05
   2.9310847e+05
   2.9332810e+05
   2.9443569e+05
   2.9479263e+05
   2.9558568e+05
   2.9624095e+05
   2.9661199e+05
   2.9806302e+05
   2.9825536e+05
   2.9901790e+05
   2.9929907e+05
   2.9947960e+05
   3.0150569e+05
   3.0178358e+05
   3.0218432e+05
   3.0285944e+05
   3.0558136e+05
   3.0585517e+05
   3.0636944e+05
   3.0666621e+05
   3.0714604e+05
   3.0794454e+05
   3.0817965e+05
   3.0861733e+05
   3.0891439e+05
   3.0958569e+05
   3.1033645e+05
   3.1085417e+05
   3.1113858e+05
   3.1143268e+05
   3.1316814e+05
   3.1391271e+05
   3.1790915e+05
   3.1815949e+05
   3.1863138e+05
   3.1949272e+05
   3.1980257e+05
   3.2019360e+05
   3.2118381e+05
   3.2306826e+05
   3.2350563e+05
   3.2372751e+05
   3.2428946e+05
   3.2452607e+05
   3.2693833e+05
   3.2753122e+05
   3.2774835e+05
   3.2838068e+05
   3.2894892e+05
   3.3002825e+05
   3.3083859e+05
   3.3144883e+05
   3.3180874e+05
   3.3248830e+05
   3.3413078e+05
   3.3461107e+05
   3.3500601e+05
   3.3550387e+05
   3.3741104e+05
   3.3782934e+05
   3.3836159e+05
   3.3866935e+05
   3.3927299e+05
   3.3961252e+05
   3.3986107e+05
   3.4012705e+05
   3.4028255e+05
   3.4042840e+05
   3.4065790e+05
   3.4082364e+05
   3.4099512e+05
   3.4116436e+05
   3.4140535e+05
   3.4176341e+05
   3.4191557e+05
   3.4206424e+05
   3.4224308e+05
   3.4243847e+05
   3.4254891e+05
   3.4271115e+05
   3.4287257e+05
   3.4300655e+05
   3.4317787e+05
   3.4339920e+05
   3.4355331e+05
   3.4387872e+05
   3.4401870e+05
   3.4419034e+05
   3.4428587e+05
   3.4441433e+05
   3.4455993e+05
   3.4472170e+05
   3.4485183e+05
   3.4499897e+05
   3.4517126e+05
   3.4536843e+05
   3.4559176e+05
   3.4583712e+05
   3.4597089e+05
   3.4613158e+05
   3.4634224e+05
   3.4651683e+05
   3.4671442e+05
   3.4692772e+05
   3.4727728e+05
   3.4739313e+05
   3.4756336e+05
   3.4766711e+05
   3.4787209e+05
   3.4800589e+05
   3.4816434e+05
   3.4829513e+05
   3.4860113e+05
   3.4882775e+05
   3.4908953e+05
   3.4927902e+05
   3.4940863e+05
   3.4969724e+05
   3.4984370e+05
   3.5001341e+05
   3.5030156e+05
   3.5063245e+05
   3.5085680e+05
   3.5100312e+05
   3.5119800e+05
   3.5136406e+05
   3.5153558e+05
   3.5169205e+05
   3.5187388e+05
   3.5204846e+05
   3.5216632e+05
   3.5235826e+05
   3.5247933e+05
   3.5265924e+05
   3.5287054e+05
   3.5305376e+05
   3.5325980e+05
   3.5342163e+05
   3.5366494e+05
   3.5381485e+05
   3.5450547e+05
   3.5489561e+05
   3.5515481e+05
   3.5709856e+05
   3.5730225e+05
   3.5750426e+05
   3.5779977e+05
   3.5794105e+05
   3.5831210e+05
   3.5857671e+05
   3.5878797e+05
   3.5908891e+05
   3.5933752e+05
   3.5956901e+05
   3.5972931e+05
   3.5998373e+05
   3.6069110e+05
   3.6103983e+05
   3.6136825e+05
   3.6164786e+05
   3.6213304e+05
   3.6267682e+05
   3.6323266e+05
   3.6435910e+05
   3.7005465e+05
   3.7134062e+05
   3.7157561e+05
   3.7188982e+05
   3.7240248e+05
   3.7366768e+05
   3.7413661e+05
   3.7450530e+05
   3.7506138e+05
   3.7551885e+05
   3.7700142e+05
   3.7727727e+05
   3.7867072e+05
   3.7913356e+05
   3.8128324e+05
   3.8206889e+05
   3.8249340e+05
   3.8354664e+05
   3.8429500e+05
   3.8469561e+05
   3.8698101e+05
   3.8740763e+05
   3.8763712e+05
   3.8803665e+05
   3.9719350e+05
   3.9802077e+05
   3.9832518e+05
   3.9910000e+05
   3.9990067e+05
   4.0063752e+05
   4.0115851e+05
   4.0148265e+05
   4.0169738e+05
   4.0219399e+05
   4.0241411e+05
   4.0269541e+05
   4.0326518e+05
   4.0356400e+05
   4.0377956e+05
   4.0396074e+05
   4.0448047e+05
   4.0482730e+05
   4.0643723e+05
   4.0660109e+05
   4.0695633e+05
   4.0737958e+05
   4.0767019e+05
   4.0933122e+05
   4.0957845e+05
   4.1003988e+05
   4.1026791e+05
   4.1050104e+05
   4.1067473e+05
   4.1107461e+05
   4.1134334e+05
   4.1159504e+05
   4.1183012e+05
   4.1206324e+05
   4.1226617e+05
   4.1444644e+05
   4.1461748e+05
   4.1484186e+05
   4.1505161e+05
   4.1522202e+05
   4.1549786e+05
   4.1588055e+05
   4.1618270e+05
   4.1640595e+05
   4.1662494e+05
   4.1700531e+05
   4.1758057e+05
   4.1779567e+05
   4.1795755e+05
   4.1840598e+05
   4.1863866e+05
   4.1902563e+05
   4.1924379e+05
   4.1962538e+05
   4.1981461e+05
   4.1999391e+05
   4.2049023e+05
   4.2144671e+05
   4.2182684e+05
   4.2221490e+05
   4.2275019e+05
   4.2316045e+05
   4.2477348e+05
   4.2551776e+05
   4.2629264e+05
   4.2652268e+05
   4.2744077e+05
   4.2800328e+05
   4.2851986e+05
   4.2929224e+05
   4.3200100e+05
   4.3234761e+05
   4.3287127e+05
   4.3419549e+05
   4.3446759e+05
   4.3475390e+05
   4.3825846e+05
   4.3849200e+05
   4.3892813e+05
   4.4400218e+05
   4.4448714e+05
   4.4493021e+05
   4.4536830e+05
   4.4603484e+05
   4.4649307e+05
   4.4687558e+05
   4.4763850e+05
   4.5253721e+05
   4.5281111e+05
   4.5339783e+05
   4.5408210e+05
   4.5446139e+05
   4.5481311e+05
   4.5515354e+05
   4.5556352e+05
   4.5670022e+05
   4.5704648e+05
   4.5724575e+05
   4.5842514e+05
   4.5885068e+05
   4.5945007e+05
   4.6018240e+05
   4.6031318e+05
   4.6046824e+05
   4.6078439e+05
   4.6095068e+05
   4.6112789e+05
   4.6137995e+05
   4.6154997e+05
   4.6172674e+05
   4.6186656e+05
   4.6207487e+05
   4.6225627e+05
   4.6245123e+05
   4.6269051e+05
   4.6282378e+05
   4.6305210e+05
   4.6321902e+05
   4.6344139e+05
   4.6360064e+05
   4.6375854e+05
   4.6393623e+05
   4.6415288e+05
   4.6429585e+05
   4.6454298e+05
   4.6479417e+05
   4.6495002e+05
   4.6512846e+05
   4.6522770e+05
   4.6543259e+05
   4.6560549e+05
   4.6576051e+05
   4.6615315e+05
   4.6674430e+05
   4.6696946e+05
   4.6740925e+05
   4.6771952e+05
   4.6795329e+05
   4.6824125e+05
   4.6867166e+05
   4.6899081e+05
   4.6952054e+05
   4.7013663e+05
   4.7033843e+05
   4.7050164e+05
   4.7069902e+05
   4.7098648e+05
   4.7126020e+05
   4.7262111e+05
   4.7277431e+05
   4.7333124e+05
   4.7362361e+05
   4.7378716e+05
   4.7418440e+05
   4.7536416e+05
   4.7553361e+05
   4.7584491e+05
   4.7608700e+05
   4.7652190e+05
   4.7674714e+05
   4.7705227e+05
   4.7731228e+05
   4.7782361e+05
   4.7810366e+05
   4.7858880e+05
   4.7883965e+05
   4.7905597e+05
   4.7931400e+05
   4.7975246e+05
   4.8042196e+05
   4.8094048e+05
   4.8249610e+05
   5.2042465e+05
   5.2072136e+05
   5.2094824e+05
   5.2118736e+05
   5.2141989e+05
   5.2165334e+05
   5.2192120e+05
   5.2214004e+05
   5.2341851e+05
   5.2360570e+05
   5.2387268e+05
   5.2429613e+05
   5.2455355e+05
   5.2477338e+05
   5.2498247e+05
   5.2523150e+05
   5.2567076e+05
   5.2613560e+05
   5.2646110e+05
   5.2680628e+05
   5.2716113e+05
   5.2730489e+05
   5.2750642e+05
   5.2765735e+05
   5.2779013e+05
   5.2793624e+05
   5.2815103e+05
   5.2828262e+05
   5.2845414e+05
   5.2862043e+05
   5.2874918e+05
   5.2890620e+05
   5.2904520e+05
   5.2927212e+05
   5.2946592e+05
   5.2960106e+05
   5.2976402e+05
   5.2999549e+05
   5.3020109e+05
   5.3036398e+05
   5.3052509e+05
   5.3075314e+05
   5.3089299e+05
   5.3099597e+05
   5.3113883e+05
   5.3127750e+05
   5.3142363e+05
   5.3155279e+05
   5.3187799e+05
   5.3205166e+05
   5.3225225e+05
   5.3240111e+05
   5.3257168e+05
   5.3271148e+05
   5.3289779e+05
   5.3303719e+05
   5.3319350e+05
   5.3342108e+05
   5.3362693e+05
   5.3380060e+05
   5.3398541e+05
   5.3430306e+05
   5.3457518e+05
   5.3495673e+05
   5.3516108e+05
   5.3559812e+05
   5.3579243e+05
   5.3611219e+05
   5.3632336e+05
   5.3709929e+05
   5.3725331e+05
   5.3790532e+05
   5.3815467e+05
   5.3838345e+05
   5.3891753e+05
   5.3912158e+05
   5.3941838e+05
   5.3973448e+05
   5.3987409e+05
   5.8028003e+05
   5.8048346e+05
   5.8098567e+05
   5.8118010e+05
   5.8144878e+05
   5.8164746e+05
   5.8186706e+05
   5.8257077e+05
   5.8284539e+05
   5.8300852e+05
   5.8319902e+05
   5.8353895e+05
   5.8393607e+05
   5.8419847e+05
   5.8464092e+05
   5.8487033e+05
   5.8518969e+05
   5.8548455e+05
   5.8567409e+05
   5.8607956e+05
   5.8669797e+05
   5.8724180e+05
   5.8739411e+05
   5.8755349e+05
   5.8779843e+05
   5.8795237e+05
   5.8819129e+05
   5.8844401e+05
   5.8866527e+05
   5.8886981e+05
   5.8900469e+05
   5.8931951e+05
   5.8946248e+05
   5.8960496e+05
   5.8977010e+05
   5.8993604e+05
   5.9010027e+05
   5.9040265e+05
   5.9052799e+05
   5.9072615e+05
   5.9091980e+05
   5.9103486e+05
   5.9118598e+05
   5.9138954e+05
   5.9151296e+05
   5.9168985e+05
   5.9189081e+05
   5.9205633e+05
   5.9221852e+05
   5.9251362e+05
   5.9267479e+05
   5.9287025e+05
   5.9304475e+05
   5.9321526e+05
   5.9341026e+05
   5.9354859e+05
   5.9374728e+05
   5.9386810e+05
   5.9434850e+05
   5.9453421e+05
   5.9478325e+05
   5.9501731e+05
   5.9523612e+05
   5.9560270e+05
   5.9582690e+05
   5.9618301e+05
   5.9668406e+05
   5.9688079e+05
   5.9704341e+05
   5.9724022e+05
   5.9741650e+05
   5.9766125e+05
   5.9781147e+05
   5.9807846e+05
   5.9825076e+05
   5.9841630e+05
   5.9859546e+05
   5.9873769e+05
   5.9894642e+05
   5.9924135e+05
   5.9949429e+05
   5.9974958e+05
   5.9993726e+05
   6.0046801e+05
   6.0075666e+05
   6.0336316e+05
   6.0366301e+05
   6.0394712e+05
   6.0427994e+05
   6.0454039e+05
   6.0544295e+05
   6.0610814e+05
   6.0669967e+05
   6.0785625e+05
   6.0862254e+05
   6.0892788e+05
   6.0912359e+05
   6.0949857e+05
   6.0992714e+05
   6.1031970e+05
   6.1068639e+05
   6.1144803e+05
   6.1250266e+05
   6.1291733e+05
   6.1317764e+05
   6.1424911e+05
   6.1468484e+05
   6.1644684e+05
   6.1685734e+05
   6.1785051e+05
   6.1821679e+05
   6.1852116e+05
   6.1915213e+05
   6.2023231e+05
   6.2046805e+05
   6.2147870e+05
   6.2417747e+05
   6.2465765e+05
   6.2650889e+05
   6.2719866e+05
   6.2927543e+05
   6.2961964e+05
   6.3000503e+05
   6.3083436e+05
   6.3196936e+05
   6.3280941e+05
   6.3336506e+05
   6.3372560e+05
   6.3397954e+05
   6.3423796e+05
   6.3486392e+05
   6.3540689e+05
   6.3573759e+05
   6.3594096e+05
   6.3629603e+05
   6.3674254e+05
   6.3703548e+05
   6.3738491e+05
   6.3767022e+05
   6.3807948e+05
   6.4094696e+05
   6.4141439e+05
   6.4191231e+05
   6.4224773e+05
   6.4305439e+05
   6.4327763e+05
   6.4385157e+05
   6.4407787e+05
   6.4645395e+05
   6.5281122e+05
   6.5313702e+05
   6.5374800e+05
   6.5411794e+05
   6.5459675e+05
   6.5516349e+05
   6.6403953e+05
   6.6437236e+05
   6.6528904e+05
   6.6553989e+05
   6.6657000e+05
   6.6695828e+05
   6.6743692e+05
   6.6782488e+05
   6.7010651e+05
   6.7055494e+05
   6.7190408e+05
   6.7254194e+05
   6.7350090e+05
   6.7613252e+05
   6.7667294e+05
   6.7782073e+05
   6.7851639e+05
   6.7900945e+05
   6.8011704e+05
   6.8031848e+05
   6.8077928e+05
   6.8228670e+05
   6.8263170e+05
   6.8296649e+05
   6.8340236e+05
   6.8559754e+05
   6.8663391e+05
   6.8791428e+05
   6.8871622e+05
   6.8966841e+05
   6.9016232e+05
   6.9036096e+05
   6.9070580e+05
   6.9118446e+05
   6.9160149e+05
   6.9272661e+05
   6.9294109e+05
   6.9377000e+05
   6.9417346e+05
   6.9439393e+05
   6.9461328e+05
   6.9505550e+05
   6.9550425e+05
   6.9654604e+05
   6.9846191e+05
   6.9894243e+05
   6.9957461e+05
   7.0002072e+05
   7.0043976e+05
   7.0159752e+05
   7.1117047e+05
   7.1263301e+05
   7.1288509e+05
   7.1351106e+05
   7.1405767e+05
   7.1471082e+05
   7.1578072e+05
   7.1709397e+05
   7.1783704e+05
   7.1830508e+05
   7.1893682e+05
   7.1926717e+05
   7.1991194e+05
   7.3400665e+05
   7.3458446e+05
   7.3898803e+05
   7.4012111e+05
   7.4113339e+05
   7.4214117e+05
   7.4234646e+05
   7.4291309e+05
   7.4606678e+05
   7.4643321e+05
   7.4710291e+05
   7.4735220e+05
   7.4758774e+05
   7.4778775e+05
   7.4845982e+05
   7.5030909e+05
   7.5279601e+05
   7.5315974e+05
   7.5345712e+05
   7.5365800e+05
   7.5424685e+05
   7.5439881e+05
   7.5821302e+05
   7.5898568e+05
   7.8085121e+05
   7.8123222e+05
   7.9255337e+05
   7.9299775e+05
   7.9332545e+05
   7.9550486e+05
   7.9630087e+05
   7.9660989e+05
   7.9693117e+05
   7.9717948e+05
   7.9763050e+05
   7.9817160e+05
   7.9852303e+05
   7.9891582e+05
   7.9917058e+05
   7.9950065e+05
   7.9965732e+05
   7.9983419e+05
   8.0043763e+05
   8.0069362e+05
   8.0128739e+05
   8.0249742e+05
   8.0265482e+05
   8.0353334e+05
   8.0810132e+05
   8.0916532e+05
   8.0949710e+05
   8.1009031e+05
   8.1064492e+05
   8.1325645e+05
   8.1397674e+05
   8.1419510e+05
   8.1446415e+05
   8.1520716e+05
   8.1547358e+05
   8.1574830e+05
   8.1595079e+05
   8.1665237e+05
   8.1705364e+05
   8.1738360e+05
   8.1810838e+05
   8.1852526e+05
   8.1971635e+05
   8.2013686e+05
   8.2027315e+05
   8.2041156e+05
   8.2057767e+05
   8.2086366e+05
   8.2122258e+05
   8.2154777e+05
   8.2194987e+05
   8.2212514e+05
   8.2236444e+05
   8.2253620e+05
   8.2269469e+05
   8.2286746e+05
   8.2302353e+05
   8.2315566e+05
   8.2410824e+05
   8.2424692e+05
   8.2436346e+05
   8.2455531e+05
   8.2467673e+05
   8.2485959e+05
   8.2501500e+05
   8.2519311e+05
   8.2536542e+05
   8.2594517e+05
   8.2620140e+05
   8.2645414e+05
   8.2665936e+05
   8.2681635e+05
   8.2699984e+05
   8.2733343e+05
   8.2756557e+05
   8.2777797e+05
   8.2792267e+05
   8.2807768e+05
   8.2823986e+05
   8.2835584e+05
   8.2853762e+05
   8.2868022e+05
   8.2880790e+05
   8.2891798e+05
   8.2908493e+05
   8.2919769e+05
   8.2942933e+05
   8.2965360e+05
   8.2992732e+05
   8.3007505e+05
   8.3034064e+05
   8.3050239e+05
   8.3067570e+05
   8.3102695e+05
   8.3125608e+05
   8.3139976e+05
   8.3167288e+05
   8.3187156e+05
   8.3206848e+05
   8.3220043e+05
   8.3235546e+05
   8.3251387e+05
   8.3259702e+05
   8.3284385e+05
   8.3307249e+05
   8.3321545e+05
   8.3341294e+05
   8.3376263e+05
   8.3393213e+05
   8.3434963e+05
   8.3459069e+05
   8.3484231e+05
   8.3537842e+05
   8.3558437e+05
   8.3577652e+05
   8.3592316e+05
   8.3626203e+05
   8.3654979e+05
   8.3676583e+05
   8.3696345e+05
   8.3717918e+05
   8.3740412e+05
   8.3757719e+05
   8.3771205e+05
   8.3786092e+05
   8.3866025e+05
   8.3886289e+05
   8.3909699e+05
   8.3942656e+05
   8.3962606e+05
   8.3996427e+05
   8.4027217e+05
   8.4127788e+05
   8.4158099e+05
   8.4178777e+05
   8.4250362e+05
   8.4267163e+05
   8.4334267e+05
   8.4357815e+05
   8.4415043e+05
   8.4450777e+05
   8.4507750e+05
   8.4877281e+05
   8.4893921e+05
   8.4936948e+05
   8.4975821e+05
   8.5037797e+05
   8.5078623e+05
   8.5097377e+05
   8.5208478e+05
   8.5276557e+05
   8.5291504e+05
   8.5359657e+05
   8.5422630e+05
   8.5442889e+05
   8.5579443e+05
   8.5609247e+05
   8.5638780e+05
   8.5671277e+05
   8.5719131e+05
   8.5746845e+05
   8.5780327e+05
   8.5843987e+05
   8.5878545e+05
   8.5905912e+05
   8.5939345e+05
   8.6125361e+05
   8.6245561e+05
   8.6261431e+05
   8.6315157e+05
   8.6352683e+05
   8.8019388e+05
   8.8036484e+05
   8.8051045e+05
   8.8066044e+05
   8.8080825e+05
   8.8097683e+05
   8.8113421e+05
   8.8176559e+05
   8.8205671e+05
   8.8230509e+05
   8.8249152e+05
   8.8280228e+05
   8.8292470e+05
   8.8312269e+05
   8.8327170e+05
   8.8337149e+05
   8.8347665e+05
   8.8362225e+05
   8.8377519e+05
   8.8402494e+05
   8.8427068e+05
   8.8445129e+05
   8.8463010e+05
   8.8485927e+05
   8.8500618e+05
   8.8518623e+05
   8.8551569e+05
   8.8568573e+05
   8.8579802e+05
   8.8595308e+05
   8.8624159e+05
   8.8637708e+05
   8.8653382e+05
   8.8662574e+05
   8.8680236e+05
   8.8693486e+05
   8.8732411e+05
   8.8758028e+05
   8.8770465e+05
   8.8791384e+05
   8.8801277e+05
   8.8819620e+05
   8.8833276e+05
   8.8847053e+05
   8.8865753e+05
   8.8881917e+05
   8.8906216e+05
   8.8917891e+05
   8.8936121e+05
   8.8954726e+05
   8.8977672e+05
   8.8995105e+05
   8.9007452e+05
   8.9031350e+05
   8.9050263e+05
   8.9064275e+05
   8.9091265e+05
   8.9104807e+05
   8.9116597e+05
   8.9129684e+05
   8.9145199e+05
   8.9168001e+05
   8.9187013e+05
   8.9201341e+05
   8.9214946e+05
   8.9237049e+05
   8.9252754e+05
   8.9267163e+05
   8.9283077e+05
   8.9295037e+05
   8.9307127e+05
   8.9354100e+05
   8.9373070e+05
   8.9394136e+05
   8.9432413e+05
   8.9456075e+05
   8.9484694e+05
   8.9498944e+05
   8.9512573e+05
   8.9531307e+05
   8.9550555e+05
   8.9601452e+05
   8.9625197e+05
   8.9640615e+05
   8.9656212e+05
   8.9685528e+05
   8.9702708e+05
   8.9716184e+05
   8.9742358e+05
   8.9756470e+05
   8.9773404e+05
   8.9784280e+05
   8.9846336e+05
   8.9862032e+05
   8.9884916e+05
   8.9896467e+05
   8.9920041e+05
   8.9938770e+05
   8.9956555e+05
   8.9977644e+05
   8.9991549e+05
   9.0034292e+05
   9.0056513e+05
   9.0101526e+05
   9.0163080e+05
   9.0196717e+05
   9.0229799e+05
   9.0294825e+05
   9.0308370e+05
   9.0347336e+05
   9.0378296e+05
   9.0419401e+05
   9.0446893e+05
   9.0516942e+05
   9.0557848e+05
   9.0602244e+05
   9.0641904e+05
   9.0690544e+05
   9.0762672e+05
   9.0826054e+05
   9.0855853e+05
   9.0911199e+05
   9.0959766e+05
   9.1037098e+05
   9.1065678e+05
   9.1113413e+05
   9.1262791e+05
   9.4019231e+05
   9.4032478e+05
   9.4044003e+05
   9.4063589e+05
   9.4077675e+05
   9.4095294e+05
   9.4109010e+05
   9.4129996e+05
   9.4147767e+05
   9.4160562e+05
   9.4175480e+05
   9.4199931e+05
   9.4215130e+05
   9.4227874e+05
   9.4240009e+05
   9.4256332e+05
   9.4273433e+05
   9.4284017e+05
   9.4306045e+05
   9.4319884e+05
   9.4339344e+05
   9.4363804e+05
   9.4374435e+05
   9.4386159e+05
   9.4397795e+05
   9.4411146e+05
   9.4424344e+05
   9.4438724e+05
   9.4451026e+05
   9.4465620e+05
   9.4486127e+05
   9.4502872e+05
   9.4518290e+05
   9.4533914e+05
   9.4548557e+05
   9.4559293e+05
   9.4573212e+05
   9.4595350e+05
   9.4753557e+05
   9.4775469e+05
   9.4793584e+05
   9.4818996e+05
   9.4830243e+05
   9.4851574e+05
   9.4871559e+05
   9.4909059e+05
   9.4924131e+05
   9.4934324e+05
   9.4948212e+05
   9.4962933e+05
   9.4993205e+05
   9.5009631e+05
   9.5021169e+05
   9.5035922e+05
   9.5050376e+05
   9.5066522e+05
   9.5083637e+05
   9.5097605e+05
   9.5112663e+05
   9.5129792e+05
   9.5143861e+05
   9.5163385e+05
   9.5176376e+05
   9.5189686e+05
   9.5204015e+05
   9.5217079e+05
   9.5229757e+05
   9.5241549e+05
   9.5284090e+05
   9.5295093e+05
   9.5322704e+05
   9.5333813e+05
   9.5351938e+05
   9.5367160e+05
   9.5382856e+05
   9.5425632e+05
   9.5439233e+05
   9.5457799e+05
   9.5471507e+05
   9.5487350e+05
   9.5498835e+05
   9.5527722e+05
   9.5538638e+05
   9.5563078e+05
   9.5581622e+05
   9.5607485e+05
   9.5632297e+05
   9.5642620e+05
   9.5656260e+05
   9.5671802e+05
   9.5695911e+05
   9.5708700e+05
   9.5722512e+05
   9.5749500e+05
   9.5760049e+05
   9.5773721e+05
   9.5790826e+05
   9.5801385e+05
   9.5826081e+05
   9.5864211e+05
   9.5900068e+05
   9.5918157e+05
   9.5940880e+05
   9.5961989e+05
   9.5995885e+05
   9.6045483e+05
   9.6095394e+05
   9.8612986e+05
   9.8629081e+05
   9.8872543e+05
   9.8908533e+05
   9.9208232e+05
   9.9246901e+05
   9.9304082e+05
   9.9324613e+05
   9.9352026e+05
   9.9384870e+05
   9.9415552e+05
   9.9474203e+05
   9.9501331e+05
   9.9541300e+05
   9.9574545e+05
   9.9615063e+05
   9.9636667e+05
   9.9666807e+05
   9.9702609e+05
   9.9806385e+05
   9.9833865e+05
   9.9861972e+05
   9.9905162e+05
   9.9938921e+05
   1.0002008e+06
   1.0003788e+06
   1.0005272e+06
   1.0007974e+06
   1.0009712e+06
   1.0010930e+06
   1.0012196e+06
   1.0013406e+06
   1.0014491e+06
   1.0016064e+06
   1.0018384e+06
   1.0019675e+06
   1.0021209e+06
   1.0022579e+06
   1.0024652e+06
   1.0026484e+06
   1.0029465e+06
   1.0030973e+06
   1.0032573e+06
   1.0034337e+06
   1.0036238e+06
   1.0037908e+06
   1.0038917e+06
   1.0040164e+06
   1.0041377e+06
   1.0042849e+06
   1.0044730e+06
   1.0047626e+06
   1.0049109e+06
   1.0050392e+06
   1.0052686e+06
   1.0053715e+06
   1.0054965e+06
   1.0056396e+06
   1.0057506e+06
   1.0058626e+06
   1.0059625e+06
   1.0060742e+06
   1.0062414e+06
   1.0064500e+06
   1.0065899e+06
   1.0067113e+06
   1.0068775e+06
   1.0073008e+06
   1.0075424e+06
   1.0076962e+06
   1.0078220e+06
   1.0080118e+06
   1.0085880e+06
   1.0088150e+06
   1.0089549e+06
   1.0090789e+06
   1.0092492e+06
   1.0095196e+06
   1.0098180e+06
   1.0099709e+06
   1.0101825e+06
   1.0102956e+06
   1.0105126e+06
   1.0107516e+06
   1.0109629e+06
   1.0113229e+06
   1.0114658e+06
   1.0116114e+06
   1.0117462e+06
   1.0119154e+06
   1.0122909e+06
   1.0124611e+06
   1.0125897e+06
   1.0127826e+06
   1.0129245e+06
   1.0131033e+06
   1.0132629e+06
   1.0135495e+06
   1.0137164e+06
   1.0139616e+06
   1.0142357e+06
   1.0143620e+06
   1.0145560e+06
   1.0147741e+06
   1.0150765e+06
   1.0157832e+06
   1.0159264e+06
   1.0160257e+06
   1.0164551e+06
   1.0166038e+06
   1.0167450e+06
   1.0168516e+06
   1.0170734e+06
   1.0172575e+06
   1.0173462e+06
   1.0175171e+06
   1.0177507e+06
   1.0179005e+06
   1.0180147e+06
   1.0181530e+06
   1.0184780e+06
   1.0186172e+06
   1.0187466e+06
   1.0189402e+06
   1.0190831e+06
   1.0192652e+06
   1.0195384e+06
   1.0196453e+06
   1.0207356e+06
   1.0215123e+06
   1.0218728e+06
   1.0228205e+06
   1.0231218e+06
   1.0236304e+06
   1.0246580e+06
   1.0260103e+06
   1.0265755e+06
   1.0273137e+06
   1.0276385e+06
   1.0285775e+06
   1.0289967e+06
   1.0291963e+06
   1.0328314e+06
   1.0332397e+06
   1.0334330e+06
   1.0336960e+06
   1.0342990e+06
   1.0347246e+06
   1.0350270e+06
   1.0354356e+06
   1.0360018e+06
   1.0363795e+06
   1.0365774e+06
   1.0369024e+06
   1.0378308e+06
   1.0382191e+06
   1.0408662e+06
   1.0413485e+06
   1.0416613e+06
   1.0423147e+06
   1.0432103e+06
   1.0436924e+06
   1.0439293e+06
   1.0442767e+06
   1.0445532e+06
   1.0468607e+06
   1.0470899e+06
   1.0473384e+06
   1.0480304e+06
   1.0495189e+06
   1.0499825e+06
   1.0502127e+06
   1.0506426e+06
   1.0509407e+06
   1.0516326e+06
   1.0526314e+06
   1.0528981e+06
   1.0532467e+06
   1.0534797e+06
   1.0537429e+06
   1.0543688e+06
   1.0547817e+06
   1.0552932e+06
   1.0561913e+06
   1.0571650e+06
   1.0580620e+06
   1.0601833e+06
   1.0603168e+06
   1.0604330e+06
   1.0605823e+06
   1.0607106e+06
   1.0608819e+06
   1.0610338e+06
   1.0612373e+06
   1.0614111e+06
   1.0615061e+06
   1.0617098e+06
   1.0618082e+06
   1.0619479e+06
   1.0620880e+06
   1.0622148e+06
   1.0623504e+06
   1.0624393e+06
   1.0625334e+06
   1.0626865e+06
   1.0628231e+06
   1.0631393e+06
   1.0632980e+06
   1.0634223e+06
   1.0635965e+06
   1.0637122e+06
   1.0638780e+06
   1.0640587e+06
   1.0642511e+06
   1.0643957e+06
   1.0645159e+06
   1.0646881e+06
   1.0648126e+06
   1.0649019e+06
   1.0650547e+06
   1.0652520e+06
   1.0653505e+06
   1.0654672e+06
   1.0657092e+06
   1.0658531e+06
   1.0659883e+06
   1.0661316e+06
   1.0662468e+06
   1.0663588e+06
   1.0665167e+06
   1.0671248e+06
   1.0672750e+06
   1.0674269e+06
   1.0675707e+06
   1.0676611e+06
   1.0678147e+06
   1.0679533e+06
   1.0680768e+06
   1.0681808e+06
   1.0683032e+06
   1.0684403e+06
   1.0686696e+06
   1.0688136e+06
   1.0690659e+06
   1.0692090e+06
   1.0693072e+06
   1.0694410e+06
   1.0695585e+06
   1.0696683e+06
   1.0697791e+06
   1.0699637e+06
   1.0700478e+06
   1.0701618e+06
   1.0702986e+06
   1.0704374e+06
   1.0705670e+06
   1.0707366e+06
   1.0708457e+06
   1.0709524e+06
   1.0711543e+06
   1.0713797e+06
   1.0715260e+06
   1.0716498e+06
   1.0717869e+06
   1.0718910e+06
   1.0720259e+06
   1.0721984e+06
   1.0723237e+06
   1.0725695e+06
   1.0726939e+06
   1.0728997e+06
   1.0730668e+06
   1.0733840e+06
   1.0734940e+06
   1.0736005e+06
   1.0738536e+06
   1.0741829e+06
   1.0743415e+06
   1.0744692e+06
   1.0746427e+06
   1.0747365e+06
   1.0748854e+06
   1.0750586e+06
   1.0753933e+06
   1.0755768e+06
   1.0757125e+06
   1.0758377e+06
   1.0759508e+06
   1.0761770e+06
   1.0763607e+06
   1.0766213e+06
   1.0767617e+06
   1.0769308e+06
   1.0771853e+06
   1.0774215e+06
   1.0775486e+06
   1.0777617e+06
   1.0779988e+06
   1.0781436e+06
   1.0783468e+06
   1.0785190e+06
   1.0787497e+06
   1.0789482e+06
   1.0791497e+06
   1.0793139e+06
   1.0794654e+06
   1.0796916e+06
   1.0798194e+06
   1.0799189e+06
   1.0802375e+06
   1.0806119e+06
   1.0808297e+06
   1.0814281e+06
   1.0817029e+06
   1.0842715e+06
   1.0844596e+06
   1.0847981e+06
   1.0850747e+06
   1.0879189e+06
   1.0891560e+06
   1.0894981e+06
   1.0917940e+06
   1.0926508e+06
   1.0931016e+06
   1.0933213e+06
   1.0937494e+06
   1.0939854e+06
   1.0942448e+06
   1.0945346e+06
   1.0956759e+06
   1.0963429e+06
   1.0966521e+06
   1.0968166e+06
   1.0974895e+06
   1.0989097e+06
   1.0993080e+06
   1.1022263e+06
   1.1028070e+06
   1.1033898e+06
   1.1043940e+06
   1.1051706e+06
   1.1056498e+06
   1.1064619e+06
   1.1067487e+06
   1.1070982e+06
   1.1086705e+06
   1.1090253e+06
   1.1093971e+06
   1.1096532e+06
   1.1138680e+06
   1.1141818e+06
   1.1148065e+06
   1.1150810e+06
   1.1153380e+06
   1.1156538e+06
   1.1171876e+06
   1.1176468e+06
   1.1196631e+06
   1.1199436e+06
   1.1200908e+06
   1.1202548e+06
   1.1208576e+06
   1.1209943e+06
   1.1211021e+06
   1.1212141e+06
   1.1213973e+06
   1.1215394e+06
   1.1216365e+06
   1.1218420e+06
   1.1220231e+06
   1.1221454e+06
   1.1222735e+06
   1.1224212e+06
   1.1225958e+06
   1.1226847e+06
   1.1228431e+06
   1.1230682e+06
   1.1232487e+06
   1.1233353e+06
   1.1237223e+06
   1.1238777e+06
   1.1240125e+06
   1.1241576e+06
   1.1242749e+06
   1.1244013e+06
   1.1245014e+06
   1.1246322e+06
   1.1247935e+06
   1.1248817e+06
   1.1250740e+06
   1.1255765e+06
   1.1256735e+06
   1.1257598e+06
   1.1259358e+06
   1.1260823e+06
   1.1262449e+06
   1.1263845e+06
   1.1265495e+06
   1.1266403e+06
   1.1267316e+06
   1.1268943e+06
   1.1271799e+06
   1.1273394e+06
   1.1274875e+06
   1.1277473e+06
   1.1279117e+06
   1.1280310e+06
   1.1281874e+06
   1.1284177e+06
   1.1285800e+06
   1.1286933e+06
   1.1288038e+06
   1.1289252e+06
   1.1290411e+06
   1.1291846e+06
   1.1293419e+06
   1.1294643e+06
   1.1295465e+06
   1.1296942e+06
   1.1298309e+06
   1.1299101e+06
   1.1300395e+06
   1.1301500e+06
   1.1303467e+06
   1.1304794e+06
   1.1307951e+06
   1.1309268e+06
   1.1310193e+06
   1.1312326e+06
   1.1313447e+06
   1.1314464e+06
   1.1315607e+06
   1.1317103e+06
   1.1318386e+06
   1.1320510e+06
   1.1321956e+06
   1.1322871e+06
   1.1323961e+06
   1.1325448e+06
   1.1326539e+06
   1.1328576e+06
   1.1330269e+06
   1.1333226e+06
   1.1334517e+06
   1.1336281e+06
   1.1337591e+06
   1.1339249e+06
   1.1345659e+06
   1.1347891e+06
   1.1362976e+06
   1.1364714e+06
   1.1367012e+06
   1.1368435e+06
   1.1371060e+06
   1.1372317e+06
   1.1373438e+06
   1.1374846e+06
   1.1375906e+06
   1.1377835e+06
   1.1379884e+06
   1.1381048e+06
   1.1382140e+06
   1.1385369e+06
   1.1386937e+06
   1.1389573e+06
   1.1391866e+06
   1.1393024e+06
   1.1394670e+06
   1.1395715e+06
   1.1397304e+06
   1.1398682e+06
   1.1403184e+06
   1.1405586e+06
   1.1409041e+06
   1.1412382e+06
   1.1418215e+06
   1.1420111e+06
   1.1436657e+06
   1.1445707e+06
   1.1448673e+06
   1.1463853e+06
   1.1467209e+06
   1.1477751e+06
   1.1483208e+06
   1.1488844e+06
   1.1490537e+06
   1.1497954e+06
   1.1499639e+06
   1.1503528e+06
   1.1508191e+06
   1.1516460e+06
   1.1518387e+06
   1.1520469e+06
   1.1524663e+06
   1.1532448e+06
   1.1535359e+06
   1.1541872e+06
   1.1555660e+06
   1.1563638e+06
   1.1566810e+06
   1.1575128e+06
   1.1580658e+06
   1.1585024e+06
   1.1588294e+06
   1.1595824e+06
   1.1597179e+06
   1.1653269e+06
   1.1659053e+06
   1.1713622e+06
   1.1716410e+06
   1.1731433e+06
   1.1734979e+06
   1.1787742e+06
   1.1796512e+06
   1.1799397e+06
   1.1801144e+06
   1.1802808e+06
   1.1803859e+06
   1.1804914e+06
   1.1805992e+06
   1.1807328e+06
   1.1808348e+06
   1.1809086e+06
   1.1811384e+06
   1.1812284e+06
   1.1813847e+06
   1.1815294e+06
   1.1816430e+06
   1.1817363e+06
   1.1818276e+06
   1.1820415e+06
   1.1821576e+06
   1.1822642e+06
   1.1824186e+06
   1.1825147e+06
   1.1826464e+06
   1.1828151e+06
   1.1829255e+06
   1.1830418e+06
   1.1831925e+06
   1.1832924e+06
   1.1834002e+06
   1.1835133e+06
   1.1836323e+06
   1.1839012e+06
   1.1840049e+06
   1.1841003e+06
   1.1843461e+06
   1.1845161e+06
   1.1846755e+06
   1.1847718e+06
   1.1849517e+06
   1.1851169e+06
   1.1852139e+06
   1.1853008e+06
   1.1854936e+06
   1.1856195e+06
   1.1857017e+06
   1.1858467e+06
   1.1859611e+06
   1.1860905e+06
   1.1862039e+06
   1.1863565e+06
   1.1864822e+06
   1.1865675e+06
   1.1866828e+06
   1.1867827e+06
   1.1869105e+06
   1.1871467e+06
   1.1872504e+06
   1.1873784e+06
   1.1875141e+06
   1.1877776e+06
   1.1879405e+06
   1.1880912e+06
   1.1882906e+06
   1.1884008e+06
   1.1885280e+06
   1.1886482e+06
   1.1889463e+06
   1.1890722e+06
   1.1891966e+06
   1.1893331e+06
   1.1894506e+06
   1.1895705e+06
   1.1896756e+06
   1.1897696e+06
   1.1898906e+06
   1.1900868e+06
   1.1902102e+06
   1.1903715e+06
   1.1904932e+06
   1.1906248e+06
   1.1907970e+06
   1.1909131e+06
   1.1910086e+06
   1.1913932e+06
   1.1915348e+06
   1.1916794e+06
   1.1918122e+06
   1.1919698e+06
   1.1921112e+06
   1.1922316e+06
   1.1923393e+06
   1.1926444e+06
   1.1928017e+06
   1.1929074e+06
   1.1930246e+06
   1.1931684e+06
   1.1932931e+06
   1.1934430e+06
   1.1935628e+06
   1.1936755e+06
   1.1939048e+06
   1.1941068e+06
   1.1943710e+06
   1.1944956e+06
   1.1946808e+06
   1.1948275e+06
   1.1949979e+06
   1.1951033e+06
   1.1952350e+06
   1.1953401e+06
   1.1955981e+06
   1.1956948e+06
   1.1958268e+06
   1.1960236e+06
   1.1961741e+06
   1.1963520e+06
   1.1965361e+06
   1.1966675e+06
   1.1967749e+06
   1.1970602e+06
   1.1972165e+06
   1.1973469e+06
   1.1974805e+06
   1.1975971e+06
   1.1977167e+06
   1.1978526e+06
   1.1980187e+06
   1.1981891e+06
   1.1983599e+06
   1.1985128e+06
   1.1987085e+06
   1.1988095e+06
   1.1990042e+06
   1.1991114e+06
   1.1992059e+06
   1.1993308e+06
   1.1994758e+06
   1.1996468e+06
   1.1997945e+06
   1.2002184e+06
   1.2004680e+06
   1.2010067e+06
   1.2028489e+06
   1.2029913e+06
   1.2086576e+06
   1.2088607e+06
   1.2092835e+06
   1.2096343e+06
   1.2098558e+06
   1.2101650e+06
   1.2122579e+06
   1.2127195e+06
   1.2131797e+06
   1.2291997e+06
   1.2293577e+06
   1.2297463e+06
   1.2308121e+06
   1.2310777e+06
   1.2401240e+06
   1.2402468e+06
   1.2403558e+06
   1.2404479e+06
   1.2405430e+06
   1.2407103e+06
   1.2408720e+06
   1.2409569e+06
   1.2410857e+06
   1.2411671e+06
   1.2413356e+06
   1.2414598e+06
   1.2415461e+06
   1.2416763e+06
   1.2417651e+06
   1.2418636e+06
   1.2419480e+06
   1.2420683e+06
   1.2421822e+06
   1.2422901e+06
   1.2424044e+06
   1.2425256e+06
   1.2427039e+06
   1.2428108e+06
   1.2428891e+06
   1.2430492e+06
   1.2432587e+06
   1.2434447e+06
   1.2435763e+06
   1.2436828e+06
   1.2437798e+06
   1.2439066e+06
   1.2440706e+06
   1.2441669e+06
   1.2442504e+06
   1.2444095e+06
   1.2445082e+06
   1.2446206e+06
   1.2447009e+06
   1.2448068e+06
   1.2449203e+06
   1.2450505e+06
   1.2451765e+06
   1.2452549e+06
   1.2453781e+06
   1.2455392e+06
   1.2456422e+06
   1.2457565e+06
   1.2458783e+06
   1.2460067e+06
   1.2462443e+06
   1.2463825e+06
   1.2464750e+06
   1.2465699e+06
   1.2466543e+06
   1.2467563e+06
   1.2469010e+06
   1.2471592e+06
   1.2472812e+06
   1.2474632e+06
   1.2475674e+06
   1.2476796e+06
   1.2477781e+06
   1.2480150e+06
   1.2481135e+06
   1.2482095e+06
   1.2483321e+06
   1.2484602e+06
   1.2485659e+06
   1.2486806e+06
   1.2488124e+06
   1.2489179e+06
   1.2490415e+06
   1.2491945e+06
   1.2493331e+06
   1.2494285e+06
   1.2495749e+06
   1.2496627e+06
   1.2502155e+06
   1.2503998e+06
   1.2505092e+06
   1.2506633e+06
   1.2508470e+06
   1.2509503e+06
   1.2511197e+06
   1.2512938e+06
   1.2513885e+06
   1.2514865e+06
   1.2516310e+06
   1.2518056e+06
   1.2519994e+06
   1.2521294e+06
   1.2522902e+06
   1.2525013e+06
   1.2526050e+06
   1.2527461e+06
   1.2528995e+06
   1.2529889e+06
   1.2532316e+06
   1.2533730e+06
   1.2535072e+06
   1.2536199e+06
   1.2537379e+06
   1.2539216e+06
   1.2542063e+06
   1.2543126e+06
   1.2544599e+06
   1.2545878e+06
   1.2546624e+06
   1.2547746e+06
   1.2548860e+06
   1.2550476e+06
   1.2551589e+06
   1.2552656e+06
   1.2553586e+06
   1.2555039e+06
   1.2556016e+06
   1.2557881e+06
   1.2559210e+06
   1.2560416e+06
   1.2561533e+06
   1.2562740e+06
   1.2563893e+06
   1.2565534e+06
   1.2566563e+06
   1.2568410e+06
   1.2569777e+06
   1.2570897e+06
   1.2572193e+06
   1.2573523e+06
   1.2574561e+06
   1.2576302e+06
   1.2577340e+06
   1.2580005e+06
   1.2581138e+06
   1.2582878e+06
   1.2585209e+06
   1.2586684e+06
   1.2587835e+06
   1.2589306e+06
   1.2590415e+06
   1.2591391e+06
   1.2592808e+06
   1.2594383e+06
   1.2595275e+06
   1.2596515e+06
   1.2597442e+06
   1.2598637e+06
   1.2635507e+06
   1.2687601e+06
   1.2690050e+06
   1.2694859e+06
   1.2706647e+06
   1.2708361e+06
   1.2712867e+06
   1.2716076e+06
   1.2720427e+06
   1.2724121e+06
   1.2728902e+06
   1.2732335e+06
   1.2738875e+06
   1.2745092e+06
   1.2747226e+06
   1.2752340e+06
   1.2754303e+06
   1.2757154e+06
   1.2759669e+06
   1.2764012e+06
   1.2766687e+06
   1.2779594e+06
   1.2815211e+06
   1.2818235e+06
   1.2822516e+06
   1.2870466e+06
   1.2879335e+06
   1.2882613e+06
   1.2886684e+06
   1.2910465e+06
   1.2916521e+06
   1.2919866e+06
   1.2924903e+06
   1.2931887e+06
   1.2937977e+06
   1.2941176e+06
   1.2943217e+06
   1.2945951e+06
   1.2949581e+06
   1.2953645e+06
   1.2956681e+06
   1.2990828e+06
   1.2992446e+06
   1.3000873e+06
   1.3002067e+06
   1.3002940e+06
   1.3003969e+06
   1.3005265e+06
   1.3006301e+06
   1.3007453e+06
   1.3008953e+06
   1.3010899e+06
   1.3012542e+06
   1.3013827e+06
   1.3014986e+06
   1.3015824e+06
   1.3016894e+06
   1.3018497e+06
   1.3019544e+06
   1.3020732e+06
   1.3022140e+06
   1.3022902e+06
   1.3023875e+06
   1.3025020e+06
   1.3026099e+06
   1.3027039e+06
   1.3028136e+06
   1.3028881e+06
   1.3029799e+06
   1.3031513e+06
   1.3033003e+06
   1.3033857e+06
   1.3034656e+06
   1.3035671e+06
   1.3036515e+06
   1.3037511e+06
   1.3038850e+06
   1.3040256e+06
   1.3041354e+06
   1.3042329e+06
   1.3043968e+06
   1.3044792e+06
   1.3045972e+06
   1.3047300e+06
   1.3048865e+06
   1.3049832e+06
   1.3051266e+06
   1.3052905e+06
   1.3053903e+06
   1.3054987e+06
   1.3055816e+06
   1.3056893e+06
   1.3057966e+06
   1.3059460e+06
   1.3060655e+06
   1.3061553e+06
   1.3062967e+06
   1.3064692e+06
   1.3065636e+06
   1.3067149e+06
   1.3068122e+06
   1.3069265e+06
   1.3072174e+06
   1.3073618e+06
   1.3075394e+06
   1.3076491e+06
   1.3077871e+06
   1.3078655e+06
   1.3079562e+06
   1.3081101e+06
   1.3082523e+06
   1.3084727e+06
   1.3088563e+06
   1.3089526e+06
   1.3090720e+06
   1.3092072e+06
   1.3094191e+06
   1.3096208e+06
   1.3097475e+06
   1.3099380e+06
   1.3100360e+06
   1.3101351e+06
   1.3103627e+06
   1.3106025e+06
   1.3106815e+06
   1.3107789e+06
   1.3108883e+06
   1.3110095e+06
   1.3111984e+06
   1.3113841e+06
   1.3114809e+06
   1.3116129e+06
   1.3117419e+06
   1.3119159e+06
   1.3120359e+06
   1.3121551e+06
   1.3122816e+06
   1.3124354e+06
   1.3125603e+06
   1.3128100e+06
   1.3129071e+06
   1.3129930e+06
   1.3131094e+06
   1.3135021e+06
   1.3136374e+06
   1.3137379e+06
   1.3138304e+06
   1.3138991e+06
   1.3141673e+06
   1.3143265e+06
   1.3145732e+06
   1.3147002e+06
   1.3148085e+06
   1.3148890e+06
   1.3150610e+06
   1.3152261e+06
   1.3153360e+06
   1.3154381e+06
   1.3155445e+06
   1.3156599e+06
   1.3157877e+06
   1.3159024e+06
   1.3160674e+06
   1.3161781e+06
   1.3162974e+06
   1.3166121e+06
   1.3167354e+06
   1.3168319e+06
   1.3169826e+06
   1.3171533e+06
   1.3172761e+06
   1.3173747e+06
   1.3175652e+06
   1.3177436e+06
   1.3178831e+06
   1.3180228e+06
   1.3181415e+06
   1.3182605e+06
   1.3183637e+06
   1.3186069e+06
   1.3187316e+06
   1.3188977e+06
   1.3189799e+06
   1.3190784e+06
   1.3192614e+06
   1.3193829e+06
   1.3194847e+06
   1.3196308e+06
   1.3197552e+06
   1.3198869e+06
   1.3199991e+06
   1.3206672e+06
   1.3226401e+06
   1.3232806e+06
   1.3235419e+06
   1.3237806e+06
   1.3240606e+06
   1.3243451e+06
   1.3244988e+06
   1.3248574e+06
   1.3254918e+06
   1.3263648e+06
   1.3266080e+06
   1.3267292e+06
   1.3279426e+06
   1.3286706e+06
   1.3294229e+06
   1.3300851e+06
   1.3302742e+06
   1.3305201e+06
   1.3432129e+06
   1.3437504e+06
   1.3441272e+06
   1.3444409e+06
   1.3446537e+06
   1.3456343e+06
   1.3458589e+06
   1.3461704e+06
   1.3465456e+06
   1.3469022e+06
   1.3479176e+06
   1.3482408e+06
   1.3485972e+06
   1.3488645e+06
   1.3513576e+06
   1.3517396e+06
   1.3520080e+06
   1.3523909e+06
   1.3532786e+06
   1.3540242e+06
   1.3553753e+06
   1.3561221e+06
   1.3566368e+06
   1.3568493e+06
   1.3600874e+06
   1.3602407e+06
   1.3603341e+06
   1.3604266e+06
   1.3605348e+06
   1.3606030e+06
   1.3607472e+06
   1.3608367e+06
   1.3609428e+06
   1.3610841e+06
   1.3612110e+06
   1.3613090e+06
   1.3614006e+06
   1.3615026e+06
   1.3616174e+06
   1.3617199e+06
   1.3618195e+06
   1.3619475e+06
   1.3620508e+06
   1.3621565e+06
   1.3622635e+06
   1.3623492e+06
   1.3624403e+06
   1.3626054e+06
   1.3627320e+06
   1.3628529e+06
   1.3629842e+06
   1.3630970e+06
   1.3632130e+06
   1.3633262e+06
   1.3634086e+06
   1.3635134e+06
   1.3636221e+06
   1.3637350e+06
   1.3639113e+06
   1.3640451e+06
   1.3641688e+06
   1.3642895e+06
   1.3643750e+06
   1.3645075e+06
   1.3646254e+06
   1.3647635e+06
   1.3648705e+06
   1.3649787e+06
   1.3650657e+06
   1.3651678e+06
   1.3652736e+06
   1.3653970e+06
   1.3655713e+06
   1.3656865e+06
   1.3658091e+06
   1.3659019e+06
   1.3660050e+06
   1.3661248e+06
   1.3662957e+06
   1.3664142e+06
   1.3664961e+06
   1.3666011e+06
   1.3666850e+06
   1.3667783e+06
   1.3669076e+06
   1.3671338e+06
   1.3672563e+06
   1.3673750e+06
   1.3674602e+06
   1.3675598e+06
   1.3676765e+06
   1.3677754e+06
   1.3678823e+06
   1.3679935e+06
   1.3681147e+06
   1.3682229e+06
   1.3683327e+06
   1.3684725e+06
   1.3686219e+06
   1.3687257e+06
   1.3688618e+06
   1.3690007e+06
   1.3691273e+06
   1.3692516e+06
   1.3694316e+06
   1.3695458e+06
   1.3696225e+06
   1.3697493e+06
   1.3698878e+06
   1.3699985e+06
   1.3700884e+06
   1.3702396e+06
   1.3703573e+06
   1.3704625e+06
   1.3705658e+06
   1.3706825e+06
   1.3708305e+06
   1.3710130e+06
   1.3711551e+06
   1.3712731e+06
   1.3713855e+06
   1.3715182e+06
   1.3716299e+06
   1.3717464e+06
   1.3718847e+06
   1.3720682e+06
   1.3721806e+06
   1.3722828e+06
   1.3724229e+06
   1.3725069e+06
   1.3726273e+06
   1.3727217e+06
   1.3728145e+06
   1.3729238e+06
   1.3730504e+06
   1.3731849e+06
   1.3732913e+06
   1.3733847e+06
   1.3734725e+06
   1.3735865e+06
   1.3738532e+06
   1.3739793e+06
   1.3742013e+06
   1.3743101e+06
   1.3744348e+06
   1.3745208e+06
   1.3746261e+06
   1.3747561e+06
   1.3748934e+06
   1.3752634e+06
   1.3753338e+06
   1.3754391e+06
   1.3756118e+06
   1.3757340e+06
   1.3758224e+06
   1.3759635e+06
   1.3761499e+06
   1.3762607e+06
   1.3763495e+06
   1.3764616e+06
   1.3765656e+06
   1.3766640e+06
   1.3769152e+06
   1.3770360e+06
   1.3771429e+06
   1.3772226e+06
   1.3773685e+06
   1.3775214e+06
   1.3776020e+06
   1.3778421e+06
   1.3779479e+06
   1.3780495e+06
   1.3781982e+06
   1.3782795e+06
   1.3783946e+06
   1.3785416e+06
   1.3786532e+06
   1.3787634e+06
   1.3788787e+06
   1.3789741e+06
   1.3791920e+06
   1.3793373e+06
   1.3794564e+06
   1.3795690e+06
   1.3796952e+06
   1.3797924e+06
   1.3799657e+06
   1.3801746e+06
   1.3806968e+06
   1.3808908e+06
   1.3810487e+06
   1.3812784e+06
   1.3824625e+06
   1.3828335e+06
   1.3832826e+06
   1.3849932e+06
   1.3851995e+06
   1.3854530e+06
   1.3860407e+06
   1.3865309e+06
   1.3870170e+06
   1.3872160e+06
   1.3884076e+06
   1.3886715e+06
   1.3891825e+06
   1.3905606e+06
   1.3915016e+06
   1.3916512e+06
   1.3918431e+06
   1.3922617e+06
   1.3925445e+06
   1.3928266e+06
   1.3939873e+06
   1.3944165e+06
   1.3949279e+06
   1.3952594e+06
   1.3955705e+06
   1.3957788e+06
   1.3961574e+06
   1.3968933e+06
   1.3974562e+06
   1.3978594e+06
   1.3989879e+06
   1.3995191e+06
   1.4012806e+06
   1.4017834e+06
   1.4095651e+06
   1.4100761e+06
   1.4111484e+06
   1.4113171e+06
   1.4117591e+06
   1.4127238e+06
   1.4140252e+06
   1.4143026e+06
   1.4147025e+06
   1.4151867e+06
   1.4154865e+06
   1.4160905e+06
   1.4163409e+06
   1.4166232e+06
   1.4168909e+06
   1.4172990e+06
   1.4187198e+06
   1.4189614e+06
   1.4194470e+06
   1.4196791e+06
   1.4200916e+06
   1.4201828e+06
   1.4202742e+06
   1.4203973e+06
   1.4205183e+06
   1.4206185e+06
   1.4207109e+06
   1.4208061e+06
   1.4209054e+06
   1.4209982e+06
   1.4210751e+06
   1.4211571e+06
   1.4212678e+06
   1.4213650e+06
   1.4215227e+06
   1.4216753e+06
   1.4217706e+06
   1.4218706e+06
   1.4219572e+06
   1.4220797e+06
   1.4222015e+06
   1.4223068e+06
   1.4224399e+06
   1.4225334e+06
   1.4226296e+06
   1.4227324e+06
   1.4228219e+06
   1.4229350e+06
   1.4230539e+06
   1.4232206e+06
   1.4233253e+06
   1.4234711e+06
   1.4235648e+06
   1.4236647e+06
   1.4238144e+06
   1.4238903e+06
   1.4240150e+06
   1.4240956e+06
   1.4241776e+06
   1.4242818e+06
   1.4244086e+06
   1.4245377e+06
   1.4246808e+06
   1.4248013e+06
   1.4249278e+06
   1.4250312e+06
   1.4251569e+06
   1.4252369e+06
   1.4253295e+06
   1.4254033e+06
   1.4255107e+06
   1.4256724e+06
   1.4257681e+06
   1.4258752e+06
   1.4260537e+06
   1.4261358e+06
   1.4262427e+06
   1.4263259e+06
   1.4264123e+06
   1.4265470e+06
   1.4266478e+06
   1.4267346e+06
   1.4268183e+06
   1.4269066e+06
   1.4269859e+06
   1.4272185e+06
   1.4273116e+06
   1.4274022e+06
   1.4275199e+06
   1.4276144e+06
   1.4277143e+06
   1.4278189e+06
   1.4278929e+06
   1.4280530e+06
   1.4281659e+06
   1.4283052e+06
   1.4284513e+06
   1.4285743e+06
   1.4286471e+06
   1.4287363e+06
   1.4288282e+06
   1.4289653e+06
   1.4290533e+06
   1.4291484e+06
   1.4292816e+06
   1.4293736e+06
   1.4294893e+06
   1.4295931e+06
   1.4297269e+06
   1.4298367e+06
   1.4299115e+06
   1.4300455e+06
   1.4301264e+06
   1.4302384e+06
   1.4303244e+06
   1.4304074e+06
   1.4305497e+06
   1.4306701e+06
   1.4307773e+06
   1.4309438e+06
   1.4310863e+06
   1.4311919e+06
   1.4313751e+06
   1.4314788e+06
   1.4315917e+06
   1.4317039e+06
   1.4318205e+06
   1.4319468e+06
   1.4320929e+06
   1.4322131e+06
   1.4323093e+06
   1.4324083e+06
   1.4325165e+06
   1.4326329e+06
   1.4327708e+06
   1.4328766e+06
   1.4329541e+06
   1.4330930e+06
   1.4332046e+06
   1.4333718e+06
   1.4334618e+06
   1.4335504e+06
   1.4336687e+06
   1.4337608e+06
   1.4338793e+06
   1.4340919e+06
   1.4341892e+06
   1.4343034e+06
   1.4343990e+06
   1.4346066e+06
   1.4347284e+06
   1.4348373e+06
   1.4349597e+06
   1.4350662e+06
   1.4352724e+06
   1.4353670e+06
   1.4354808e+06
   1.4355506e+06
   1.4356665e+06
   1.4358941e+06
   1.4360125e+06
   1.4361380e+06
   1.4362444e+06
   1.4363453e+06
   1.4364882e+06
   1.4365998e+06
   1.4367221e+06
   1.4369261e+06
   1.4370768e+06
   1.4371955e+06
   1.4372712e+06
   1.4373444e+06
   1.4374121e+06
   1.4375093e+06
   1.4375961e+06
   1.4376869e+06
   1.4378103e+06
   1.4378910e+06
   1.4379855e+06
   1.4380762e+06
   1.4381593e+06
   1.4382598e+06
   1.4383532e+06
   1.4384757e+06
   1.4386469e+06
   1.4387460e+06
   1.4388524e+06
   1.4389417e+06
   1.4390144e+06
   1.4391001e+06
   1.4391993e+06
   1.4392950e+06
   1.4393941e+06
   1.4394672e+06
   1.4397048e+06
   1.4398260e+06
   1.4399252e+06
   1.4403912e+06
   1.4407242e+06
   1.4417941e+06
   1.4424272e+06
   1.4427663e+06
   1.4433440e+06
   1.4435223e+06
   1.4439344e+06
   1.4669594e+06
   1.4683825e+06
   1.4685487e+06
   1.4691008e+06
   1.4694749e+06
   1.4697502e+06
   1.4699054e+06
   1.4709509e+06
   1.4713802e+06
   1.4716092e+06
   1.4722556e+06
   1.4731321e+06
   1.4735741e+06
   1.4747445e+06
   1.4751919e+06
   1.4762955e+06
   1.4771419e+06
   1.4800826e+06
   1.4801892e+06
   1.4803073e+06
   1.4803948e+06
   1.4804763e+06
   1.4805843e+06
   1.4806894e+06
   1.4807793e+06
   1.4808622e+06
   1.4809604e+06
   1.4810994e+06
   1.4812312e+06
   1.4813258e+06
   1.4814824e+06
   1.4815644e+06
   1.4816576e+06
   1.4817490e+06
   1.4818371e+06
   1.4819439e+06
   1.4820619e+06
   1.4821542e+06
   1.4822379e+06
   1.4823135e+06
   1.4824021e+06
   1.4824843e+06
   1.4826091e+06
   1.4827437e+06
   1.4828195e+06
   1.4829123e+06
   1.4830131e+06
   1.4831004e+06
   1.4831961e+06
   1.4832995e+06
   1.4835522e+06
   1.4836676e+06
   1.4837472e+06
   1.4838429e+06
   1.4839261e+06
   1.4840545e+06
   1.4841374e+06
   1.4842206e+06
   1.4843225e+06
   1.4844857e+06
   1.4846778e+06
   1.4847615e+06
   1.4848554e+06
   1.4850118e+06
   1.4850955e+06
   1.4851925e+06
   1.4854067e+06
   1.4855048e+06
   1.4855774e+06
   1.4856860e+06
   1.4857783e+06
   1.4858510e+06
   1.4860170e+06
   1.4860949e+06
   1.4861910e+06
   1.4863276e+06
   1.4864458e+06
   1.4865374e+06
   1.4866921e+06
   1.4867832e+06
   1.4868968e+06
   1.4871644e+06
   1.4873260e+06
   1.4874401e+06
   1.4875152e+06
   1.4876504e+06
   1.4877788e+06
   1.4878847e+06
   1.4879727e+06
   1.4880629e+06
   1.4881982e+06
   1.4882721e+06
   1.4883837e+06
   1.4884937e+06
   1.4885906e+06
   1.4887612e+06
   1.4888537e+06
   1.4889732e+06
   1.4890526e+06
   1.4891351e+06
   1.4892532e+06
   1.4893385e+06
   1.4894216e+06
   1.4895028e+06
   1.4895988e+06
   1.4897069e+06
   1.4897987e+06
   1.4902624e+06
   1.4903954e+06
   1.4904977e+06
   1.4906170e+06
   1.4907929e+06
   1.4909108e+06
   1.4910151e+06
   1.4911054e+06
   1.4911766e+06
   1.4912750e+06
   1.4913662e+06
   1.4914644e+06
   1.4915521e+06
   1.4916572e+06
   1.4917598e+06
   1.4918570e+06
   1.4919513e+06
   1.4920224e+06
   1.4921374e+06
   1.4922122e+06
   1.4923284e+06
   1.4924491e+06
   1.4925847e+06
   1.4926906e+06
   1.4928125e+06
   1.4929659e+06
   1.4930964e+06
   1.4931848e+06
   1.4933613e+06
   1.4934638e+06
   1.4935564e+06
   1.4936437e+06
   1.4937220e+06
   1.4938099e+06
   1.4939143e+06
   1.4941980e+06
   1.4943064e+06
   1.4944195e+06
   1.4945104e+06
   1.4946190e+06
   1.4947244e+06
   1.4948388e+06
   1.4949508e+06
   1.4950328e+06
   1.4951783e+06
   1.4952917e+06
   1.4954202e+06
   1.4954971e+06
   1.4955779e+06
   1.4957208e+06
   1.4958057e+06
   1.4959249e+06
   1.4960160e+06
   1.4961333e+06
   1.4962118e+06
   1.4963514e+06
   1.4964402e+06
   1.4965322e+06
   1.4966306e+06
   1.4967303e+06
   1.4968413e+06
   1.4969582e+06
   1.4971022e+06
   1.4972977e+06
   1.4973982e+06
   1.4975134e+06
   1.4976225e+06
   1.4977418e+06
   1.4978550e+06
   1.4979458e+06
   1.4980334e+06
   1.4981487e+06
   1.4982646e+06
   1.4983780e+06
   1.4984772e+06
   1.4986294e+06
   1.4987060e+06
   1.4988058e+06
   1.4988950e+06
   1.4989840e+06
   1.4990613e+06
   1.4991486e+06
   1.4992435e+06
   1.4993442e+06
   1.4994450e+06
   1.4995269e+06
   1.4996508e+06
   1.4997636e+06
   1.4998805e+06
   1.4999565e+06
   1.5007853e+06
   1.5015610e+06
   1.5017667e+06
   1.5022019e+06
   1.5025488e+06
   1.5029265e+06
   1.5050432e+06
   1.5087290e+06
   1.5095172e+06
   1.5097788e+06
   1.5101267e+06
   1.5216692e+06
   1.5232829e+06
   1.5269285e+06
   1.5276815e+06
   1.5282520e+06
   1.5285799e+06
   1.5289424e+06
   1.5299988e+06
   1.5313537e+06
   1.5316987e+06
   1.5348761e+06
   1.5352355e+06
   1.5355505e+06
   1.5364980e+06
   1.5367816e+06
   1.5369743e+06
   1.5391823e+06
   1.5396282e+06
   1.5400692e+06
   1.5401345e+06
   1.5402031e+06
   1.5403092e+06
   1.5403896e+06
   1.5404789e+06
   1.5405532e+06
   1.5406581e+06
   1.5407502e+06
   1.5408365e+06
   1.5409455e+06
   1.5410563e+06
   1.5411456e+06
   1.5412533e+06
   1.5413476e+06
   1.5414494e+06
   1.5415373e+06
   1.5416484e+06
   1.5417459e+06
   1.5418728e+06
   1.5419494e+06
   1.5420902e+06
   1.5421897e+06
   1.5422756e+06
   1.5423736e+06
   1.5424581e+06
   1.5425465e+06
   1.5426818e+06
   1.5427908e+06
   1.5428831e+06
   1.5429498e+06
   1.5430448e+06
   1.5431377e+06
   1.5432366e+06
   1.5433251e+06
   1.5434065e+06
   1.5435144e+06
   1.5435816e+06
   1.5436694e+06
   1.5437424e+06
   1.5438098e+06
   1.5439363e+06
   1.5440539e+06
   1.5441789e+06
   1.5443256e+06
   1.5443969e+06
   1.5444615e+06
   1.5445534e+06
   1.5446311e+06
   1.5447208e+06
   1.5447987e+06
   1.5448894e+06
   1.5449866e+06
   1.5450870e+06
   1.5451895e+06
   1.5452556e+06
   1.5453655e+06
   1.5454408e+06
   1.5455254e+06
   1.5456288e+06
   1.5457118e+06
   1.5458068e+06
   1.5458840e+06
   1.5459752e+06
   1.5460944e+06
   1.5461861e+06
   1.5463467e+06
   1.5464398e+06
   1.5465217e+06
   1.5465890e+06
   1.5466697e+06
   1.5467288e+06
   1.5468437e+06
   1.5469535e+06
   1.5471765e+06
   1.5472776e+06
   1.5473837e+06
   1.5474943e+06
   1.5475824e+06
   1.5476990e+06
   1.5478132e+06
   1.5479167e+06
   1.5480040e+06
   1.5480875e+06
   1.5482195e+06
   1.5483214e+06
   1.5484064e+06
   1.5484885e+06
   1.5485674e+06
   1.5487473e+06
   1.5488674e+06
   1.5489616e+06
   1.5490495e+06
   1.5491550e+06
   1.5492641e+06
   1.5493573e+06
   1.5494410e+06
   1.5495578e+06
   1.5496583e+06
   1.5497750e+06
   1.5498867e+06
   1.5499602e+06
   1.5500358e+06
   1.5501394e+06
   1.5502482e+06
   1.5503609e+06
   1.5504961e+06
   1.5505826e+06
   1.5506821e+06
   1.5507909e+06
   1.5509065e+06
   1.5510368e+06
   1.5511228e+06
   1.5512328e+06
   1.5513328e+06
   1.5514291e+06
   1.5515859e+06
   1.5518089e+06
   1.5519072e+06
   1.5520531e+06
   1.5521293e+06
   1.5522346e+06
   1.5523528e+06
   1.5526225e+06
   1.5527578e+06
   1.5528514e+06
   1.5529945e+06
   1.5530748e+06
   1.5531681e+06
   1.5532593e+06
   1.5533349e+06
   1.5534446e+06
   1.5535397e+06
   1.5536310e+06
   1.5537112e+06
   1.5537925e+06
   1.5538978e+06
   1.5539949e+06
   1.5542033e+06
   1.5543004e+06
   1.5543987e+06
   1.5545539e+06
   1.5546595e+06
   1.5547410e+06
   1.5548340e+06
   1.5550267e+06
   1.5551081e+06
   1.5552227e+06
   1.5553542e+06
   1.5554370e+06
   1.5555584e+06
   1.5557930e+06
   1.5558871e+06
   1.5560015e+06
   1.5560915e+06
   1.5562161e+06
   1.5563231e+06
   1.5564369e+06
   1.5565519e+06
   1.5566478e+06
   1.5567403e+06
   1.5568861e+06
   1.5570096e+06
   1.5571291e+06
   1.5572198e+06
   1.5573378e+06
   1.5574417e+06
   1.5575375e+06
   1.5576573e+06
   1.5577552e+06
   1.5578868e+06
   1.5579918e+06
   1.5581773e+06
   1.5582603e+06
   1.5583621e+06
   1.5584763e+06
   1.5585805e+06
   1.5586581e+06
   1.5587609e+06
   1.5588798e+06
   1.5589895e+06
   1.5590976e+06
   1.5591868e+06
   1.5593104e+06
   1.5594363e+06
   1.5595246e+06
   1.5596110e+06
   1.5596745e+06
   1.5597868e+06
   1.5599332e+06
   1.5601846e+06
   1.5607359e+06
   1.5612583e+06
   1.5616018e+06
   1.5672231e+06
   1.5716487e+06
   1.5733248e+06
   1.5736204e+06
   1.5761252e+06
   1.5763899e+06
   1.5766502e+06
   1.5768873e+06
   1.5773607e+06
   1.5776602e+06
   1.5778747e+06
   1.5822737e+06
   1.5825162e+06
   1.5826714e+06
   1.5880896e+06
   1.5883910e+06
   1.5889516e+06
   1.5901527e+06
   1.5924527e+06
   1.5925851e+06
   1.5927405e+06
   1.5936116e+06
   1.5955246e+06
   1.5975278e+06
   1.5979162e+06
   1.5982675e+06
   1.5993926e+06
   1.6000707e+06
   1.6001595e+06
   1.6002869e+06
   1.6003636e+06
   1.6004893e+06
   1.6005732e+06
   1.6006692e+06
   1.6007986e+06
   1.6009093e+06
   1.6009851e+06
   1.6010696e+06
   1.6011848e+06
   1.6012968e+06
   1.6014158e+06
   1.6014955e+06
   1.6016136e+06
   1.6016789e+06
   1.6017644e+06
   1.6018674e+06
   1.6019920e+06
   1.6020946e+06
   1.6021975e+06
   1.6022745e+06
   1.6023614e+06
   1.6024635e+06
   1.6025667e+06
   1.6026562e+06
   1.6027510e+06
   1.6028363e+06
   1.6029219e+06
   1.6030162e+06
   1.6030964e+06
   1.6031933e+06
   1.6032635e+06
   1.6033787e+06
   1.6034586e+06
   1.6035405e+06
   1.6036149e+06
   1.6036929e+06
   1.6037633e+06
   1.6038538e+06
   1.6039398e+06
   1.6040332e+06
   1.6041206e+06
   1.6042013e+06
   1.6042978e+06
   1.6043827e+06
   1.6044859e+06
   1.6045706e+06
   1.6046487e+06
   1.6047425e+06
   1.6048484e+06
   1.6049304e+06
   1.6050515e+06
   1.6051341e+06
   1.6052009e+06
   1.6053135e+06
   1.6054411e+06
   1.6055230e+06
   1.6056144e+06
   1.6057082e+06
   1.6057856e+06
   1.6059056e+06
   1.6059856e+06
   1.6061279e+06
   1.6062130e+06
   1.6062961e+06
   1.6064050e+06
   1.6064776e+06
   1.6065696e+06
   1.6066539e+06
   1.6067491e+06
   1.6068418e+06
   1.6069786e+06
   1.6071473e+06
   1.6072388e+06
   1.6073338e+06
   1.6074127e+06
   1.6074950e+06
   1.6075967e+06
   1.6077018e+06
   1.6077919e+06
   1.6078983e+06
   1.6080000e+06
   1.6080801e+06
   1.6082584e+06
   1.6083407e+06
   1.6084215e+06
   1.6085067e+06
   1.6086350e+06
   1.6087234e+06
   1.6088290e+06
   1.6088945e+06
   1.6089578e+06
   1.6090541e+06
   1.6091447e+06
   1.6092230e+06
   1.6093353e+06
   1.6094587e+06
   1.6095434e+06
   1.6096479e+06
   1.6097470e+06
   1.6098266e+06
   1.6099368e+06
   1.6100316e+06
   1.6101101e+06
   1.6101767e+06
   1.6103053e+06
   1.6104075e+06
   1.6104929e+06
   1.6105982e+06
   1.6107021e+06
   1.6107777e+06
   1.6108645e+06
   1.6109622e+06
   1.6110391e+06
   1.6111407e+06
   1.6112290e+06
   1.6113206e+06
   1.6114579e+06
   1.6115512e+06
   1.6116846e+06
   1.6117673e+06
   1.6118522e+06
   1.6119202e+06
   1.6120285e+06
   1.6121819e+06
   1.6122742e+06
   1.6123799e+06
   1.6124620e+06
   1.6125517e+06
   1.6126442e+06
   1.6127191e+06
   1.6128416e+06
   1.6129291e+06
   1.6130325e+06
   1.6131085e+06
   1.6132310e+06
   1.6133482e+06
   1.6134532e+06
   1.6135341e+06
   1.6136009e+06
   1.6136849e+06
   1.6137794e+06
   1.6139844e+06
   1.6142137e+06
   1.6143112e+06
   1.6144167e+06
   1.6145073e+06
   1.6146035e+06
   1.6146864e+06
   1.6147935e+06
   1.6148744e+06
   1.6149899e+06
   1.6150774e+06
   1.6151595e+06
   1.6152491e+06
   1.6153206e+06
   1.6154122e+06
   1.6155175e+06
   1.6156203e+06
   1.6157220e+06
   1.6158011e+06
   1.6158890e+06
   1.6160054e+06
   1.6161175e+06
   1.6162263e+06
   1.6163134e+06
   1.6163782e+06
   1.6164687e+06
   1.6165788e+06
   1.6167081e+06
   1.6168226e+06
   1.6169003e+06
   1.6169726e+06
   1.6170597e+06
   1.6171573e+06
   1.6172299e+06
   1.6173156e+06
   1.6174463e+06
   1.6175413e+06
   1.6176522e+06
   1.6177626e+06
   1.6178645e+06
   1.6179562e+06
   1.6180358e+06
   1.6182022e+06
   1.6183232e+06
   1.6184089e+06
   1.6185172e+06
   1.6186008e+06
   1.6186751e+06
   1.6187612e+06
   1.6188882e+06
   1.6190087e+06
   1.6191332e+06
   1.6192612e+06
   1.6193912e+06
   1.6194786e+06
   1.6195953e+06
   1.6197191e+06
   1.6198359e+06
   1.6199264e+06
   1.6203633e+06
   1.6206922e+06
   1.6234260e+06
   1.6244653e+06
   1.6262601e+06
   1.6264389e+06
   1.6266734e+06
   1.6276876e+06
   1.6282241e+06
   1.6286051e+06
   1.6294231e+06
   1.6297840e+06
   1.6303413e+06
   1.6306800e+06
   1.6310614e+06
   1.6322249e+06
   1.6332606e+06
   1.6341678e+06
   1.6357368e+06
   1.6361570e+06
   1.6364188e+06
   1.6367982e+06
   1.6372038e+06
   1.6375444e+06
   1.6379496e+06
   1.6589514e+06
   1.6593304e+06
   1.6596096e+06
   1.6600891e+06
   1.6601811e+06
   1.6603289e+06
   1.6604035e+06
   1.6605628e+06
   1.6606779e+06
   1.6607849e+06
   1.6608825e+06
   1.6609769e+06
   1.6610565e+06
   1.6611592e+06
   1.6612326e+06
   1.6612917e+06
   1.6614069e+06
   1.6614915e+06
   1.6615923e+06
   1.6617106e+06
   1.6617857e+06
   1.6618727e+06
   1.6619511e+06
   1.6620133e+06
   1.6621097e+06
   1.6621882e+06
   1.6622848e+06
   1.6623883e+06
   1.6625295e+06
   1.6626150e+06
   1.6627102e+06
   1.6628308e+06
   1.6629199e+06
   1.6629996e+06
   1.6630789e+06
   1.6631836e+06
   1.6633014e+06
   1.6633648e+06
   1.6634379e+06
   1.6635175e+06
   1.6636026e+06
   1.6637148e+06
   1.6638090e+06
   1.6638970e+06
   1.6639845e+06
   1.6640702e+06
   1.6641771e+06
   1.6642695e+06
   1.6643854e+06
   1.6644580e+06
   1.6645406e+06
   1.6646441e+06
   1.6647610e+06
   1.6648496e+06
   1.6649426e+06
   1.6650321e+06
   1.6651177e+06
   1.6652094e+06
   1.6653106e+06
   1.6654241e+06
   1.6655002e+06
   1.6656341e+06
   1.6657174e+06
   1.6657760e+06
   1.6658865e+06
   1.6659603e+06
   1.6660794e+06
   1.6661570e+06
   1.6662596e+06
   1.6663640e+06
   1.6664767e+06
   1.6665716e+06
   1.6666506e+06
   1.6667467e+06
   1.6668561e+06
   1.6669556e+06
   1.6671903e+06
   1.6672923e+06
   1.6674312e+06
   1.6675290e+06
   1.6676231e+06
   1.6677017e+06
   1.6678002e+06
   1.6678819e+06
   1.6679599e+06
   1.6680501e+06
   1.6681922e+06
   1.6682972e+06
   1.6683742e+06
   1.6684581e+06
   1.6685288e+06
   1.6686051e+06
   1.6686788e+06
   1.6687688e+06
   1.6688433e+06
   1.6689319e+06
   1.6690554e+06
   1.6691671e+06
   1.6692573e+06
   1.6693553e+06
   1.6694408e+06
   1.6695253e+06
   1.6696527e+06
   1.6697508e+06
   1.6698682e+06
   1.6699998e+06
   1.6700911e+06
   1.6701913e+06
   1.6703107e+06
   1.6704091e+06
   1.6704878e+06
   1.6705695e+06
   1.6706789e+06
   1.6707837e+06
   1.6708474e+06
   1.6709890e+06
   1.6710679e+06
   1.6711672e+06
   1.6712504e+06
   1.6713479e+06
   1.6714465e+06
   1.6715089e+06
   1.6716326e+06
   1.6717342e+06
   1.6718847e+06
   1.6719690e+06
   1.6720348e+06
   1.6721344e+06
   1.6722389e+06
   1.6723920e+06
   1.6724593e+06
   1.6725491e+06
   1.6726214e+06
   1.6727341e+06
   1.6728141e+06
   1.6728878e+06
   1.6730198e+06
   1.6731068e+06
   1.6731873e+06
   1.6732679e+06
   1.6734042e+06
   1.6734870e+06
   1.6735840e+06
   1.6737014e+06
   1.6738126e+06
   1.6738941e+06
   1.6739781e+06
   1.6741688e+06
   1.6742595e+06
   1.6743416e+06
   1.6744188e+06
   1.6745130e+06
   1.6746002e+06
   1.6746993e+06
   1.6748127e+06
   1.6748915e+06
   1.6750187e+06
   1.6751124e+06
   1.6752296e+06
   1.6752967e+06
   1.6753679e+06
   1.6754657e+06
   1.6755559e+06
   1.6756672e+06
   1.6757651e+06
   1.6758563e+06
   1.6759565e+06
   1.6760474e+06
   1.6761531e+06
   1.6762433e+06
   1.6763311e+06
   1.6764286e+06
   1.6765407e+06
   1.6766167e+06
   1.6767090e+06
   1.6767854e+06
   1.6768685e+06
   1.6769681e+06
   1.6770584e+06
   1.6771529e+06
   1.6773106e+06
   1.6774073e+06
   1.6774946e+06
   1.6775888e+06
   1.6776740e+06
   1.6777551e+06
   1.6778726e+06
   1.6779600e+06
   1.6780395e+06
   1.6781562e+06
   1.6782511e+06
   1.6783454e+06
   1.6784462e+06
   1.6785322e+06
   1.6786143e+06
   1.6786993e+06
   1.6788017e+06
   1.6788951e+06
   1.6789839e+06
   1.6790416e+06
   1.6791113e+06
   1.6792043e+06
   1.6792934e+06
   1.6793870e+06
   1.6794664e+06
   1.6795532e+06
   1.6796419e+06
   1.6797306e+06
   1.6798099e+06
   1.6799170e+06
   1.6805882e+06
   1.6808501e+06
   1.6810778e+06
   1.6818119e+06
   1.6823155e+06
   1.6826803e+06
   1.6831953e+06
   1.6838701e+06
   1.6849941e+06
   1.6852018e+06
   1.6877264e+06
   1.6879937e+06
   1.6990013e+06
   1.7002786e+06
   1.7005261e+06
   1.7011610e+06
   1.7013369e+06
   1.7015578e+06
   1.7024610e+06
   1.7029832e+06
   1.7033347e+06
   1.7038754e+06
   1.7045074e+06
   1.7050644e+06
   1.7054852e+06
   1.7056909e+06
   1.7060145e+06
   1.7063481e+06
   1.7072221e+06
   1.7074273e+06
   1.7083312e+06
   1.7093106e+06
   1.7095895e+06
   1.7100173e+06
   1.7105632e+06
   1.7112558e+06
   1.7115542e+06
   1.7118786e+06
   1.7125268e+06
   1.7127757e+06
   1.7130128e+06
   1.7137851e+06
   1.7142955e+06
   1.7145665e+06
   1.7148965e+06
   1.7155821e+06
   1.7166433e+06
   1.7175043e+06
   1.7176920e+06
   1.7180274e+06
   1.7183864e+06
   1.7188621e+06
   1.7193264e+06
   1.7200770e+06
   1.7201719e+06
   1.7202464e+06
   1.7203454e+06
   1.7204184e+06
   1.7205051e+06
   1.7205878e+06
   1.7206829e+06
   1.7207623e+06
   1.7208214e+06
   1.7208865e+06
   1.7209636e+06
   1.7210949e+06
   1.7211887e+06
   1.7212784e+06
   1.7213689e+06
   1.7214460e+06
   1.7215131e+06
   1.7215812e+06
   1.7216956e+06
   1.7217572e+06
   1.7218334e+06
   1.7219322e+06
   1.7220606e+06
   1.7221483e+06
   1.7222417e+06
   1.7223235e+06
   1.7224576e+06
   1.7225280e+06
   1.7226240e+06
   1.7227082e+06
   1.7227949e+06
   1.7228795e+06
   1.7229666e+06
   1.7230366e+06
   1.7231259e+06
   1.7232209e+06
   1.7233114e+06
   1.7234081e+06
   1.7234776e+06
   1.7235798e+06
   1.7236557e+06
   1.7237512e+06
   1.7238520e+06
   1.7239289e+06
   1.7240460e+06
   1.7241412e+06
   1.7242212e+06
   1.7243629e+06
   1.7244513e+06
   1.7245280e+06
   1.7246021e+06
   1.7246863e+06
   1.7247686e+06
   1.7248425e+06
   1.7249514e+06
   1.7250519e+06
   1.7251337e+06
   1.7252015e+06
   1.7252674e+06
   1.7253518e+06
   1.7254597e+06
   1.7255437e+06
   1.7256180e+06
   1.7256966e+06
   1.7258315e+06
   1.7259094e+06
   1.7259987e+06
   1.7261312e+06
   1.7262346e+06
   1.7263273e+06
   1.7264077e+06
   1.7264909e+06
   1.7265783e+06
   1.7266442e+06
   1.7267248e+06
   1.7268059e+06
   1.7268921e+06
   1.7269935e+06
   1.7271828e+06
   1.7273013e+06
   1.7274198e+06
   1.7275009e+06
   1.7275982e+06
   1.7277020e+06
   1.7277784e+06
   1.7278666e+06
   1.7279477e+06
   1.7280356e+06
   1.7281396e+06
   1.7282345e+06
   1.7283180e+06
   1.7284174e+06
   1.7284972e+06
   1.7285629e+06
   1.7286510e+06
   1.7287404e+06
   1.7288387e+06
   1.7289272e+06
   1.7290018e+06
   1.7290716e+06
   1.7291821e+06
   1.7292622e+06
   1.7293520e+06
   1.7294334e+06
   1.7295279e+06
   1.7296074e+06
   1.7297381e+06
   1.7298329e+06
   1.7298984e+06
   1.7300079e+06
   1.7300800e+06
   1.7301787e+06
   1.7302950e+06
   1.7303764e+06
   1.7305083e+06
   1.7306261e+06
   1.7307077e+06
   1.7308704e+06
   1.7309567e+06
   1.7310320e+06
   1.7311301e+06
   1.7311962e+06
   1.7313056e+06
   1.7314039e+06
   1.7314943e+06
   1.7315904e+06
   1.7316937e+06
   1.7317848e+06
   1.7318800e+06
   1.7319611e+06
   1.7320464e+06
   1.7321432e+06
   1.7322201e+06
   1.7322878e+06
   1.7323910e+06
   1.7324561e+06
   1.7325516e+06
   1.7326347e+06
   1.7327235e+06
   1.7328097e+06
   1.7329439e+06
   1.7330979e+06
   1.7332247e+06
   1.7333205e+06
   1.7334565e+06
   1.7335440e+06
   1.7336549e+06
   1.7337945e+06
   1.7338965e+06
   1.7339687e+06
   1.7341347e+06
   1.7342132e+06
   1.7342911e+06
   1.7343587e+06
   1.7344419e+06
   1.7345432e+06
   1.7346416e+06
   1.7347242e+06
   1.7348305e+06
   1.7349530e+06
   1.7351120e+06
   1.7351901e+06
   1.7352717e+06
   1.7353860e+06
   1.7354710e+06
   1.7355485e+06
   1.7356411e+06
   1.7357278e+06
   1.7358058e+06
   1.7359117e+06
   1.7359922e+06
   1.7360878e+06
   1.7361849e+06
   1.7362858e+06
   1.7363939e+06
   1.7365095e+06
   1.7365932e+06
   1.7367048e+06
   1.7368918e+06
   1.7370225e+06
   1.7371048e+06
   1.7372035e+06
   1.7372772e+06
   1.7373882e+06
   1.7374935e+06
   1.7375890e+06
   1.7376858e+06
   1.7377651e+06
   1.7379182e+06
   1.7379934e+06
   1.7380798e+06
   1.7381754e+06
   1.7382862e+06
   1.7383934e+06
   1.7384954e+06
   1.7385755e+06
   1.7386872e+06
   1.7387501e+06
   1.7389147e+06
   1.7389894e+06
   1.7390738e+06
   1.7391661e+06
   1.7392516e+06
   1.7393622e+06
   1.7394729e+06
   1.7395635e+06
   1.7396617e+06
   1.7397380e+06
   1.7398280e+06
   1.7399632e+06
   1.7402490e+06
   1.7404357e+06
   1.7408013e+06
   1.7416595e+06
   1.7474064e+06
   1.7477813e+06
   1.7483804e+06
   1.7487526e+06
   1.7490982e+06
   1.7497316e+06
   1.7595726e+06
   1.7597747e+06
   1.7603083e+06
   1.7604804e+06
   1.7612215e+06
   1.7615977e+06
   1.7622828e+06
   1.7624576e+06
   1.7630537e+06
   1.7632442e+06
   1.7633680e+06
   1.7637811e+06
   1.7645441e+06
   1.7647117e+06
   1.7650288e+06
   1.7652935e+06
   1.7661140e+06
   1.7662810e+06
   1.7664636e+06
   1.7674497e+06
   1.7690211e+06
   1.7695036e+06
   1.7697778e+06
   1.7701629e+06
   1.7711159e+06
   1.7714856e+06
   1.7719088e+06
   1.7722666e+06
   1.7724789e+06
   1.7728009e+06
   1.7737164e+06
   1.7738929e+06
   1.7741357e+06
   1.7752076e+06
   1.7754418e+06
   1.7758297e+06
   1.7800721e+06
   1.7801807e+06
   1.7802754e+06
   1.7803478e+06
   1.7804165e+06
   1.7805293e+06
   1.7806036e+06
   1.7807249e+06
   1.7807922e+06
   1.7808773e+06
   1.7809505e+06
   1.7810336e+06
   1.7811262e+06
   1.7812194e+06
   1.7812929e+06
   1.7813930e+06
   1.7814864e+06
   1.7815542e+06
   1.7816280e+06
   1.7817205e+06
   1.7818008e+06
   1.7818784e+06
   1.7819657e+06
   1.7820473e+06
   1.7821091e+06
   1.7821870e+06
   1.7822670e+06
   1.7824583e+06
   1.7825296e+06
   1.7826257e+06
   1.7826993e+06
   1.7827830e+06
   1.7828837e+06
   1.7829804e+06
   1.7830869e+06
   1.7831746e+06
   1.7832776e+06
   1.7833713e+06
   1.7834789e+06
   1.7835468e+06
   1.7836594e+06
   1.7837541e+06
   1.7838233e+06
   1.7839055e+06
   1.7839874e+06
   1.7840629e+06
   1.7841466e+06
   1.7842188e+06
   1.7843100e+06
   1.7843787e+06
   1.7844745e+06
   1.7845819e+06
   1.7846670e+06
   1.7847450e+06
   1.7848553e+06
   1.7849387e+06
   1.7850357e+06
   1.7851439e+06
   1.7852152e+06
   1.7853185e+06
   1.7853848e+06
   1.7854881e+06
   1.7855448e+06
   1.7856685e+06
   1.7857370e+06
   1.7858293e+06
   1.7859084e+06
   1.7859784e+06
   1.7860518e+06
   1.7861344e+06
   1.7862211e+06
   1.7863029e+06
   1.7864035e+06
   1.7864862e+06
   1.7865561e+06
   1.7866403e+06
   1.7867225e+06
   1.7868063e+06
   1.7868793e+06
   1.7869756e+06
   1.7871605e+06
   1.7872486e+06
   1.7873621e+06
   1.7874327e+06
   1.7875222e+06
   1.7876177e+06
   1.7877386e+06
   1.7878189e+06
   1.7879053e+06
   1.7880099e+06
   1.7880929e+06
   1.7881515e+06
   1.7882204e+06
   1.7882834e+06
   1.7883564e+06
   1.7884556e+06
   1.7885339e+06
   1.7886138e+06
   1.7886887e+06
   1.7887776e+06
   1.7889622e+06
   1.7890524e+06
   1.7891845e+06
   1.7892963e+06
   1.7893836e+06
   1.7894759e+06
   1.7895637e+06
   1.7896437e+06
   1.7897243e+06
   1.7898214e+06
   1.7899162e+06
   1.7899879e+06
   1.7900553e+06
   1.7901612e+06
   1.7902323e+06
   1.7903051e+06
   1.7903901e+06
   1.7904720e+06
   1.7905599e+06
   1.7907144e+06
   1.7907907e+06
   1.7908947e+06
   1.7909709e+06
   1.7910623e+06
   1.7911788e+06
   1.7912666e+06
   1.7913438e+06
   1.7914211e+06
   1.7915036e+06
   1.7915870e+06
   1.7917092e+06
   1.7918244e+06
   1.7919008e+06
   1.7920144e+06
   1.7920891e+06
   1.7921668e+06
   1.7922714e+06
   1.7923707e+06
   1.7924532e+06
   1.7925397e+06
   1.7926355e+06
   1.7927040e+06
   1.7927802e+06
   1.7928584e+06
   1.7929183e+06
   1.7930003e+06
   1.7931308e+06
   1.7932505e+06
   1.7933642e+06
   1.7934466e+06
   1.7935436e+06
   1.7936536e+06
   1.7937391e+06
   1.7938209e+06
   1.7939035e+06
   1.7939838e+06
   1.7941431e+06
   1.7942630e+06
   1.7943501e+06
   1.7944342e+06
   1.7945176e+06
   1.7945785e+06
   1.7946589e+06
   1.7947555e+06
   1.7948464e+06
   1.7949234e+06
   1.7950243e+06
   1.7951038e+06
   1.7952078e+06
   1.7952935e+06
   1.7953756e+06
   1.7954739e+06
   1.7955751e+06
   1.7956467e+06
   1.7957736e+06
   1.7958896e+06
   1.7960739e+06
   1.7961560e+06
   1.7962427e+06
   1.7963230e+06
   1.7964047e+06
   1.7965047e+06
   1.7966057e+06
   1.7966588e+06
   1.7967386e+06
   1.7968031e+06
   1.7968686e+06
   1.7969408e+06
   1.7970191e+06
   1.7971163e+06
   1.7972070e+06
   1.7972844e+06
   1.7973880e+06
   1.7975077e+06
   1.7975950e+06
   1.7976869e+06
   1.7977642e+06
   1.7978394e+06
   1.7979180e+06
   1.7979963e+06
   1.7981132e+06
   1.7982016e+06
   1.7983225e+06
   1.7983888e+06
   1.7984560e+06
   1.7985366e+06
   1.7986191e+06
   1.7987123e+06
   1.7987869e+06
   1.7988681e+06
   1.7989384e+06
   1.7990180e+06
   1.7990775e+06
   1.7991641e+06
   1.7992345e+06
   1.7993140e+06
   1.7993939e+06
   1.7994764e+06
   1.7995627e+06
   1.7996558e+06
   1.7997341e+06
   1.7998054e+06
   1.7998761e+06
   1.7999660e+06
   1.8004159e+06
   1.8008164e+06
   1.8036736e+06
   1.8058099e+06
   1.8060940e+06
   1.8063271e+06
   1.8065826e+06
   1.8069909e+06
   1.8074257e+06
   1.8077005e+06
   1.8080779e+06
   1.8084657e+06
   1.8123871e+06
   1.8128891e+06
   1.8133993e+06
   1.8138490e+06
   1.8140116e+06
   1.8148692e+06
   1.8156668e+06
   1.8160701e+06
   1.8162977e+06
   1.8166581e+06
   1.8170276e+06
   1.8173750e+06
   1.8218051e+06
   1.8223297e+06
   1.8226268e+06
   1.8229395e+06
   1.8240116e+06
   1.8344274e+06
   1.8350431e+06
   1.8353676e+06
   1.8357392e+06
   1.8360061e+06
   1.8363425e+06
   1.8365772e+06
   1.8368423e+06
   1.8373038e+06
   1.8375124e+06
   1.8381948e+06
   1.8387927e+06
   1.8390973e+06
   1.8393832e+06
   1.8397133e+06
   1.8399969e+06
   1.8400814e+06
   1.8401798e+06
   1.8402891e+06
   1.8403565e+06
   1.8404239e+06
   1.8404987e+06
   1.8405888e+06
   1.8406722e+06
   1.8407477e+06
   1.8408107e+06
   1.8408916e+06
   1.8409620e+06
   1.8410510e+06
   1.8411299e+06
   1.8412544e+06
   1.8413269e+06
   1.8414295e+06
   1.8414937e+06
   1.8415598e+06
   1.8416477e+06
   1.8417442e+06
   1.8418257e+06
   1.8418909e+06
   1.8419835e+06
   1.8420376e+06
   1.8421106e+06
   1.8421822e+06
   1.8422595e+06
   1.8423404e+06
   1.8424381e+06
   1.8425108e+06
   1.8425761e+06
   1.8426533e+06
   1.8427496e+06
   1.8428397e+06
   1.8429060e+06
   1.8429897e+06
   1.8430578e+06
   1.8431382e+06
   1.8432200e+06
   1.8432874e+06
   1.8433638e+06
   1.8434320e+06
   1.8435080e+06
   1.8435979e+06
   1.8436839e+06
   1.8437695e+06
   1.8438382e+06
   1.8439085e+06
   1.8439747e+06
   1.8440546e+06
   1.8441244e+06
   1.8442255e+06
   1.8442869e+06
   1.8444062e+06
   1.8444912e+06
   1.8445520e+06
   1.8446291e+06
   1.8447117e+06
   1.8447734e+06
   1.8448374e+06
   1.8449038e+06
   1.8449749e+06
   1.8450448e+06
   1.8451184e+06
   1.8452084e+06
   1.8452742e+06
   1.8453664e+06
   1.8454583e+06
   1.8455294e+06
   1.8456007e+06
   1.8456890e+06
   1.8457898e+06
   1.8458830e+06
   1.8459645e+06
   1.8460248e+06
   1.8460892e+06
   1.8461513e+06
   1.8462459e+06
   1.8463184e+06
   1.8463820e+06
   1.8464802e+06
   1.8465511e+06
   1.8466119e+06
   1.8466721e+06
   1.8467389e+06
   1.8467992e+06
   1.8468736e+06
   1.8469527e+06
   1.8471165e+06
   1.8471831e+06
   1.8472511e+06
   1.8473297e+06
   1.8474045e+06
   1.8474710e+06
   1.8475627e+06
   1.8476521e+06
   1.8477104e+06
   1.8477956e+06
   1.8478645e+06
   1.8479722e+06
   1.8480356e+06
   1.8481159e+06
   1.8481876e+06
   1.8482747e+06
   1.8483487e+06
   1.8484313e+06
   1.8485276e+06
   1.8486106e+06
   1.8487025e+06
   1.8487658e+06
   1.8488529e+06
   1.8489298e+06
   1.8490273e+06
   1.8491005e+06
   1.8491981e+06
   1.8492713e+06
   1.8493372e+06
   1.8494308e+06
   1.8494976e+06
   1.8495625e+06
   1.8496316e+06
   1.8497165e+06
   1.8497779e+06
   1.8498528e+06
   1.8499405e+06
   1.8500090e+06
   1.8501045e+06
   1.8501767e+06
   1.8502664e+06
   1.8503331e+06
   1.8504378e+06
   1.8504942e+06
   1.8505894e+06
   1.8506481e+06
   1.8507228e+06
   1.8508120e+06
   1.8508837e+06
   1.8509541e+06
   1.8510372e+06
   1.8511157e+06
   1.8511935e+06
   1.8512624e+06
   1.8513210e+06
   1.8513941e+06
   1.8514623e+06
   1.8515491e+06
   1.8516143e+06
   1.8517101e+06
   1.8518486e+06
   1.8519146e+06
   1.8519944e+06
   1.8520530e+06
   1.8521239e+06
   1.8522147e+06
   1.8522986e+06
   1.8524013e+06
   1.8524636e+06
   1.8525427e+06
   1.8526218e+06
   1.8526854e+06
   1.8527695e+06
   1.8528441e+06
   1.8529309e+06
   1.8530232e+06
   1.8531104e+06
   1.8531846e+06
   1.8532744e+06
   1.8533544e+06
   1.8534352e+06
   1.8535181e+06
   1.8535815e+06
   1.8536564e+06
   1.8537298e+06
   1.8538007e+06
   1.8538767e+06
   1.8539489e+06
   1.8540766e+06
   1.8541784e+06
   1.8542563e+06
   1.8543343e+06
   1.8544071e+06
   1.8544861e+06
   1.8545745e+06
   1.8546499e+06
   1.8547358e+06
   1.8547988e+06
   1.8548607e+06
   1.8549436e+06
   1.8550306e+06
   1.8551322e+06
   1.8551976e+06
   1.8552662e+06
   1.8553661e+06
   1.8554293e+06
   1.8555083e+06
   1.8556173e+06
   1.8556882e+06
   1.8557629e+06
   1.8558426e+06
   1.8559169e+06
   1.8560163e+06
   1.8560797e+06
   1.8561531e+06
   1.8562291e+06
   1.8563000e+06
   1.8563745e+06
   1.8564344e+06
   1.8565119e+06
   1.8565756e+06
   1.8566410e+06
   1.8567077e+06
   1.8567839e+06
   1.8568858e+06
   1.8569712e+06
   1.8570303e+06
   1.8571220e+06
   1.8572077e+06
   1.8572985e+06
   1.8574098e+06
   1.8574841e+06
   1.8575560e+06
   1.8576220e+06
   1.8576979e+06
   1.8577859e+06
   1.8578715e+06
   1.8580085e+06
   1.8580696e+06
   1.8581529e+06
   1.8582299e+06
   1.8583311e+06
   1.8584155e+06
   1.8584809e+06
   1.8585390e+06
   1.8586072e+06
   1.8586837e+06
   1.8587871e+06
   1.8589000e+06
   1.8589642e+06
   1.8590473e+06
   1.8591131e+06
   1.8591844e+06
   1.8592634e+06
   1.8593534e+06
   1.8594299e+06
   1.8595000e+06
   1.8595684e+06
   1.8596253e+06
   1.8597119e+06
   1.8597856e+06
   1.8598740e+06
   1.8599567e+06
   1.8717661e+06
   1.8720999e+06
   1.8748828e+06
   1.8754613e+06
   1.8757483e+06
   1.8760429e+06
   1.8764275e+06
   1.8765934e+06
   1.8775994e+06
   1.8779684e+06
   1.8782300e+06
   1.8783997e+06
   1.8786072e+06
   1.8790691e+06
   1.8804583e+06
   1.8808554e+06
   1.8810531e+06
   1.8815345e+06
   1.8817926e+06
   1.8820068e+06
   1.8821982e+06
   1.8833408e+06
   1.8836280e+06
   1.8837985e+06
   1.8841945e+06
   1.8844151e+06
   1.8848109e+06
   1.8850634e+06
   1.8927239e+06
   1.8933447e+06
   1.8944942e+06
   1.8948108e+06
   1.8951632e+06
   1.8985025e+06
   1.8989036e+06
   1.8996068e+06
   1.8999825e+06
   1.9000777e+06
   1.9001417e+06
   1.9002114e+06
   1.9002859e+06
   1.9003838e+06
   1.9004672e+06
   1.9005825e+06
   1.9006430e+06
   1.9007131e+06
   1.9007826e+06
   1.9008538e+06
   1.9009332e+06
   1.9010128e+06
   1.9010761e+06
   1.9011631e+06
   1.9012524e+06
   1.9013082e+06
   1.9013722e+06
   1.9014426e+06
   1.9015234e+06
   1.9016011e+06
   1.9016932e+06
   1.9017564e+06
   1.9018176e+06
   1.9018883e+06
   1.9019672e+06
   1.9020276e+06
   1.9021016e+06
   1.9021705e+06
   1.9022291e+06
   1.9023161e+06
   1.9023775e+06
   1.9024347e+06
   1.9025069e+06
   1.9025761e+06
   1.9026435e+06
   1.9027091e+06
   1.9027721e+06
   1.9028566e+06
   1.9029402e+06
   1.9030074e+06
   1.9030789e+06
   1.9031559e+06
   1.9032234e+06
   1.9032847e+06
   1.9033460e+06
   1.9034076e+06
   1.9034709e+06
   1.9035479e+06
   1.9036048e+06
   1.9036981e+06
   1.9037715e+06
   1.9038453e+06
   1.9039228e+06
   1.9039833e+06
   1.9040587e+06
   1.9041257e+06
   1.9041727e+06
   1.9042783e+06
   1.9043380e+06
   1.9043920e+06
   1.9044647e+06
   1.9045279e+06
   1.9045921e+06
   1.9046678e+06
   1.9047358e+06
   1.9047929e+06
   1.9048573e+06
   1.9049247e+06
   1.9049816e+06
   1.9050569e+06
   1.9051464e+06
   1.9052350e+06
   1.9052988e+06
   1.9053668e+06
   1.9054737e+06
   1.9055369e+06
   1.9056015e+06
   1.9056548e+06
   1.9057111e+06
   1.9057814e+06
   1.9058491e+06
   1.9059062e+06
   1.9059805e+06
   1.9060429e+06
   1.9061191e+06
   1.9061971e+06
   1.9062669e+06
   1.9063396e+06
   1.9064107e+06
   1.9064770e+06
   1.9065475e+06
   1.9066097e+06
   1.9066906e+06
   1.9067620e+06
   1.9068456e+06
   1.9069150e+06
   1.9069832e+06
   1.9071384e+06
   1.9072053e+06
   1.9072795e+06
   1.9073716e+06
   1.9074827e+06
   1.9075605e+06
   1.9076300e+06
   1.9077054e+06
   1.9077840e+06
   1.9078509e+06
   1.9079279e+06
   1.9080001e+06
   1.9080721e+06
   1.9081439e+06
   1.9082260e+06
   1.9083082e+06
   1.9083809e+06
   1.9084780e+06
   1.9085542e+06
   1.9086388e+06
   1.9087083e+06
   1.9087902e+06
   1.9088533e+06
   1.9089323e+06
   1.9089862e+06
   1.9090598e+06
   1.9091266e+06
   1.9092036e+06
   1.9092923e+06
   1.9093692e+06
   1.9094417e+06
   1.9095119e+06
   1.9095818e+06
   1.9096442e+06
   1.9097283e+06
   1.9097922e+06
   1.9098815e+06
   1.9099627e+06
   1.9100544e+06
   1.9101199e+06
   1.9101981e+06
   1.9102516e+06
   1.9103290e+06
   1.9103414e+06
   1.9103864e+06
   1.9104030e+06
   1.9104030e+06
   1.9104547e+06
   1.9104769e+06
   1.9104792e+06
   1.9105374e+06
   1.9105542e+06
   1.9105614e+06
   1.9106401e+06
   1.9106411e+06
   1.9106501e+06
   1.9107049e+06
   1.9107185e+06
   1.9107365e+06
   1.9107647e+06
   1.9107988e+06
   1.9108134e+06
   1.9108411e+06
   1.9108769e+06
   1.9108947e+06
   1.9109101e+06
   1.9109393e+06
   1.9109666e+06
   1.9109922e+06
   1.9110084e+06
   1.9110338e+06
   1.9110725e+06
   1.9110776e+06
   1.9111089e+06
   1.9111502e+06
   1.9111569e+06
   1.9112171e+06
   1.9112176e+06
   1.9112353e+06
   1.9112834e+06
   1.9112974e+06
   1.9113252e+06
   1.9113602e+06
   1.9113798e+06
   1.9114275e+06
   1.9114466e+06
   1.9114822e+06
   1.9114980e+06
   1.9115135e+06
   1.9115650e+06
   1.9115681e+06
   1.9115891e+06
   1.9116234e+06
   1.9116397e+06
   1.9116609e+06
   1.9116946e+06
   1.9117191e+06
   1.9117545e+06
   1.9117741e+06
   1.9117896e+06
   1.9118075e+06
   1.9118507e+06
   1.9118547e+06
   1.9118697e+06
   1.9119250e+06
   1.9119400e+06
   1.9119533e+06
   1.9120058e+06
   1.9120188e+06
   1.9120295e+06
   1.9120798e+06
   1.9120897e+06
   1.9120964e+06
   1.9121424e+06
   1.9121604e+06
   1.9121658e+06
   1.9122279e+06
   1.9122354e+06
   1.9122543e+06
   1.9123050e+06
   1.9123159e+06
   1.9123252e+06
   1.9123687e+06
   1.9124038e+06
   1.9124129e+06
   1.9124578e+06
   1.9124826e+06
   1.9124839e+06
   1.9125261e+06
   1.9125411e+06
   1.9125582e+06
   1.9126098e+06
   1.9126178e+06
   1.9126456e+06
   1.9126725e+06
   1.9126862e+06
   1.9127327e+06
   1.9127369e+06
   1.9127458e+06
   1.9128117e+06
   1.9128138e+06
   1.9128187e+06
   1.9128803e+06
   1.9128840e+06
   1.9128862e+06
   1.9129455e+06
   1.9129509e+06
   1.9129801e+06
   1.9130118e+06
   1.9130119e+06
   1.9130608e+06
   1.9130714e+06
   1.9131008e+06
   1.9131328e+06
   1.9131358e+06
   1.9131671e+06
   1.9131973e+06
   1.9132084e+06
   1.9132211e+06
   1.9132591e+06
   1.9132857e+06
   1.9133121e+06
   1.9133336e+06
   1.9133530e+06
   1.9133884e+06
   1.9133959e+06
   1.9134311e+06
   1.9134575e+06
   1.9134629e+06
   1.9135210e+06
   1.9135359e+06
   1.9135426e+06
   1.9135946e+06
   1.9135999e+06
   1.9136309e+06
   1.9136749e+06
   1.9136779e+06
   1.9137210e+06
   1.9137323e+06
   1.9137530e+06
   1.9137856e+06
   1.9138159e+06
   1.9138408e+06
   1.9138425e+06
   1.9138909e+06
   1.9138982e+06
   1.9139275e+06
   1.9139631e+06
   1.9139729e+06
   1.9139967e+06
   1.9140950e+06
   1.9141219e+06
   1.9141226e+06
   1.9141582e+06
   1.9141885e+06
   1.9142159e+06
   1.9142207e+06
   1.9142659e+06
   1.9142879e+06
   1.9143023e+06
   1.9143370e+06
   1.9143445e+06
   1.9143922e+06
   1.9144209e+06
   1.9144231e+06
   1.9144483e+06
   1.9145180e+06
   1.9145324e+06
   1.9145371e+06
   1.9145903e+06
   1.9145986e+06
   1.9146046e+06
   1.9146680e+06
   1.9146978e+06
   1.9147005e+06
   1.9147537e+06
   1.9147642e+06
   1.9147722e+06
   1.9148184e+06
   1.9148384e+06
   1.9148492e+06
   1.9148936e+06
   1.9149053e+06
   1.9149127e+06
   1.9149701e+06
   1.9149785e+06
   1.9149913e+06
   1.9150536e+06
   1.9150652e+06
   1.9150689e+06
   1.9151110e+06
   1.9151275e+06
   1.9151506e+06
   1.9152047e+06
   1.9152211e+06
   1.9152499e+06
   1.9152918e+06
   1.9152985e+06
   1.9153249e+06
   1.9153818e+06
   1.9153833e+06
   1.9153884e+06
   1.9154554e+06
   1.9154691e+06
   1.9154750e+06
   1.9155385e+06
   1.9155488e+06
   1.9155583e+06
   1.9156082e+06
   1.9156159e+06
   1.9156338e+06
   1.9156741e+06
   1.9156829e+06
   1.9157050e+06
   1.9157465e+06
   1.9157798e+06
   1.9157820e+06
   1.9158341e+06
   1.9158593e+06
   1.9158703e+06
   1.9159159e+06
   1.9159383e+06
   1.9159444e+06
   1.9159805e+06
   1.9160045e+06
   1.9160249e+06
   1.9160681e+06
   1.9160840e+06
   1.9160923e+06
   1.9161479e+06
   1.9161549e+06
   1.9161585e+06
   1.9162101e+06
   1.9162219e+06
   1.9162304e+06
   1.9162871e+06
   1.9163014e+06
   1.9163037e+06
   1.9163765e+06
   1.9163808e+06
   1.9163885e+06
   1.9164501e+06
   1.9164539e+06
   1.9164698e+06
   1.9165233e+06
   1.9165323e+06
   1.9165572e+06
   1.9165872e+06
   1.9166039e+06
   1.9166331e+06
   1.9166647e+06
   1.9166756e+06
   1.9167116e+06
   1.9167409e+06
   1.9167717e+06
   1.9167818e+06
   1.9168018e+06
   1.9168726e+06
   1.9168765e+06
   1.9168813e+06
   1.9169494e+06
   1.9169527e+06
   1.9169564e+06
   1.9170164e+06
   1.9170278e+06
   1.9170410e+06
   1.9170983e+06
   1.9171006e+06
   1.9171176e+06
   1.9171693e+06
   1.9171821e+06
   1.9172266e+06
   1.9172477e+06
   1.9172690e+06
   1.9172996e+06
   1.9173341e+06
   1.9173494e+06
   1.9173797e+06
   1.9173955e+06
   1.9174305e+06
   1.9174514e+06
   1.9174774e+06
   1.9174947e+06
   1.9175253e+06
   1.9175492e+06
   1.9175860e+06
   1.9175914e+06
   1.9176165e+06
   1.9176597e+06
   1.9176788e+06
   1.9176965e+06
   1.9177478e+06
   1.9177615e+06
   1.9177753e+06
   1.9178228e+06
   1.9178369e+06
   1.9178457e+06
   1.9179031e+06
   1.9179150e+06
   1.9179239e+06
   1.9179795e+06
   1.9179942e+06
   1.9180036e+06
   1.9180378e+06
   1.9180746e+06
   1.9180809e+06
   1.9181037e+06
   1.9181556e+06
   1.9181629e+06
   1.9181934e+06
   1.9182294e+06
   1.9182368e+06
   1.9182712e+06
   1.9182996e+06
   1.9183165e+06
   1.9183447e+06
   1.9183625e+06
   1.9183848e+06
   1.9184086e+06
   1.9184610e+06
   1.9184627e+06
   1.9184802e+06
   1.9185422e+06
   1.9185438e+06
   1.9185520e+06
   1.9186104e+06
   1.9186119e+06
   1.9186363e+06
   1.9186790e+06
   1.9186915e+06
   1.9187031e+06
   1.9187372e+06
   1.9187570e+06
   1.9187777e+06
   1.9188092e+06
   1.9188303e+06
   1.9188572e+06
   1.9188685e+06
   1.9188944e+06
   1.9189230e+06
   1.9189350e+06
   1.9189810e+06
   1.9189950e+06
   1.9190403e+06
   1.9190490e+06
   1.9190672e+06
   1.9191159e+06
   1.9191231e+06
   1.9191337e+06
   1.9191891e+06
   1.9191922e+06
   1.9192061e+06
   1.9192627e+06
   1.9192645e+06
   1.9192851e+06
   1.9193283e+06
   1.9193363e+06
   1.9193544e+06
   1.9194045e+06
   1.9194140e+06
   1.9194454e+06
   1.9194959e+06
   1.9194984e+06
   1.9195331e+06
   1.9195715e+06
   1.9195779e+06
   1.9196111e+06
   1.9196525e+06
   1.9196624e+06
   1.9196913e+06
   1.9197375e+06
   1.9197510e+06
   1.9197699e+06
   1.9198099e+06
   1.9198442e+06
   1.9198548e+06
   1.9198839e+06
   1.9199169e+06
   1.9199447e+06
   1.9199570e+06
