   2.3208664e+02
   4.7333484e+02
   9.7273238e+02
   1.6613213e+03
   2.1820068e+03
   2.4233192e+03
   3.8293737e+03
   4.3767679e+03
   5.5868399e+03
   5.7817820e+03
   6.0014814e+03
   6.5722014e+03
   6.8832334e+03
   7.6261166e+03
   8.7745539e+03
   9.1434651e+03
   9.3553314e+03
   9.6973706e+03
   1.0275562e+04
   1.0875650e+04
   1.1344129e+04
   1.1841081e+04
   1.2572695e+04
   1.3356360e+04
   1.3679148e+04
   1.4565739e+04
   1.5662124e+04
   1.7111274e+04
   2.6793267e+04
   2.7489373e+04
   2.7859544e+04
   2.8560355e+04
   2.9091139e+04
   2.9419763e+04
   3.0158126e+04
   3.0400254e+04
   3.0894260e+04
   3.1353640e+04
   3.1627357e+04
   3.1892113e+04
   3.2402806e+04
   3.2854760e+04
   3.3274619e+04
   3.3939472e+04
   3.4532583e+04
   3.4857195e+04
   3.5412767e+04
   3.6152579e+04
   3.7002257e+04
   3.7313033e+04
   3.8235081e+04
   3.8630538e+04
   3.9472252e+04
   4.0237350e+04
   4.0470301e+04
   4.0687572e+04
   4.0870625e+04
   4.1144498e+04
   4.1314999e+04
   4.2177093e+04
   4.2362271e+04
   4.2652877e+04
   4.3566445e+04
   4.3842191e+04
   4.4112672e+04
   4.4365178e+04
   4.4724389e+04
   4.5039401e+04
   4.5552597e+04
   4.5840307e+04
   4.6695253e+04
   4.6964899e+04
   4.7597233e+04
   4.7781439e+04
   4.8001612e+04
   4.8265868e+04
   4.8462494e+04
   4.8641431e+04
   4.8801327e+04
   4.9107593e+04
   4.9427465e+04
   4.9636346e+04
   5.0041181e+04
   5.0208266e+04
   5.0560940e+04
   5.0788416e+04
   5.0999875e+04
   5.1322915e+04
   5.1793174e+04
   5.2010303e+04
   5.2190688e+04
   5.2357728e+04
   5.2686950e+04
   5.2848631e+04
   5.3021737e+04
   5.3232458e+04
   5.3397094e+04
   5.3903537e+04
   5.4377828e+04
   5.4637754e+04
   5.4962926e+04
   5.5268287e+04
   5.5478265e+04
   5.5694111e+04
   5.5901235e+04
   5.6109296e+04
   5.6368585e+04
   5.6522879e+04
   5.6705126e+04
   5.6840710e+04
   5.7532364e+04
   5.7824275e+04
   5.8048643e+04
   5.8663025e+04
   5.8870409e+04
   5.9327852e+04
   5.9479381e+04
   5.9630174e+04
   5.9944964e+04
   6.0221819e+04
   6.1091932e+04
   6.1444087e+04
   6.3018000e+04
   6.3402520e+04
   6.3782589e+04
   6.4241353e+04
   6.4521781e+04
   6.5040823e+04
   6.5328058e+04
   6.5736021e+04
   8.1939429e+04
   8.2339831e+04
   8.2723438e+04
   8.3126244e+04
   8.3469008e+04
   8.3653299e+04
   8.4759721e+04
   8.5297219e+04
   8.5755191e+04
   8.6186010e+04
   8.6516837e+04
   8.6930502e+04
   8.8351555e+04
   8.8993942e+04
   9.1724871e+04
   9.2236425e+04
   9.2597553e+04
   9.3048551e+04
   9.3551664e+04
   9.3832476e+04
   9.4566140e+04
   9.4916879e+04
   9.5549310e+04
   9.6607091e+04
   9.7003366e+04
   9.7571888e+04
   1.0039654e+05
   1.0061594e+05
   1.0080523e+05
   1.0098205e+05
   1.0118015e+05
   1.0134705e+05
   1.0149810e+05
   1.0188722e+05
   1.0206445e+05
   1.0227899e+05
   1.0254973e+05
   1.0268787e+05
   1.0288735e+05
   1.0304907e+05
   1.0350711e+05
   1.0365263e+05
   1.0382446e+05
   1.0409103e+05
   1.0427148e+05
   1.0443265e+05
   1.0474051e+05
   1.0498803e+05
   1.0529084e+05
   1.0545981e+05
   1.0559493e+05
   1.0574554e+05
   1.0588168e+05
   1.0623349e+05
   1.0639697e+05
   1.0653805e+05
   1.0675167e+05
   1.0688016e+05
   1.0773454e+05
   1.0902698e+05
   1.0933362e+05
   1.1011320e+05
   1.1041797e+05
   1.1668459e+05
   1.1692198e+05
   1.1728295e+05
   1.1748573e+05
   1.1771411e+05
   1.1788607e+05
   1.1805585e+05
   1.1824327e+05
   1.1838873e+05
   1.1855001e+05
   1.1881070e+05
   1.1894832e+05
   1.1925554e+05
   1.1954893e+05
   1.1976889e+05
   1.2059980e+05
   1.2130516e+05
   1.2235258e+05
   1.2249939e+05
   1.2315979e+05
   1.4213482e+05
   1.4242438e+05
   1.4307792e+05
   1.4334208e+05
   1.4536228e+05
   1.6080611e+05
   1.6152680e+05
   1.6635486e+05
   1.6673131e+05
   1.6742931e+05
   1.6774055e+05
   1.6812132e+05
   1.6841894e+05
   1.6879158e+05
   1.6914103e+05
   1.6931609e+05
   1.6967077e+05
   1.6985799e+05
   1.7039388e+05
   1.7055842e+05
   1.7086188e+05
   1.7107744e+05
   1.7124368e+05
   1.7155376e+05
   1.7252500e+05
   1.7279129e+05
   1.7311903e+05
   1.7336316e+05
   1.7356971e+05
   1.7423687e+05
   1.7491859e+05
   1.7519689e+05
   1.7566428e+05
   1.7636693e+05
   1.7667531e+05
   1.7712660e+05
   1.7736490e+05
   1.7817776e+05
   1.7868449e+05
   1.7901475e+05
   1.7941822e+05
   1.7980377e+05
   1.8038419e+05
   1.8105375e+05
   1.8240817e+05
   1.8267051e+05
   1.8341493e+05
   1.8386956e+05
   1.8492250e+05
   1.8530622e+05
   1.8630605e+05
   1.8666435e+05
   1.8844813e+05
   1.8897767e+05
   1.8920738e+05
   1.8976525e+05
   1.9052601e+05
   1.9081527e+05
   1.9195779e+05
   1.9260500e+05
   1.9723480e+05
   1.9780232e+05
   1.9846964e+05
   1.9873319e+05
   1.9908910e+05
   1.9948426e+05
   2.0061988e+05
   2.0120370e+05
   2.0142043e+05
   2.0198941e+05
   2.0250388e+05
   2.0301224e+05
   2.0329670e+05
   2.0373960e+05
   2.0443889e+05
   2.0496206e+05
   2.0521750e+05
   2.0560068e+05
   2.0620086e+05
   2.0702365e+05
   2.0744610e+05
   2.0787460e+05
   2.0830814e+05
   2.0873176e+05
   2.0921516e+05
   2.0992660e+05
   2.1011521e+05
   2.2017556e+05
   2.2033022e+05
   2.2050360e+05
   2.2076898e+05
   2.2098522e+05
   2.2117926e+05
   2.2135466e+05
   2.2153307e+05
   2.2168269e+05
   2.2187089e+05
   2.2204330e+05
   2.2218047e+05
   2.2234024e+05
   2.2249630e+05
   2.2269077e+05
   2.2299855e+05
   2.2315740e+05
   2.2336384e+05
   2.2358121e+05
   2.2381198e+05
   2.2398736e+05
   2.2417332e+05
   2.2438252e+05
   2.2456525e+05
   2.2473912e+05
   2.2501597e+05
   2.2512761e+05
   2.2529053e+05
   2.2540437e+05
   2.2570856e+05
   2.2588002e+05
   2.2601942e+05
   2.2620975e+05
   2.2640668e+05
   2.2656498e+05
   2.2669534e+05
   2.2686816e+05
   2.2727307e+05
   2.2757049e+05
   2.2789335e+05
   2.2815108e+05
   2.2832083e+05
   2.2858280e+05
   2.2883339e+05
   2.2896023e+05
   2.2926574e+05
   2.2958726e+05
   2.2985533e+05
   2.2999501e+05
   2.3029954e+05
   2.3055916e+05
   2.3077022e+05
   2.3098726e+05
   2.3116495e+05
   2.3129734e+05
   2.3158116e+05
   2.3179705e+05
   2.3197455e+05
   2.3230376e+05
   2.3254757e+05
   2.3273965e+05
   2.3294205e+05
   2.3314185e+05
   2.3332704e+05
   2.3366788e+05
   2.3390827e+05
   2.3435810e+05
   2.3450753e+05
   2.3462221e+05
   2.3488454e+05
   2.3506881e+05
   2.3534593e+05
   2.3548098e+05
   2.3567549e+05
   2.3580230e+05
   2.3599618e+05
   2.3620409e+05
   2.3645313e+05
   2.3677864e+05
   2.3693248e+05
   2.3728709e+05
   2.3743367e+05
   2.3761327e+05
   2.3778768e+05
   2.3800345e+05
   2.3824118e+05
   2.3847768e+05
   2.3863165e+05
   2.3881790e+05
   2.3898472e+05
   2.3915733e+05
   2.3934130e+05
   2.3948978e+05
   2.3979455e+05
   2.3997135e+05
   2.4055362e+05
   2.4213771e+05
   2.4351703e+05
   2.4398889e+05
   2.4526465e+05
   2.4599294e+05
   2.4858600e+05
   2.4994957e+05
   2.5081518e+05
   2.5171252e+05
   2.5197271e+05
   2.5235846e+05
   2.5330439e+05
   2.5423951e+05
   2.5470639e+05
   2.5505023e+05
   2.5760275e+05
   2.5993690e+05
   2.6051177e+05
   2.6083957e+05
   2.6123577e+05
   2.6172375e+05
   2.6361524e+05
   2.6450407e+05
   2.6491418e+05
   2.6644298e+05
   2.6677435e+05
   2.6727415e+05
   2.6773890e+05
   2.7643332e+05
   2.8020723e+05
   2.8037135e+05
   2.8053985e+05
   2.8088140e+05
   2.8105469e+05
   2.8124382e+05
   2.8150980e+05
   2.8167118e+05
   2.8194192e+05
   2.8211741e+05
   2.8378492e+05
   2.8415960e+05
   2.8443683e+05
   2.8466023e+05
   2.8506032e+05
   2.8520606e+05
   2.8551808e+05
   2.8576771e+05
   2.8605286e+05
   2.8667584e+05
   2.8695210e+05
   2.8868641e+05
   2.8902030e+05
   2.9003297e+05
   2.9042055e+05
   2.9081495e+05
   2.9177164e+05
   2.9214554e+05
   2.9236284e+05
   2.9266851e+05
   2.9366651e+05
   2.9434391e+05
   2.9456344e+05
   2.9472966e+05
   2.9488822e+05
   2.9505548e+05
   2.9518789e+05
   2.9536972e+05
   2.9554471e+05
   2.9569971e+05
   2.9581684e+05
   2.9603348e+05
   2.9627293e+05
   2.9647417e+05
   2.9673110e+05
   2.9694128e+05
   2.9715464e+05
   2.9732127e+05
   2.9745607e+05
   2.9774379e+05
   2.9787162e+05
   2.9799385e+05
   2.9816456e+05
   2.9831036e+05
   2.9845476e+05
   2.9863843e+05
   2.9876150e+05
   2.9898960e+05
   2.9918961e+05
   2.9936882e+05
   2.9953848e+05
   2.9974626e+05
   2.9995972e+05
   3.0029824e+05
   3.0092621e+05
   3.0139252e+05
   3.2725748e+05
   3.2801990e+05
   3.2833266e+05
   3.2903617e+05
   3.2933904e+05
   3.2957013e+05
   3.3190770e+05
   3.3328466e+05
   3.3383303e+05
   3.3814373e+05
   3.4024197e+05
   3.4052040e+05
   3.4070015e+05
   3.4087612e+05
   3.4106400e+05
   3.4130383e+05
   3.4151153e+05
   3.4172034e+05
   3.4188642e+05
   3.4215155e+05
   3.4227502e+05
   3.4248161e+05
   3.4265118e+05
   3.4332910e+05
   3.4363542e+05
   3.4380227e+05
   3.4415774e+05
   3.4432277e+05
   3.4451102e+05
   3.4488219e+05
   3.4512167e+05
   3.4530828e+05
   3.4553757e+05
   3.4572363e+05
   3.4588021e+05
   3.4622213e+05
   3.4637608e+05
   3.4685589e+05
   3.4723499e+05
   3.4767514e+05
   3.4807286e+05
   3.4831584e+05
   3.4874870e+05
   3.4900335e+05
   3.4923556e+05
   3.5038684e+05
   3.5066968e+05
   3.5092565e+05
   3.5134650e+05
   3.5183816e+05
   3.5230061e+05
   3.5254512e+05
   3.5284576e+05
   3.5343616e+05
   3.5385658e+05
   3.5439493e+05
   3.5478310e+05
   3.5500812e+05
   3.5519119e+05
   3.5543748e+05
   3.5571780e+05
   3.5630776e+05
   3.5660689e+05
   3.5700234e+05
   3.5739254e+05
   3.5799175e+05
   3.5822600e+05
   3.5850691e+05
   3.5882904e+05
   3.5909848e+05
   3.5928083e+05
   3.5951619e+05
   3.5974446e+05
   3.5995518e+05
   3.6030659e+05
   3.6063083e+05
   3.6121621e+05
   3.6174622e+05
   3.6205938e+05
   3.6239112e+05
   3.6281989e+05
   3.6330966e+05
   3.6415825e+05
   3.6562447e+05
   3.6609773e+05
   3.6705482e+05
   3.6736042e+05
   3.6770861e+05
   3.6817195e+05
   3.6847376e+05
   3.6947222e+05
   3.6995761e+05
   3.7320882e+05
   3.7561934e+05
   3.7647679e+05
   3.7793884e+05
   3.7867836e+05
   3.7931965e+05
   3.7962136e+05
   3.7985239e+05
   3.8020745e+05
   3.8065677e+05
   3.8928076e+05
   3.8986701e+05
   3.9015444e+05
   3.9230011e+05
   3.9313273e+05
   3.9384800e+05
   3.9421111e+05
   3.9461533e+05
   3.9531594e+05
   3.9775030e+05
   3.9916039e+05
   4.0016981e+05
   4.0047349e+05
   4.0065630e+05
   4.0100805e+05
   4.0131306e+05
   4.0470455e+05
   4.0497716e+05
   4.0516681e+05
   4.0561252e+05
   4.0624732e+05
   4.0649298e+05
   4.0675229e+05
   4.0690806e+05
   4.0735093e+05
   4.0758870e+05
   4.0785672e+05
   4.0814171e+05
   4.0829201e+05
   4.0848239e+05
   4.0870672e+05
   4.0886688e+05
   4.0928064e+05
   4.0950920e+05
   4.0975725e+05
   4.1002565e+05
   4.1021797e+05
   4.1046277e+05
   4.1063023e+05
   4.1082515e+05
   4.1103950e+05
   4.1127228e+05
   4.1145700e+05
   4.1181727e+05
   4.1201420e+05
   4.1224351e+05
   4.1250543e+05
   4.1272314e+05
   4.1292842e+05
   4.1312585e+05
   4.1326507e+05
   4.1351024e+05
   4.1377099e+05
   4.1398101e+05
   4.1472591e+05
   4.1496879e+05
   4.1527321e+05
   4.1549754e+05
   4.1573997e+05
   4.1617087e+05
   4.1649626e+05
   4.1674241e+05
   4.1705325e+05
   4.1729796e+05
   4.1767711e+05
   4.1790748e+05
   4.1827638e+05
   4.1894465e+05
   4.1909474e+05
   4.1969783e+05
   4.1994843e+05
   4.2174537e+05
   4.2212432e+05
   4.2229595e+05
   4.2278537e+05
   4.3001043e+05
   4.3025623e+05
   4.3070260e+05
   4.3397413e+05
   4.3432541e+05
   4.3682542e+05
   4.3732105e+05
   4.3763434e+05
   4.3870330e+05
   4.3923433e+05
   4.3950085e+05
   4.4078374e+05
   4.4238953e+05
   4.4297398e+05
   4.4365025e+05
   4.4403805e+05
   4.4437327e+05
   4.4574137e+05
   4.4604066e+05
   4.4809989e+05
   4.4865914e+05
   4.5004520e+05
   4.5051004e+05
   4.5148809e+05
   4.5522779e+05
   4.5551005e+05
   4.5767355e+05
   4.5869698e+05
   4.5905160e+05
   4.5976530e+05
   4.5999632e+05
   4.6030042e+05
   4.6127361e+05
   4.6203998e+05
   4.6223571e+05
   4.6268407e+05
   4.6373413e+05
   4.6416263e+05
   4.6479237e+05
   4.6539753e+05
   4.6566310e+05
   4.6617937e+05
   4.7044649e+05
   4.7072271e+05
   4.7099228e+05
   4.7129009e+05
   4.7185286e+05
   4.7206067e+05
   4.7240613e+05
   4.7269186e+05
   4.7296882e+05
   4.7329913e+05
   4.7356384e+05
   4.7449686e+05
   4.7484810e+05
   4.7514153e+05
   4.7606144e+05
   4.7698410e+05
   4.7723784e+05
   4.7762276e+05
   4.7891613e+05
   4.7934605e+05
   4.7971424e+05
   4.8297803e+05
   4.8345509e+05
   4.8421178e+05
   4.8559436e+05
   4.8637144e+05
   4.8672387e+05
   4.8698982e+05
   4.8733489e+05
   4.8899707e+05
   4.9007631e+05
   4.9082456e+05
   4.9111088e+05
   4.9160682e+05
   4.9194988e+05
   4.9231674e+05
   4.9298128e+05
   4.9411725e+05
   5.2013079e+05
   5.2031766e+05
   5.2048607e+05
   5.2075214e+05
   5.2088801e+05
   5.2102480e+05
   5.2114556e+05
   5.2137864e+05
   5.2162876e+05
   5.2176483e+05
   5.2198681e+05
   5.2212177e+05
   5.2226794e+05
   5.2244525e+05
   5.2267572e+05
   5.2280861e+05
   5.2294477e+05
   5.2307861e+05
   5.2320896e+05
   5.2334093e+05
   5.2344683e+05
   5.2361642e+05
   5.2375806e+05
   5.2390943e+05
   5.2417394e+05
   5.2433448e+05
   5.2449338e+05
   5.2465143e+05
   5.2477373e+05
   5.2488920e+05
   5.2505231e+05
   5.2520646e+05
   5.2532040e+05
   5.2546148e+05
   5.2562545e+05
   5.2574565e+05
   5.2589117e+05
   5.2607008e+05
   5.2626923e+05
   5.2652130e+05
   5.2663569e+05
   5.2678984e+05
   5.2697294e+05
   5.2754286e+05
   5.3905394e+05
   5.3933629e+05
   5.3957714e+05
   5.3991008e+05
   5.4197004e+05
   5.4249391e+05
   5.4340139e+05
   5.4372070e+05
   5.4393282e+05
   5.4446399e+05
   5.4487530e+05
   5.4686259e+05
   5.4710203e+05
   5.4805284e+05
   5.4914359e+05
   5.4988872e+05
   5.5014144e+05
   5.5037298e+05
   5.5106405e+05
   5.5144174e+05
   5.5178762e+05
   5.5243963e+05
   5.5602498e+05
   5.5633633e+05
   5.5663101e+05
   5.5740826e+05
   5.5821099e+05
   5.5932874e+05
   5.6025156e+05
   5.6049456e+05
   5.6099433e+05
   5.6168841e+05
   5.6220665e+05
   5.6253259e+05
   5.6289974e+05
   5.6458680e+05
   5.6482542e+05
   5.6520409e+05
   5.6613401e+05
   5.6676591e+05
   5.6755790e+05
   5.6789433e+05
   5.6829983e+05
   5.6864629e+05
   5.6923926e+05
   5.6962808e+05
   5.7034066e+05
   5.7066240e+05
   5.7730571e+05
   5.7898053e+05
   5.7978707e+05
   5.8018977e+05
   5.8053701e+05
   5.8083618e+05
   5.8111692e+05
   5.8150964e+05
   5.8171847e+05
   5.8191987e+05
   5.8206289e+05
   5.8238972e+05
   5.8259803e+05
   5.8286202e+05
   5.8307155e+05
   5.8337869e+05
   5.8372970e+05
   5.8389862e+05
   5.8417970e+05
   5.8444483e+05
   5.8468361e+05
   5.8499411e+05
   5.8544305e+05
   5.8563766e+05
   5.8581063e+05
   5.8608027e+05
   5.8632320e+05
   5.8656718e+05
   5.8679313e+05
   5.8724576e+05
   5.8783103e+05
   5.8850676e+05
   5.8903413e+05
   5.9023835e+05
   5.9052996e+05
   5.9071864e+05
   5.9096675e+05
   5.9273650e+05
   5.9305497e+05
   5.9335821e+05
   5.9439580e+05
   5.9469683e+05
   5.9491653e+05
   5.9528992e+05
   5.9575397e+05
   5.9626000e+05
   5.9682613e+05
   5.9710161e+05
   5.9733946e+05
   5.9754404e+05
   5.9787217e+05
   5.9807629e+05
   5.9825389e+05
   5.9870702e+05
   5.9890507e+05
   5.9937329e+05
   5.9960989e+05
   5.9997776e+05
   6.0042157e+05
   6.0063922e+05
   6.0094175e+05
   6.0128572e+05
   6.0226606e+05
   6.0276282e+05
   6.0428211e+05
   6.0456651e+05
   6.0609206e+05
   6.1199946e+05
   6.1314801e+05
   6.1360189e+05
   6.1419458e+05
   6.1470787e+05
   6.1523828e+05
   6.1584703e+05
   6.1843810e+05
   6.1880132e+05
   6.1923267e+05
   6.1974559e+05
   6.2028754e+05
   6.2065448e+05
   6.2111441e+05
   6.2141343e+05
   6.2191593e+05
   6.2224619e+05
   6.2342872e+05
   6.2372253e+05
   6.2407844e+05
   6.2445144e+05
   6.2608368e+05
   6.2650143e+05
   7.2037557e+05
   7.2059256e+05
   7.2080761e+05
   7.2120079e+05
   7.2142361e+05
   7.2162143e+05
   7.2247066e+05
   7.2279625e+05
   7.2313005e+05
   7.2351742e+05
   7.2488477e+05
   7.2631375e+05
   7.2661574e+05
   7.2678268e+05
   7.2728733e+05
   7.2776712e+05
   7.2964310e+05
   7.3061791e+05
   7.3088844e+05
   7.3213618e+05
   7.3512914e+05
   7.3546359e+05
   7.3641229e+05
   7.3660900e+05
   7.3735915e+05
   7.3761771e+05
   7.3857402e+05
   7.3904677e+05
   7.3941910e+05
   7.3962777e+05
   7.4018252e+05
   7.4086942e+05
   7.4144609e+05
   7.4217070e+05
   7.4263717e+05
   7.4367580e+05
   7.4433173e+05
   7.4444084e+05
   7.4472141e+05
   7.4544738e+05
   7.4571866e+05
   7.4636344e+05
   7.4688854e+05
   7.4712045e+05
   7.4778288e+05
   7.4831611e+05
   7.5501243e+05
   7.5591353e+05
   7.5623282e+05
   7.5670113e+05
   7.5703992e+05
   7.5762824e+05
   7.5791076e+05
   7.5830640e+05
   7.5865175e+05
   7.5890583e+05
   7.5919055e+05
   7.5952503e+05
   7.5993761e+05
   7.6031535e+05
   7.6056753e+05
   7.6071956e+05
   7.6086977e+05
   7.6115755e+05
   7.6127265e+05
   7.6139878e+05
   7.6167720e+05
   7.6182340e+05
   7.6198038e+05
   7.6231094e+05
   7.6244137e+05
   7.6263726e+05
   7.6291427e+05
   7.6317957e+05
   7.6343154e+05
   7.6360034e+05
   7.6374941e+05
   7.6392761e+05
   7.6409403e+05
   7.6424615e+05
   7.6443787e+05
   7.6458863e+05
   7.6492237e+05
   7.6514123e+05
   7.6536642e+05
   7.6551368e+05
   7.6573021e+05
   7.6598070e+05
   7.6629896e+05
   7.6645685e+05
   7.6663378e+05
   7.6681125e+05
   7.6733684e+05
   7.6820047e+05
   7.6843853e+05
   7.6877314e+05
   7.6921452e+05
   7.6942757e+05
   7.6961688e+05
   7.7035442e+05
   7.7056974e+05
   7.7076602e+05
   7.7103366e+05
   7.7205460e+05
   7.7238179e+05
   7.7321885e+05
   7.7347763e+05
   7.7377320e+05
   7.7451555e+05
   7.7482865e+05
   7.7506215e+05
   7.7531719e+05
   7.7547181e+05
   7.7563902e+05
   7.7581979e+05
   7.7604735e+05
   7.7617335e+05
   7.7634254e+05
   7.7667916e+05
   7.7704676e+05
   7.7739042e+05
   7.7761978e+05
   7.7786944e+05
   7.7807614e+05
   7.7840085e+05
   7.7858719e+05
   7.7880308e+05
   7.7929493e+05
   7.7995862e+05
   7.8044401e+05
   7.8092108e+05
   7.8114023e+05
   7.8143729e+05
   7.8572662e+05
   7.8608619e+05
   7.8632343e+05
   7.8916328e+05
   7.8974772e+05
   7.9016127e+05
   7.9081222e+05
   7.9128375e+05
   7.9251997e+05
   7.9271290e+05
   8.0105880e+05
   8.0133067e+05
   8.0316975e+05
   8.0369091e+05
   8.0402998e+05
   8.0445072e+05
   8.0486192e+05
   8.0543459e+05
   8.0597578e+05
   8.0624462e+05
   8.0677569e+05
   8.1100624e+05
   8.1748611e+05
   8.1826067e+05
   8.2012909e+05
   8.2044886e+05
   8.2060296e+05
   8.2076158e+05
   8.2097417e+05
   8.2113588e+05
   8.2138980e+05
   8.2153935e+05
   8.2192033e+05
   8.2240523e+05
   8.2257798e+05
   8.2270971e+05
   8.2291818e+05
   8.2337315e+05
   8.2355388e+05
   8.2411233e+05
   8.2424563e+05
   8.2439185e+05
   8.2467498e+05
   8.2476960e+05
   8.2499862e+05
   8.2515404e+05
   8.2529749e+05
   8.2556143e+05
   8.2566437e+05
   8.2581300e+05
   8.2594859e+05
   8.2608712e+05
   8.2629844e+05
   8.2647262e+05
   8.2685187e+05
   8.2725350e+05
   8.2748585e+05
   8.2764422e+05
   8.2776627e+05
   8.2800448e+05
   8.2813936e+05
   8.2837494e+05
   8.2867330e+05
   8.3028750e+05
   8.3074339e+05
   8.3095664e+05
   8.3113654e+05
   8.3126764e+05
   8.3139317e+05
   8.3164236e+05
   8.3180824e+05
   8.3262226e+05
   8.3274416e+05
   8.3287797e+05
   8.3308045e+05
   8.3334068e+05
   8.3361720e+05
   8.3383766e+05
   8.3450630e+05
   8.3466297e+05
   8.3491654e+05
   8.3513728e+05
   8.3536982e+05
   8.3559003e+05
   8.3580970e+05
   8.3601163e+05
   8.3627892e+05
   8.3655136e+05
   8.3686070e+05
   8.3718053e+05
   8.3732169e+05
   8.3750703e+05
   8.3775998e+05
   8.3791026e+05
   8.3811657e+05
   8.3829018e+05
   8.3852621e+05
   8.3908194e+05
   8.3925929e+05
   8.3954882e+05
   8.4036941e+05
   8.4096321e+05
   8.4152363e+05
   8.4237362e+05
   8.4271945e+05
   8.4312469e+05
   8.4452665e+05
   8.5186080e+05
   8.5298826e+05
   8.5737709e+05
   8.6265270e+05
   8.6294516e+05
   8.6339098e+05
   8.6369235e+05
   8.6668864e+05
   8.6696925e+05
   8.6753238e+05
   8.6975889e+05
   8.6993098e+05
   8.7052044e+05
   8.7088039e+05
   8.7127703e+05
   8.7154916e+05
   8.7188281e+05
   8.7210061e+05
   8.7295090e+05
   8.7321118e+05
   8.7360419e+05
   8.7447982e+05
   8.7512339e+05
   8.7537884e+05
   8.7576615e+05
   8.7629052e+05
   8.7650088e+05
   8.7669998e+05
   8.7691205e+05
   8.7717069e+05
   8.7754121e+05
   8.7826701e+05
   8.7891373e+05
   8.7927090e+05
   8.7952939e+05
   8.8013167e+05
   8.8030868e+05
   8.8045712e+05
   8.8059452e+05
   8.8071477e+05
   8.8090880e+05
   8.8103626e+05
   8.8123904e+05
   8.8133946e+05
   8.8171195e+05
   8.8183463e+05
   8.8196528e+05
   8.8208847e+05
   8.8234551e+05
   8.8252047e+05
   8.8266279e+05
   8.8282974e+05
   8.8292293e+05
   8.8323109e+05
   8.8340132e+05
   8.8579285e+05
   8.8591950e+05
   8.8603625e+05
   8.8619185e+05
   8.8681673e+05
   8.8731909e+05
   8.8756249e+05
   8.8773170e+05
   8.8790413e+05
   8.8806274e+05
   8.8835561e+05
   8.8854800e+05
   8.8870847e+05
   8.8886057e+05
   8.8904908e+05
   8.8926167e+05
   8.8939961e+05
   8.8952411e+05
   8.8985610e+05
   8.9006550e+05
   8.9022821e+05
   8.9057591e+05
   8.9074021e+05
   8.9094666e+05
   8.9113093e+05
   8.9127558e+05
   8.9156901e+05
   8.9168175e+05
   8.9185788e+05
   8.9199085e+05
   8.9209983e+05
   8.9225560e+05
   8.9240929e+05
   8.9266667e+05
   8.9277873e+05
   8.9293945e+05
   8.9309252e+05
   8.9330143e+05
   8.9362041e+05
   8.9375227e+05
   8.9389455e+05
   8.9442042e+05
   8.9469855e+05
   8.9525708e+05
   8.9545997e+05
   8.9566815e+05
   8.9585159e+05
   8.9621075e+05
   8.9655239e+05
   8.9664177e+05
   8.9696568e+05
   8.9711451e+05
   8.9731057e+05
   8.9767079e+05
   8.9789451e+05
   8.9824106e+05
   8.9877635e+05
   8.9890998e+05
   8.9904112e+05
   8.9924493e+05
   8.9947223e+05
   8.9965589e+05
   8.9986496e+05
   9.0035713e+05
   9.0053867e+05
   9.0073544e+05
   9.0202858e+05
   9.0231887e+05
   9.0300893e+05
   9.0336790e+05
   9.0391842e+05
   9.0454281e+05
   9.0488083e+05
   9.0521708e+05
   9.1662944e+05
   9.1716741e+05
   9.1736556e+05
   9.1779010e+05
   9.1818939e+05
   9.1858698e+05
   9.2388659e+05
   9.2441204e+05
   9.2488072e+05
   9.2515663e+05
   9.2550809e+05
   9.2592664e+05
   9.2621969e+05
   9.2649600e+05
   9.2693570e+05
   9.2726492e+05
   9.3004423e+05
   9.3060907e+05
   9.3104904e+05
   9.3138999e+05
   9.3170208e+05
   9.3237286e+05
   9.3263677e+05
   9.3301434e+05
   9.3329875e+05
   9.3432271e+05
   9.3458321e+05
   9.3599520e+05
   9.3630621e+05
   9.3744522e+05
   9.3780203e+05
   9.3863293e+05
   9.4016126e+05
   9.4032868e+05
   9.4044103e+05
   9.4064435e+05
   9.4078786e+05
   9.4101112e+05
   9.4112139e+05
   9.4127731e+05
   9.4140113e+05
   9.4154155e+05
   9.4168713e+05
   9.4184350e+05
   9.4202612e+05
   9.4213750e+05
   9.4247745e+05
   9.4262938e+05
   9.4273866e+05
   9.4304180e+05
   9.4318053e+05
   9.4329186e+05
   9.4345400e+05
   9.4353610e+05
   9.4370035e+05
   9.4379823e+05
   9.4397024e+05
   9.4415322e+05
   9.4433164e+05
   9.4461963e+05
   9.4494529e+05
   9.4508484e+05
   9.4525886e+05
   9.4546995e+05
   9.4571128e+05
   9.4584326e+05
   9.4600272e+05
   9.4613606e+05
   9.4628950e+05
   9.4642352e+05
   9.4652056e+05
   9.4670217e+05
   9.4685779e+05
   9.4695666e+05
   9.4764494e+05
   9.4789746e+05
   9.4806481e+05
   9.4842580e+05
   9.4865182e+05
   9.4882768e+05
   9.4899655e+05
   9.4916129e+05
   9.4933509e+05
   9.4955806e+05
   9.4971040e+05
   9.4990202e+05
   9.5007011e+05
   9.5026647e+05
   9.5037359e+05
   9.5050409e+05
   9.5064250e+05
   9.5079429e+05
   9.5099014e+05
   9.5110522e+05
   9.5130117e+05
   9.5145064e+05
   9.5156392e+05
   9.5172582e+05
   9.5184248e+05
   9.5273401e+05
   9.5298116e+05
   9.5313783e+05
   9.5342131e+05
   9.5358871e+05
   9.5377933e+05
   9.5395474e+05
   9.5422735e+05
   9.5437772e+05
   9.5449988e+05
   9.5479363e+05
   9.5491622e+05
   9.5505330e+05
   9.5530847e+05
   9.5543103e+05
   9.5562971e+05
   9.5580365e+05
   9.5590794e+05
   9.5604523e+05
   9.5627923e+05
   9.5644529e+05
   9.5663526e+05
   9.5681637e+05
   9.5694474e+05
   9.5705265e+05
   9.5720737e+05
   9.5743309e+05
   9.5767906e+05
   9.5782023e+05
   9.5797310e+05
   9.5819677e+05
   9.5833075e+05
   9.5847287e+05
   9.5863868e+05
   9.5879199e+05
   9.5902894e+05
   9.5914701e+05
   9.5943479e+05
   9.5963611e+05
   9.5980968e+05
   9.5994012e+05
   9.6065936e+05
   9.6103588e+05
   9.6122848e+05
   9.6178104e+05
   9.6361198e+05
   9.6381351e+05
   9.6399228e+05
   9.6446564e+05
   9.6464909e+05
   9.6501345e+05
   9.6544827e+05
   9.6593333e+05
   9.6834075e+05
   9.6874424e+05
   9.6999101e+05
   9.7024297e+05
   9.7047029e+05
   9.7173962e+05
   9.7291585e+05
   9.7306203e+05
   9.7328325e+05
   9.7350099e+05
   9.7368676e+05
   9.7389827e+05
   9.7462796e+05
   9.7484036e+05
   9.7548057e+05
   9.7593034e+05
   9.7615335e+05
   9.7668856e+05
   9.7694409e+05
   9.7720821e+05
   9.7820143e+05
   9.7866686e+05
   9.7998547e+05
   9.8034038e+05
   1.0001757e+06
   1.0003306e+06
   1.0005443e+06
   1.0007472e+06
   1.0009234e+06
   1.0010403e+06
   1.0012686e+06
   1.0014095e+06
   1.0015496e+06
   1.0017625e+06
   1.0018986e+06
   1.0020160e+06
   1.0021428e+06
   1.0022867e+06
   1.0024688e+06
   1.0026665e+06
   1.0028364e+06
   1.0029610e+06
   1.0031723e+06
   1.0032788e+06
   1.0033964e+06
   1.0037628e+06
   1.0038618e+06
   1.0039968e+06
   1.0043561e+06
   1.0045198e+06
   1.0046529e+06
   1.0048241e+06
   1.0051081e+06
   1.0052653e+06
   1.0054913e+06
   1.0056433e+06
   1.0057687e+06
   1.0058913e+06
   1.0060834e+06
   1.0062345e+06
   1.0064551e+06
   1.0065832e+06
   1.0067440e+06
   1.0071603e+06
   1.0073608e+06
   1.0074529e+06
   1.0080082e+06
   1.0081601e+06
   1.0082878e+06
   1.0084963e+06
   1.0086409e+06
   1.0087594e+06
   1.0088719e+06
   1.0089866e+06
   1.0091565e+06
   1.0092723e+06
   1.0094405e+06
   1.0095914e+06
   1.0099717e+06
   1.0101643e+06
   1.0103161e+06
   1.0105143e+06
   1.0107251e+06
   1.0108544e+06
   1.0112097e+06
   1.0113989e+06
   1.0115249e+06
   1.0116786e+06
   1.0119409e+06
   1.0120695e+06
   1.0122873e+06
   1.0124748e+06
   1.0126107e+06
   1.0127456e+06
   1.0129075e+06
   1.0130284e+06
   1.0132342e+06
   1.0134014e+06
   1.0136166e+06
   1.0137388e+06
   1.0138957e+06
   1.0142355e+06
   1.0144013e+06
   1.0145143e+06
   1.0147587e+06
   1.0149307e+06
   1.0150538e+06
   1.0152084e+06
   1.0153474e+06
   1.0155519e+06
   1.0157578e+06
   1.0158924e+06
   1.0160135e+06
   1.0161729e+06
   1.0168957e+06
   1.0169967e+06
   1.0171333e+06
   1.0173227e+06
   1.0174740e+06
   1.0176188e+06
   1.0177325e+06
   1.0178690e+06
   1.0181210e+06
   1.0184217e+06
   1.0188548e+06
   1.0189921e+06
   1.0192306e+06
   1.0194496e+06
   1.0195588e+06
   1.0198581e+06
   1.0202385e+06
   1.0209437e+06
   1.0211319e+06
   1.0217639e+06
   1.0224408e+06
   1.0602241e+06
   1.0603764e+06
   1.0607356e+06
   1.0608794e+06
   1.0611288e+06
   1.0612304e+06
   1.0613769e+06
   1.0615179e+06
   1.0616759e+06
   1.0617720e+06
   1.0619287e+06
   1.0620297e+06
   1.0621543e+06
   1.0622539e+06
   1.0623329e+06
   1.0625045e+06
   1.0627418e+06
   1.0630833e+06
   1.0632235e+06
   1.0633623e+06
   1.0635816e+06
   1.0637467e+06
   1.0639283e+06
   1.0640377e+06
   1.0641569e+06
   1.0643357e+06
   1.0644411e+06
   1.0646289e+06
   1.0647401e+06
   1.0648754e+06
   1.0651492e+06
   1.0652823e+06
   1.0654218e+06
   1.0655609e+06
   1.0657340e+06
   1.0658690e+06
   1.0659984e+06
   1.0661571e+06
   1.0662737e+06
   1.0663918e+06
   1.0664994e+06
   1.0666825e+06
   1.0668501e+06
   1.0669438e+06
   1.0672067e+06
   1.0673437e+06
   1.0674601e+06
   1.0675948e+06
   1.0677241e+06
   1.0678689e+06
   1.0679783e+06
   1.0681861e+06
   1.0683113e+06
   1.0684828e+06
   1.0686416e+06
   1.0688094e+06
   1.0689365e+06
   1.0690870e+06
   1.0693421e+06
   1.0695109e+06
   1.0696807e+06
   1.0698470e+06
   1.0699519e+06
   1.0700576e+06
   1.0702219e+06
   1.0704267e+06
   1.0705989e+06
   1.0707002e+06
   1.0710212e+06
   1.0711409e+06
   1.0714458e+06
   1.0716104e+06
   1.0717777e+06
   1.0719546e+06
   1.0721397e+06
   1.0723388e+06
   1.0724450e+06
   1.0725577e+06
   1.0727188e+06
   1.0728488e+06
   1.0730824e+06
   1.0732599e+06
   1.0733655e+06
   1.0734945e+06
   1.0735896e+06
   1.0737271e+06
   1.0739373e+06
   1.0741900e+06
   1.0743397e+06
   1.0745031e+06
   1.0746980e+06
   1.0748565e+06
   1.0751609e+06
   1.0753493e+06
   1.0755342e+06
   1.0756896e+06
   1.0757942e+06
   1.0760029e+06
   1.0761346e+06
   1.0762593e+06
   1.0766616e+06
   1.0768526e+06
   1.0769886e+06
   1.0771698e+06
   1.0773218e+06
   1.0774442e+06
   1.0777151e+06
   1.0778666e+06
   1.0782550e+06
   1.0784210e+06
   1.0785486e+06
   1.0786700e+06
   1.0788476e+06
   1.0790623e+06
   1.0792047e+06
   1.0793597e+06
   1.0795867e+06
   1.0796676e+06
   1.0799097e+06
   1.0806209e+06
   1.0812490e+06
   1.1064771e+06
   1.1071552e+06
   1.1076809e+06
   1.1079219e+06
   1.1081674e+06
   1.1095027e+06
   1.1107732e+06
   1.1110559e+06
   1.1119036e+06
   1.1122822e+06
   1.1124694e+06
   1.1134303e+06
   1.1139925e+06
   1.1148144e+06
   1.1152777e+06
   1.1158771e+06
   1.1163691e+06
   1.1166744e+06
   1.1181922e+06
   1.1184346e+06
   1.1188756e+06
   1.1192768e+06
   1.1195050e+06
   1.1201543e+06
   1.1202602e+06
   1.1203911e+06
   1.1204852e+06
   1.1205911e+06
   1.1207230e+06
   1.1208239e+06
   1.1209525e+06
   1.1210568e+06
   1.1211866e+06
   1.1213118e+06
   1.1214923e+06
   1.1215855e+06
   1.1217163e+06
   1.1219063e+06
   1.1220383e+06
   1.1221519e+06
   1.1224644e+06
   1.1225578e+06
   1.1227208e+06
   1.1228554e+06
   1.1229951e+06
   1.1232080e+06
   1.1235504e+06
   1.1236983e+06
   1.1238912e+06
   1.1239847e+06
   1.1241242e+06
   1.1242171e+06
   1.1243685e+06
   1.1244615e+06
   1.1245575e+06
   1.1246949e+06
   1.1248325e+06
   1.1249943e+06
   1.1252058e+06
   1.1253623e+06
   1.1257099e+06
   1.1258682e+06
   1.1259958e+06
   1.1261337e+06
   1.1262318e+06
   1.1263669e+06
   1.1265109e+06
   1.1267261e+06
   1.1268727e+06
   1.1269956e+06
   1.1274056e+06
   1.1275070e+06
   1.1277066e+06
   1.1278126e+06
   1.1280947e+06
   1.1282040e+06
   1.1283263e+06
   1.1284035e+06
   1.1285594e+06
   1.1286689e+06
   1.1288501e+06
   1.1290692e+06
   1.1293051e+06
   1.1294142e+06
   1.1294982e+06
   1.1295889e+06
   1.1297775e+06
   1.1299133e+06
   1.1300445e+06
   1.1302867e+06
   1.1304796e+06
   1.1305653e+06
   1.1308479e+06
   1.1310251e+06
   1.1311452e+06
   1.1312908e+06
   1.1314242e+06
   1.1315540e+06
   1.1316631e+06
   1.1317782e+06
   1.1319074e+06
   1.1320305e+06
   1.1322866e+06
   1.1324026e+06
   1.1325764e+06
   1.1328003e+06
   1.1329233e+06
   1.1330258e+06
   1.1331451e+06
   1.1332845e+06
   1.1334011e+06
   1.1336492e+06
   1.1337457e+06
   1.1338652e+06
   1.1339689e+06
   1.1343492e+06
   1.1344771e+06
   1.1345861e+06
   1.1346960e+06
   1.1348100e+06
   1.1349516e+06
   1.1350957e+06
   1.1352131e+06
   1.1354396e+06
   1.1355466e+06
   1.1356472e+06
   1.1358155e+06
   1.1359606e+06
   1.1361542e+06
   1.1363094e+06
   1.1365061e+06
   1.1366778e+06
   1.1367782e+06
   1.1369243e+06
   1.1377780e+06
   1.1379246e+06
   1.1380390e+06
   1.1382152e+06
   1.1384261e+06
   1.1387840e+06
   1.1389398e+06
   1.1391199e+06
   1.1392403e+06
   1.1393939e+06
   1.1395019e+06
   1.1396627e+06
   1.1398283e+06
   1.1399470e+06
   1.1405236e+06
   1.1407292e+06
   1.1409388e+06
   1.1413478e+06
   1.1429496e+06
   1.1432346e+06
   1.1438253e+06
   1.1443397e+06
   1.1446590e+06
   1.1459655e+06
   1.1462913e+06
   1.1467921e+06
   1.1478047e+06
   1.1482779e+06
   1.1485414e+06
   1.1489997e+06
   1.1491369e+06
   1.1495566e+06
   1.1508161e+06
   1.1518110e+06
   1.1536287e+06
   1.1583914e+06
   1.1591511e+06
   1.1596082e+06
   1.1600498e+06
   1.1603403e+06
   1.1607500e+06
   1.1610951e+06
   1.1615433e+06
   1.1619512e+06
   1.1622470e+06
   1.1627778e+06
   1.1629471e+06
   1.1633310e+06
   1.1649417e+06
   1.1655908e+06
   1.1658375e+06
   1.1663758e+06
   1.1667768e+06
   1.1669785e+06
   1.1675026e+06
   1.1677287e+06
   1.1680230e+06
   1.1715804e+06
   1.1717839e+06
   1.1722342e+06
   1.1727123e+06
   1.1731415e+06
   1.1735748e+06
   1.1737867e+06
   1.1745397e+06
   1.1753381e+06
   1.1757378e+06
   1.1774732e+06
   1.1783311e+06
   1.1785952e+06
   1.1788514e+06
   1.1791756e+06
   1.1795766e+06
   1.1800948e+06
   1.1802340e+06
   1.1803990e+06
   1.1806069e+06
   1.1807016e+06
   1.1808221e+06
   1.1810881e+06
   1.1812008e+06
   1.1813146e+06
   1.1814384e+06
   1.1815946e+06
   1.1818346e+06
   1.1819938e+06
   1.1821047e+06
   1.1827088e+06
   1.1828153e+06
   1.1829358e+06
   1.1830459e+06
   1.1831916e+06
   1.1833132e+06
   1.1835425e+06
   1.1837495e+06
   1.1839480e+06
   1.1840482e+06
   1.1841970e+06
   1.1842982e+06
   1.1844043e+06
   1.1845194e+06
   1.1846551e+06
   1.1847433e+06
   1.1849095e+06
   1.1850241e+06
   1.1852006e+06
   1.1853038e+06
   1.1854366e+06
   1.1855128e+06
   1.1856440e+06
   1.1857606e+06
   1.1859256e+06
   1.1860363e+06
   1.1862867e+06
   1.1864161e+06
   1.1865447e+06
   1.1868042e+06
   1.1869170e+06
   1.1871995e+06
   1.1873682e+06
   1.1875058e+06
   1.1876193e+06
   1.1877578e+06
   1.1879517e+06
   1.1881107e+06
   1.1882234e+06
   1.1883305e+06
   1.1885399e+06
   1.1886686e+06
   1.1889463e+06
   1.1890513e+06
   1.1891822e+06
   1.1893543e+06
   1.1894673e+06
   1.1895703e+06
   1.1897730e+06
   1.1899055e+06
   1.1902507e+06
   1.1903544e+06
   1.1904348e+06
   1.1909696e+06
   1.1910730e+06
   1.1911685e+06
   1.1912551e+06
   1.1913783e+06
   1.1914805e+06
   1.1916381e+06
   1.1917476e+06
   1.1918263e+06
   1.1919876e+06
   1.1921171e+06
   1.1924589e+06
   1.1926109e+06
   1.1927074e+06
   1.1928018e+06
   1.1928975e+06
   1.1930021e+06
   1.1931219e+06
   1.1932164e+06
   1.1933167e+06
   1.1935902e+06
   1.1936894e+06
   1.1937978e+06
   1.1941952e+06
   1.1943305e+06
   1.1944814e+06
   1.1946009e+06
   1.1947379e+06
   1.1948920e+06
   1.1950527e+06
   1.1955935e+06
   1.1957322e+06
   1.1958948e+06
   1.1960875e+06
   1.1962439e+06
   1.1963639e+06
   1.1965049e+06
   1.1966273e+06
   1.1968045e+06
   1.1968984e+06
   1.1970622e+06
   1.1972011e+06
   1.1973477e+06
   1.1975837e+06
   1.1977003e+06
   1.1978609e+06
   1.1979666e+06
   1.1981298e+06
   1.1982168e+06
   1.1984211e+06
   1.1986057e+06
   1.1987047e+06
   1.1988300e+06
   1.1990427e+06
   1.1991721e+06
   1.1993107e+06
   1.1994757e+06
   1.1996392e+06
   1.1997559e+06
   1.1998640e+06
   1.2004499e+06
   1.2009312e+06
   1.2112940e+06
   1.2123160e+06
   1.2126323e+06
   1.2128384e+06
   1.2132103e+06
   1.2143239e+06
   1.2146581e+06
   1.2150402e+06
   1.2400904e+06
   1.2402118e+06
   1.2403066e+06
   1.2404351e+06
   1.2405285e+06
   1.2407586e+06
   1.2408957e+06
   1.2410156e+06
   1.2411185e+06
   1.2412380e+06
   1.2415343e+06
   1.2417233e+06
   1.2418763e+06
   1.2420785e+06
   1.2421700e+06
   1.2422820e+06
   1.2424117e+06
   1.2425809e+06
   1.2426975e+06
   1.2428158e+06
   1.2429666e+06
   1.2431043e+06
   1.2432745e+06
   1.2434287e+06
   1.2435353e+06
   1.2436148e+06
   1.2437398e+06
   1.2438518e+06
   1.2439820e+06
   1.2440887e+06
   1.2442061e+06
   1.2443559e+06
   1.2444528e+06
   1.2445514e+06
   1.2446955e+06
   1.2448405e+06
   1.2449702e+06
   1.2450871e+06
   1.2452562e+06
   1.2453853e+06
   1.2455266e+06
   1.2456885e+06
   1.2457919e+06
   1.2458946e+06
   1.2460349e+06
   1.2461247e+06
   1.2462276e+06
   1.2463882e+06
   1.2465204e+06
   1.2466466e+06
   1.2467548e+06
   1.2468717e+06
   1.2469583e+06
   1.2472269e+06
   1.2473771e+06
   1.2475458e+06
   1.2477315e+06
   1.2478121e+06
   1.2479242e+06
   1.2480241e+06
   1.2481670e+06
   1.2483804e+06
   1.2485190e+06
   1.2486117e+06
   1.2487217e+06
   1.2488169e+06
   1.2489603e+06
   1.2491179e+06
   1.2492616e+06
   1.2494284e+06
   1.2496493e+06
   1.2498103e+06
   1.2499011e+06
   1.2500766e+06
   1.2501768e+06
   1.2503167e+06
   1.2504520e+06
   1.2505895e+06
   1.2507173e+06
   1.2508705e+06
   1.2509878e+06
   1.2511748e+06
   1.2514737e+06
   1.2516124e+06
   1.2517186e+06
   1.2518390e+06
   1.2520246e+06
   1.2521249e+06
   1.2522459e+06
   1.2523759e+06
   1.2524842e+06
   1.2525773e+06
   1.2526645e+06
   1.2527623e+06
   1.2528792e+06
   1.2530071e+06
   1.2531368e+06
   1.2532874e+06
   1.2534126e+06
   1.2535764e+06
   1.2538137e+06
   1.2539423e+06
   1.2542165e+06
   1.2543838e+06
   1.2546710e+06
   1.2547736e+06
   1.2548591e+06
   1.2549713e+06
   1.2551825e+06
   1.2553203e+06
   1.2554469e+06
   1.2560578e+06
   1.2562231e+06
   1.2564911e+06
   1.2566498e+06
   1.2568133e+06
   1.2570033e+06
   1.2571157e+06
   1.2572179e+06
   1.2575763e+06
   1.2576789e+06
   1.2580049e+06
   1.2580880e+06
   1.2582422e+06
   1.2583944e+06
   1.2585308e+06
   1.2586115e+06
   1.2587110e+06
   1.2589050e+06
   1.2589983e+06
   1.2591596e+06
   1.2592828e+06
   1.2594054e+06
   1.2595299e+06
   1.2596624e+06
   1.2597671e+06
   1.2598979e+06
   1.2604988e+06
   1.2609165e+06
   1.2614266e+06
   1.2616984e+06
   1.2620358e+06
   1.2645970e+06
   1.2651996e+06
   1.2660601e+06
   1.2668452e+06
   1.2671056e+06
   1.2673384e+06
   1.2677219e+06
   1.2680509e+06
   1.2683017e+06
   1.2689393e+06
   1.2701943e+06
   1.2704857e+06
   1.2707128e+06
   1.2710123e+06
   1.2714723e+06
   1.2732913e+06
   1.2740428e+06
   1.2742911e+06
   1.2747012e+06
   1.2751348e+06
   1.2759201e+06
   1.2763886e+06
   1.2768561e+06
   1.2772255e+06
   1.2774758e+06
   1.2777332e+06
   1.3001188e+06
   1.3002520e+06
   1.3004357e+06
   1.3005733e+06
   1.3006995e+06
   1.3008786e+06
   1.3009754e+06
   1.3010910e+06
   1.3012022e+06
   1.3012937e+06
   1.3013991e+06
   1.3016013e+06
   1.3017243e+06
   1.3018287e+06
   1.3019994e+06
   1.3021049e+06
   1.3022013e+06
   1.3022903e+06
   1.3024428e+06
   1.3025634e+06
   1.3027829e+06
   1.3029237e+06
   1.3030290e+06
   1.3031733e+06
   1.3032710e+06
   1.3033570e+06
   1.3034865e+06
   1.3036113e+06
   1.3037799e+06
   1.3039139e+06
   1.3040248e+06
   1.3041434e+06
   1.3042674e+06
   1.3043562e+06
   1.3044683e+06
   1.3045852e+06
   1.3047445e+06
   1.3050010e+06
   1.3051377e+06
   1.3052326e+06
   1.3053222e+06
   1.3054219e+06
   1.3055689e+06
   1.3056666e+06
   1.3058207e+06
   1.3059173e+06
   1.3061337e+06
   1.3062524e+06
   1.3063354e+06
   1.3064246e+06
   1.3065886e+06
   1.3066987e+06
   1.3068772e+06
   1.3069878e+06
   1.3071957e+06
   1.3073222e+06
   1.3074385e+06
   1.3075480e+06
   1.3077411e+06
   1.3078847e+06
   1.3079906e+06
   1.3081125e+06
   1.3083015e+06
   1.3084280e+06
   1.3086430e+06
   1.3087738e+06
   1.3089444e+06
   1.3091122e+06
   1.3092406e+06
   1.3093252e+06
   1.3094958e+06
   1.3095793e+06
   1.3097410e+06
   1.3098141e+06
   1.3100791e+06
   1.3102132e+06
   1.3103217e+06
   1.3105483e+06
   1.3106578e+06
   1.3108550e+06
   1.3110024e+06
   1.3111019e+06
   1.3113255e+06
   1.3114636e+06
   1.3115734e+06
   1.3117068e+06
   1.3118091e+06
   1.3119431e+06
   1.3120967e+06
   1.3122470e+06
   1.3123608e+06
   1.3124764e+06
   1.3125572e+06
   1.3126726e+06
   1.3128321e+06
   1.3129283e+06
   1.3130482e+06
   1.3131874e+06
   1.3133896e+06
   1.3135246e+06
   1.3136367e+06
   1.3137365e+06
   1.3138413e+06
   1.3141684e+06
   1.3142639e+06
   1.3143970e+06
   1.3145050e+06
   1.3146042e+06
   1.3147507e+06
   1.3149773e+06
   1.3151008e+06
   1.3151977e+06
   1.3153277e+06
   1.3154041e+06
   1.3155094e+06
   1.3156226e+06
   1.3157792e+06
   1.3158968e+06
   1.3159858e+06
   1.3163171e+06
   1.3164363e+06
   1.3165816e+06
   1.3166774e+06
   1.3168761e+06
   1.3170064e+06
   1.3171877e+06
   1.3173025e+06
   1.3174847e+06
   1.3175912e+06
   1.3177067e+06
   1.3178359e+06
   1.3179544e+06
   1.3181892e+06
   1.3183197e+06
   1.3184464e+06
   1.3185676e+06
   1.3186717e+06
   1.3187921e+06
   1.3188829e+06
   1.3190613e+06
   1.3191821e+06
   1.3192807e+06
   1.3194030e+06
   1.3195002e+06
   1.3196920e+06
   1.3197852e+06
   1.3198911e+06
   1.3202040e+06
   1.3234572e+06
   1.3242212e+06
   1.3244203e+06
   1.3253640e+06
   1.3256047e+06
   1.3258462e+06
   1.3322643e+06
   1.3326379e+06
   1.3352415e+06
   1.3355499e+06
   1.3363874e+06
   1.3388757e+06
   1.3397436e+06
   1.3400365e+06
   1.3403497e+06
   1.3408553e+06
   1.3411639e+06
   1.3424651e+06
   1.3514577e+06
   1.3521138e+06
   1.3523578e+06
   1.3525571e+06
   1.3535667e+06
   1.3545828e+06
   1.3547149e+06
   1.3555667e+06
   1.3558838e+06
   1.3561983e+06
   1.3567254e+06
   1.3569969e+06
   1.3580146e+06
   1.3582019e+06
   1.3587052e+06
   1.3589455e+06
   1.3596340e+06
   1.3600915e+06
   1.3602349e+06
   1.3604705e+06
   1.3606108e+06
   1.3607033e+06
   1.3607934e+06
   1.3609259e+06
   1.3610306e+06
   1.3611165e+06
   1.3612138e+06
   1.3613078e+06
   1.3614124e+06
   1.3615320e+06
   1.3616829e+06
   1.3617826e+06
   1.3618664e+06
   1.3619728e+06
   1.3620812e+06
   1.3621681e+06
   1.3623303e+06
   1.3624387e+06
   1.3625636e+06
   1.3626608e+06
   1.3627804e+06
   1.3629545e+06
   1.3630629e+06
   1.3631480e+06
   1.3632619e+06
   1.3633480e+06
   1.3634648e+06
   1.3635880e+06
   1.3636798e+06
   1.3638146e+06
   1.3639212e+06
   1.3640174e+06
   1.3641143e+06
   1.3643500e+06
   1.3644837e+06
   1.3645594e+06
   1.3646845e+06
   1.3648192e+06
   1.3649412e+06
   1.3651301e+06
   1.3652758e+06
   1.3653755e+06
   1.3655217e+06
   1.3656014e+06
   1.3657805e+06
   1.3658903e+06
   1.3659800e+06
   1.3660885e+06
   1.3662138e+06
   1.3663409e+06
   1.3664808e+06
   1.3665950e+06
   1.3666903e+06
   1.3668083e+06
   1.3669390e+06
   1.3672322e+06
   1.3673246e+06
   1.3675086e+06
   1.3676446e+06
   1.3677716e+06
   1.3678682e+06
   1.3680112e+06
   1.3681667e+06
   1.3683013e+06
   1.3683891e+06
   1.3685140e+06
   1.3686439e+06
   1.3687782e+06
   1.3690007e+06
   1.3691068e+06
   1.3692545e+06
   1.3694371e+06
   1.3695662e+06
   1.3696451e+06
   1.3698005e+06
   1.3698980e+06
   1.3700399e+06
   1.3702646e+06
   1.3703853e+06
   1.3705138e+06
   1.3705952e+06
   1.3707284e+06
   1.3708116e+06
   1.3708991e+06
   1.3710157e+06
   1.3711070e+06
   1.3711985e+06
   1.3713534e+06
   1.3714909e+06
   1.3716336e+06
   1.3717692e+06
   1.3718705e+06
   1.3720725e+06
   1.3722115e+06
   1.3723087e+06
   1.3724819e+06
   1.3725729e+06
   1.3727870e+06
   1.3729196e+06
   1.3730547e+06
   1.3732078e+06
   1.3733272e+06
   1.3734375e+06
   1.3735262e+06
   1.3736360e+06
   1.3738267e+06
   1.3739099e+06
   1.3742158e+06
   1.3743447e+06
   1.3744892e+06
   1.3746255e+06
   1.3747342e+06
   1.3748856e+06
   1.3749966e+06
   1.3751092e+06
   1.3752334e+06
   1.3753638e+06
   1.3754656e+06
   1.3756099e+06
   1.3757505e+06
   1.3758727e+06
   1.3759592e+06
   1.3761426e+06
   1.3763240e+06
   1.3764534e+06
   1.3765420e+06
   1.3767327e+06
   1.3768981e+06
   1.3769747e+06
   1.3770780e+06
   1.3772104e+06
   1.3773080e+06
   1.3774627e+06
   1.3775581e+06
   1.3778188e+06
   1.3779170e+06
   1.3780740e+06
   1.3781798e+06
   1.3783277e+06
   1.3784156e+06
   1.3785225e+06
   1.3786283e+06
   1.3787220e+06
   1.3788703e+06
   1.3789826e+06
   1.3791071e+06
   1.3792135e+06
   1.3793494e+06
   1.3794729e+06
   1.3796411e+06
   1.3797350e+06
   1.3798196e+06
   1.3799318e+06
   1.3801771e+06
   1.3842447e+06
   1.3846085e+06
   1.3882591e+06
   1.3887090e+06
   1.3889568e+06
   1.3899003e+06
   1.3902694e+06
   1.3930175e+06
   1.3933826e+06
   1.3937284e+06
   1.3978862e+06
   1.3981907e+06
   1.4019602e+06
   1.4170847e+06
   1.4191121e+06
   1.4192986e+06
   1.4200736e+06
   1.4201676e+06
   1.4202814e+06
   1.4203761e+06
   1.4204551e+06
   1.4205670e+06
   1.4206543e+06
   1.4207617e+06
   1.4208980e+06
   1.4210055e+06
   1.4211137e+06
   1.4212359e+06
   1.4213284e+06
   1.4214165e+06
   1.4215589e+06
   1.4216534e+06
   1.4217430e+06
   1.4218426e+06
   1.4219572e+06
   1.4220815e+06
   1.4221792e+06
   1.4222778e+06
   1.4223764e+06
   1.4225247e+06
   1.4226402e+06
   1.4227428e+06
   1.4228406e+06
   1.4229336e+06
   1.4231230e+06
   1.4232041e+06
   1.4233220e+06
   1.4234375e+06
   1.4235697e+06
   1.4236685e+06
   1.4237449e+06
   1.4238476e+06
   1.4239356e+06
   1.4240205e+06
   1.4241276e+06
   1.4242425e+06
   1.4243372e+06
   1.4244812e+06
   1.4246768e+06
   1.4248613e+06
   1.4249573e+06
   1.4250623e+06
   1.4251615e+06
   1.4252408e+06
   1.4253628e+06
   1.4254636e+06
   1.4255406e+06
   1.4256353e+06
   1.4257420e+06
   1.4258512e+06
   1.4259654e+06
   1.4260833e+06
   1.4261916e+06
   1.4262994e+06
   1.4264003e+06
   1.4264732e+06
   1.4265736e+06
   1.4266752e+06
   1.4267580e+06
   1.4268571e+06
   1.4269920e+06
   1.4272463e+06
   1.4273395e+06
   1.4274466e+06
   1.4275839e+06
   1.4277131e+06
   1.4278476e+06
   1.4279789e+06
   1.4280837e+06
   1.4281774e+06
   1.4282704e+06
   1.4283545e+06
   1.4284754e+06
   1.4286095e+06
   1.4287255e+06
   1.4288963e+06
   1.4290208e+06
   1.4291014e+06
   1.4291955e+06
   1.4293006e+06
   1.4294233e+06
   1.4295266e+06
   1.4296153e+06
   1.4299298e+06
   1.4300382e+06
   1.4301448e+06
   1.4302851e+06
   1.4304284e+06
   1.4305428e+06
   1.4306341e+06
   1.4307660e+06
   1.4309217e+06
   1.4310818e+06
   1.4311848e+06
   1.4313678e+06
   1.4314620e+06
   1.4315926e+06
   1.4317202e+06
   1.4319255e+06
   1.4320229e+06
   1.4321126e+06
   1.4322125e+06
   1.4323702e+06
   1.4325118e+06
   1.4326164e+06
   1.4327619e+06
   1.4328444e+06
   1.4329800e+06
   1.4330501e+06
   1.4331909e+06
   1.4332831e+06
   1.4333867e+06
   1.4335285e+06
   1.4336567e+06
   1.4338435e+06
   1.4339293e+06
   1.4341666e+06
   1.4342937e+06
   1.4344280e+06
   1.4345226e+06
   1.4346261e+06
   1.4347516e+06
   1.4348884e+06
   1.4350183e+06
   1.4351539e+06
   1.4352682e+06
   1.4353623e+06
   1.4354666e+06
   1.4356253e+06
   1.4357197e+06
   1.4358094e+06
   1.4359425e+06
   1.4360910e+06
   1.4361717e+06
   1.4362875e+06
   1.4364096e+06
   1.4365233e+06
   1.4366058e+06
   1.4367409e+06
   1.4368287e+06
   1.4370859e+06
   1.4371978e+06
   1.4373109e+06
   1.4374315e+06
   1.4375365e+06
   1.4376669e+06
   1.4377755e+06
   1.4378469e+06
   1.4379491e+06
   1.4380769e+06
   1.4381848e+06
   1.4383284e+06
   1.4384950e+06
   1.4386216e+06
   1.4387456e+06
   1.4388320e+06
   1.4389255e+06
   1.4390322e+06
   1.4391615e+06
   1.4392870e+06
   1.4394064e+06
   1.4395577e+06
   1.4396582e+06
   1.4398864e+06
   1.4399977e+06
   1.4406248e+06
   1.4410891e+06
   1.4415782e+06
   1.4423135e+06
   1.4425598e+06
   1.4465866e+06
   1.4477376e+06
   1.4521563e+06
   1.4539207e+06
   1.4547834e+06
   1.4549464e+06
   1.4553152e+06
   1.4559057e+06
   1.4563685e+06
   1.4575334e+06
   1.4577657e+06
   1.4579653e+06
   1.4583483e+06
   1.4596409e+06
   1.4598086e+06
   1.4600110e+06
   1.4602264e+06
   1.4627131e+06
   1.4631647e+06
   1.4634820e+06
   1.4637550e+06
   1.4744714e+06
   1.4748595e+06
   1.4778646e+06
   1.4781891e+06
   1.4788572e+06
   1.4800735e+06
   1.4801628e+06
   1.4802422e+06
   1.4803536e+06
   1.4804928e+06
   1.4806016e+06
   1.4807221e+06
   1.4808158e+06
   1.4809328e+06
   1.4810684e+06
   1.4811822e+06
   1.4812827e+06
   1.4813914e+06
   1.4814787e+06
   1.4815966e+06
   1.4816837e+06
   1.4817772e+06
   1.4818759e+06
   1.4819703e+06
   1.4820450e+06
   1.4821852e+06
   1.4822707e+06
   1.4823523e+06
   1.4824684e+06
   1.4825725e+06
   1.4827138e+06
   1.4827869e+06
   1.4828942e+06
   1.4830100e+06
   1.4831644e+06
   1.4832755e+06
   1.4833870e+06
   1.4834740e+06
   1.4836116e+06
   1.4837196e+06
   1.4838035e+06
   1.4839073e+06
   1.4839988e+06
   1.4840846e+06
   1.4841918e+06
   1.4842817e+06
   1.4843627e+06
   1.4844815e+06
   1.4845603e+06
   1.4847024e+06
   1.4848070e+06
   1.4848889e+06
   1.4850103e+06
   1.4851066e+06
   1.4852129e+06
   1.4853235e+06
   1.4853937e+06
   1.4855336e+06
   1.4856398e+06
   1.4857339e+06
   1.4858288e+06
   1.4859514e+06
   1.4860453e+06
   1.4861293e+06
   1.4862159e+06
   1.4863268e+06
   1.4864451e+06
   1.4865199e+06
   1.4866536e+06
   1.4867965e+06
   1.4869765e+06
   1.4872217e+06
   1.4872978e+06
   1.4873831e+06
   1.4876443e+06
   1.4877307e+06
   1.4878203e+06
   1.4879088e+06
   1.4880204e+06
   1.4881160e+06
   1.4882543e+06
   1.4883305e+06
   1.4884110e+06
   1.4885215e+06
   1.4886118e+06
   1.4887302e+06
   1.4888298e+06
   1.4889378e+06
   1.4890239e+06
   1.4891430e+06
   1.4892269e+06
   1.4893508e+06
   1.4894220e+06
   1.4895156e+06
   1.4896290e+06
   1.4897255e+06
   1.4898510e+06
   1.4900331e+06
   1.4901678e+06
   1.4902645e+06
   1.4903555e+06
   1.4905088e+06
   1.4906262e+06
   1.4907511e+06
   1.4908500e+06
   1.4909538e+06
   1.4910645e+06
   1.4911460e+06
   1.4912331e+06
   1.4913424e+06
   1.4914206e+06
   1.4915413e+06
   1.4916351e+06
   1.4917371e+06
   1.4918503e+06
   1.4920471e+06
   1.4921785e+06
   1.4923049e+06
   1.4923976e+06
   1.4925475e+06
   1.4926960e+06
   1.4928174e+06
   1.4929051e+06
   1.4929809e+06
   1.4930828e+06
   1.4932028e+06
   1.4933543e+06
   1.4934475e+06
   1.4935443e+06
   1.4936665e+06
   1.4937535e+06
   1.4938498e+06
   1.4941173e+06
   1.4942161e+06
   1.4943195e+06
   1.4944164e+06
   1.4945093e+06
   1.4946641e+06
   1.4947607e+06
   1.4948680e+06
   1.4949712e+06
   1.4950731e+06
   1.4951942e+06
   1.4953000e+06
   1.4953816e+06
   1.4954851e+06
   1.4955906e+06
   1.4957729e+06
   1.4958446e+06
   1.4959774e+06
   1.4961169e+06
   1.4962091e+06
   1.4962991e+06
   1.4963842e+06
   1.4966392e+06
   1.4967644e+06
   1.4968518e+06
   1.4969523e+06
   1.4970606e+06
   1.4971777e+06
   1.4973427e+06
   1.4974875e+06
   1.4975563e+06
   1.4976773e+06
   1.4977653e+06
   1.4979123e+06
   1.4979959e+06
   1.4980912e+06
   1.4982120e+06
   1.4982969e+06
   1.4984458e+06
   1.4985670e+06
   1.4987269e+06
   1.4988169e+06
   1.4989176e+06
   1.4990358e+06
   1.4991134e+06
   1.4992245e+06
   1.4993686e+06
   1.4995345e+06
   1.4996310e+06
   1.4999833e+06
   1.5002636e+06
   1.5024220e+06
   1.5026994e+06
   1.5029296e+06
   1.5031626e+06
   1.5033369e+06
   1.5039575e+06
   1.5042040e+06
   1.5044218e+06
   1.5047600e+06
   1.5050073e+06
   1.5052299e+06
   1.5055926e+06
   1.5063426e+06
   1.5068407e+06
   1.5070784e+06
   1.5081962e+06
   1.5087386e+06
   1.5098588e+06
   1.5114158e+06
   1.5118293e+06
   1.5122171e+06
   1.5124239e+06
   1.5128090e+06
   1.5130980e+06
   1.5151935e+06
   1.5158281e+06
   1.5159984e+06
   1.5346156e+06
   1.5362712e+06
   1.5365038e+06
   1.5368470e+06
   1.5370964e+06
   1.5381546e+06
   1.5385203e+06
   1.5387451e+06
   1.5392227e+06
   1.5401077e+06
   1.5402450e+06
   1.5404637e+06
   1.5405514e+06
   1.5406267e+06
   1.5407184e+06
   1.5408375e+06
   1.5409376e+06
   1.5410522e+06
   1.5411524e+06
   1.5412534e+06
   1.5413741e+06
   1.5414601e+06
   1.5415481e+06
   1.5416749e+06
   1.5417536e+06
   1.5418371e+06
   1.5419242e+06
   1.5420079e+06
   1.5420850e+06
   1.5422125e+06
   1.5423441e+06
   1.5424532e+06
   1.5425368e+06
   1.5426098e+06
   1.5426810e+06
   1.5427694e+06
   1.5428566e+06
   1.5430387e+06
   1.5431215e+06
   1.5432009e+06
   1.5432801e+06
   1.5433704e+06
   1.5434851e+06
   1.5435679e+06
   1.5436852e+06
   1.5437770e+06
   1.5438404e+06
   1.5439363e+06
   1.5440502e+06
   1.5441490e+06
   1.5442470e+06
   1.5443267e+06
   1.5444159e+06
   1.5445099e+06
   1.5446132e+06
   1.5446854e+06
   1.5447949e+06
   1.5449187e+06
   1.5449883e+06
   1.5450739e+06
   1.5452124e+06
   1.5453261e+06
   1.5454480e+06
   1.5455500e+06
   1.5456377e+06
   1.5457074e+06
   1.5458153e+06
   1.5459059e+06
   1.5459887e+06
   1.5460654e+06
   1.5461852e+06
   1.5462816e+06
   1.5464006e+06
   1.5465178e+06
   1.5465950e+06
   1.5466933e+06
   1.5467813e+06
   1.5468720e+06
   1.5471071e+06
   1.5472270e+06
   1.5473247e+06
   1.5474417e+06
   1.5475548e+06
   1.5476490e+06
   1.5477216e+06
   1.5478211e+06
   1.5479252e+06
   1.5479937e+06
   1.5480734e+06
   1.5481835e+06
   1.5482665e+06
   1.5483635e+06
   1.5485040e+06
   1.5486034e+06
   1.5486949e+06
   1.5488013e+06
   1.5489224e+06
   1.5490812e+06
   1.5492136e+06
   1.5494146e+06
   1.5495048e+06
   1.5496195e+06
   1.5497418e+06
   1.5498387e+06
   1.5499485e+06
   1.5500366e+06
   1.5501729e+06
   1.5502697e+06
   1.5503664e+06
   1.5504529e+06
   1.5505690e+06
   1.5506770e+06
   1.5507723e+06
   1.5508665e+06
   1.5509740e+06
   1.5510747e+06
   1.5511574e+06
   1.5512427e+06
   1.5513707e+06
   1.5514843e+06
   1.5515929e+06
   1.5516755e+06
   1.5518279e+06
   1.5519286e+06
   1.5520086e+06
   1.5520784e+06
   1.5521812e+06
   1.5522889e+06
   1.5523854e+06
   1.5525503e+06
   1.5526502e+06
   1.5527366e+06
   1.5528362e+06
   1.5529243e+06
   1.5530431e+06
   1.5531437e+06
   1.5532727e+06
   1.5533561e+06
   1.5534643e+06
   1.5535450e+06
   1.5536548e+06
   1.5537497e+06
   1.5539210e+06
   1.5541285e+06
   1.5541994e+06
   1.5542711e+06
   1.5543892e+06
   1.5544822e+06
   1.5545720e+06
   1.5546893e+06
   1.5547588e+06
   1.5548517e+06
   1.5549301e+06
   1.5550436e+06
   1.5551490e+06
   1.5552549e+06
   1.5553387e+06
   1.5554313e+06
   1.5555347e+06
   1.5556363e+06
   1.5557338e+06
   1.5558204e+06
   1.5559113e+06
   1.5561082e+06
   1.5562234e+06
   1.5563110e+06
   1.5564103e+06
   1.5564913e+06
   1.5566201e+06
   1.5567212e+06
   1.5568225e+06
   1.5569153e+06
   1.5569967e+06
   1.5571299e+06
   1.5572795e+06
   1.5574056e+06
   1.5574864e+06
   1.5575852e+06
   1.5577130e+06
   1.5578128e+06
   1.5578923e+06
   1.5580110e+06
   1.5581269e+06
   1.5582444e+06
   1.5583565e+06
   1.5584334e+06
   1.5585081e+06
   1.5585912e+06
   1.5587133e+06
   1.5588016e+06
   1.5588929e+06
   1.5589954e+06
   1.5590869e+06
   1.5591861e+06
   1.5592883e+06
   1.5593867e+06
   1.5594842e+06
   1.5596015e+06
   1.5597066e+06
   1.5598335e+06
   1.5614457e+06
   1.5624500e+06
   1.5627654e+06
   1.5629876e+06
   1.5634581e+06
   1.5638348e+06
   1.5640230e+06
   1.5646803e+06
   1.5652335e+06
   1.5659244e+06
   1.5662039e+06
   1.5664677e+06
   1.5670703e+06
   1.5678592e+06
   1.5680960e+06
   1.5684403e+06
   1.5686766e+06
   1.5690667e+06
   1.5700084e+06
   1.5706198e+06
   1.5732823e+06
   1.5735729e+06
   1.5737326e+06
   1.5760288e+06
   1.5762793e+06
   1.5764922e+06
   1.5773183e+06
   1.5779448e+06
   1.5782930e+06
   1.5801908e+06
   1.5807171e+06
   1.5815006e+06
   1.5833916e+06
   1.5835987e+06
   1.5840382e+06
   1.5850292e+06
   1.5864746e+06
   1.5869150e+06
   1.5874081e+06
   1.5901236e+06
   1.5936020e+06
   1.5938569e+06
   1.5941537e+06
   1.5945961e+06
   1.5951077e+06
   1.5961560e+06
   1.5971892e+06
   1.5976805e+06
   1.5981087e+06
   1.5987036e+06
   1.5994450e+06
   1.6001348e+06
   1.6002540e+06
   1.6003527e+06
   1.6004640e+06
   1.6005582e+06
   1.6006725e+06
   1.6007544e+06
   1.6008717e+06
   1.6009617e+06
   1.6010474e+06
   1.6011878e+06
   1.6012634e+06
   1.6014161e+06
   1.6015206e+06
   1.6016024e+06
   1.6017180e+06
   1.6018575e+06
   1.6019454e+06
   1.6020427e+06
   1.6022110e+06
   1.6023280e+06
   1.6024094e+06
   1.6025071e+06
   1.6025930e+06
   1.6026672e+06
   1.6027749e+06
   1.6028584e+06
   1.6029573e+06
   1.6031751e+06
   1.6032450e+06
   1.6033137e+06
   1.6034102e+06
   1.6035294e+06
   1.6036234e+06
   1.6037070e+06
   1.6038200e+06
   1.6039145e+06
   1.6040357e+06
   1.6041309e+06
   1.6042105e+06
   1.6042934e+06
   1.6043631e+06
   1.6044865e+06
   1.6045638e+06
   1.6046464e+06
   1.6047351e+06
   1.6048063e+06
   1.6049070e+06
   1.6049710e+06
   1.6050689e+06
   1.6052055e+06
   1.6053588e+06
   1.6054538e+06
   1.6055261e+06
   1.6056223e+06
   1.6057340e+06
   1.6058113e+06
   1.6058926e+06
   1.6060904e+06
   1.6062010e+06
   1.6062762e+06
   1.6063892e+06
   1.6064865e+06
   1.6066245e+06
   1.6067066e+06
   1.6067927e+06
   1.6069059e+06
   1.6071034e+06
   1.6072034e+06
   1.6072948e+06
   1.6074019e+06
   1.6074964e+06
   1.6076292e+06
   1.6077180e+06
   1.6078039e+06
   1.6078816e+06
   1.6079918e+06
   1.6080737e+06
   1.6081506e+06
   1.6082475e+06
   1.6083450e+06
   1.6084292e+06
   1.6085051e+06
   1.6085814e+06
   1.6086465e+06
   1.6087540e+06
   1.6088512e+06
   1.6089577e+06
   1.6090578e+06
   1.6092070e+06
   1.6093103e+06
   1.6094391e+06
   1.6095164e+06
   1.6096163e+06
   1.6097338e+06
   1.6098293e+06
   1.6099196e+06
   1.6100396e+06
   1.6101125e+06
   1.6102226e+06
   1.6103212e+06
   1.6104103e+06
   1.6104848e+06
   1.6105842e+06
   1.6106770e+06
   1.6107548e+06
   1.6108323e+06
   1.6109208e+06
   1.6110274e+06
   1.6111120e+06
   1.6111992e+06
   1.6112792e+06
   1.6113840e+06
   1.6114856e+06
   1.6115442e+06
   1.6116420e+06
   1.6117318e+06
   1.6118270e+06
   1.6119137e+06
   1.6120993e+06
   1.6122046e+06
   1.6122855e+06
   1.6123935e+06
   1.6125190e+06
   1.6125939e+06
   1.6127161e+06
   1.6128243e+06
   1.6128995e+06
   1.6130120e+06
   1.6130844e+06
   1.6132167e+06
   1.6133163e+06
   1.6134091e+06
   1.6134989e+06
   1.6135926e+06
   1.6137236e+06
   1.6138139e+06
   1.6138859e+06
   1.6139691e+06
   1.6141504e+06
   1.6142570e+06
   1.6143504e+06
   1.6144495e+06
   1.6146147e+06
   1.6146910e+06
   1.6147883e+06
   1.6148805e+06
   1.6149659e+06
   1.6150550e+06
   1.6151993e+06
   1.6152759e+06
   1.6153545e+06
   1.6154735e+06
   1.6156089e+06
   1.6157281e+06
   1.6158292e+06
   1.6159164e+06
   1.6160098e+06
   1.6160922e+06
   1.6162285e+06
   1.6163029e+06
   1.6164195e+06
   1.6165351e+06
   1.6166282e+06
   1.6167971e+06
   1.6169393e+06
   1.6170450e+06
   1.6171157e+06
   1.6172422e+06
   1.6173656e+06
   1.6174887e+06
   1.6175799e+06
   1.6176492e+06
   1.6177177e+06
   1.6178055e+06
   1.6179187e+06
   1.6180077e+06
   1.6180796e+06
   1.6182291e+06
   1.6183140e+06
   1.6183851e+06
   1.6184564e+06
   1.6185461e+06
   1.6186942e+06
   1.6187809e+06
   1.6188841e+06
   1.6189885e+06
   1.6191002e+06
   1.6191858e+06
   1.6192733e+06
   1.6194151e+06
   1.6194994e+06
   1.6195920e+06
   1.6196665e+06
   1.6197669e+06
   1.6199486e+06
   1.6202036e+06
   1.6204232e+06
   1.6209295e+06
   1.6212536e+06
   1.6219722e+06
   1.6222804e+06
   1.6226951e+06
   1.6232031e+06
   1.6233789e+06
   1.6236915e+06
   1.6239816e+06
   1.6262987e+06
   1.6264849e+06
   1.6266576e+06
   1.6272917e+06
   1.6362037e+06
   1.6407766e+06
   1.6413615e+06
   1.6426439e+06
   1.6439923e+06
   1.6442028e+06
   1.6461417e+06
   1.6476055e+06
   1.6484541e+06
   1.6490564e+06
   1.6494813e+06
   1.6501376e+06
   1.6519856e+06
   1.6529250e+06
   1.6531189e+06
   1.6541366e+06
   1.6552154e+06
   1.6569623e+06
   1.6601099e+06
   1.6601986e+06
   1.6602760e+06
   1.6603753e+06
   1.6604375e+06
   1.6605348e+06
   1.6606094e+06
   1.6607008e+06
   1.6607840e+06
   1.6608724e+06
   1.6609433e+06
   1.6610236e+06
   1.6610845e+06
   1.6611704e+06
   1.6612385e+06
   1.6613442e+06
   1.6614281e+06
   1.6615251e+06
   1.6615922e+06
   1.6616890e+06
   1.6617646e+06
   1.6618541e+06
   1.6619406e+06
   1.6620466e+06
   1.6621232e+06
   1.6622077e+06
   1.6623085e+06
   1.6623806e+06
   1.6624575e+06
   1.6625358e+06
   1.6626387e+06
   1.6627367e+06
   1.6628317e+06
   1.6629428e+06
   1.6630319e+06
   1.6631079e+06
   1.6632074e+06
   1.6632849e+06
   1.6633756e+06
   1.6634737e+06
   1.6635636e+06
   1.6636441e+06
   1.6637216e+06
   1.6638498e+06
   1.6639423e+06
   1.6640140e+06
   1.6641099e+06
   1.6641831e+06
   1.6642698e+06
   1.6643589e+06
   1.6644837e+06
   1.6645677e+06
   1.6646461e+06
   1.6647413e+06
   1.6648271e+06
   1.6649191e+06
   1.6650276e+06
   1.6650945e+06
   1.6651846e+06
   1.6652699e+06
   1.6653850e+06
   1.6654829e+06
   1.6655739e+06
   1.6656810e+06
   1.6658032e+06
   1.6659069e+06
   1.6659772e+06
   1.6661624e+06
   1.6662496e+06
   1.6663229e+06
   1.6664193e+06
   1.6665037e+06
   1.6665879e+06
   1.6666672e+06
   1.6667786e+06
   1.6668435e+06
   1.6669239e+06
   1.6671546e+06
   1.6672424e+06
   1.6673231e+06
   1.6673974e+06
   1.6674946e+06
   1.6675926e+06
   1.6676655e+06
   1.6677481e+06
   1.6678504e+06
   1.6679339e+06
   1.6680475e+06
   1.6681149e+06
   1.6682635e+06
   1.6683679e+06
   1.6684427e+06
   1.6685535e+06
   1.6686552e+06
   1.6687225e+06
   1.6688119e+06
   1.6688895e+06
   1.6690094e+06
   1.6690811e+06
   1.6691728e+06
   1.6692705e+06
   1.6693748e+06
   1.6694631e+06
   1.6695683e+06
   1.6696326e+06
   1.6697140e+06
   1.6698118e+06
   1.6699120e+06
   1.6699870e+06
   1.6700813e+06
   1.6701739e+06
   1.6702635e+06
   1.6703757e+06
   1.6704964e+06
   1.6705739e+06
   1.6706720e+06
   1.6707544e+06
   1.6708235e+06
   1.6708955e+06
   1.6710601e+06
   1.6711633e+06
   1.6712835e+06
   1.6714097e+06
   1.6715446e+06
   1.6716210e+06
   1.6717180e+06
   1.6718072e+06
   1.6718958e+06
   1.6719859e+06
   1.6720623e+06
   1.6721403e+06
   1.6722402e+06
   1.6723438e+06
   1.6724285e+06
   1.6724942e+06
   1.6725921e+06
   1.6726903e+06
   1.6727988e+06
   1.6728672e+06
   1.6729628e+06
   1.6730684e+06
   1.6731548e+06
   1.6732211e+06
   1.6733116e+06
   1.6733793e+06
   1.6734849e+06
   1.6736046e+06
   1.6736972e+06
   1.6738126e+06
   1.6739153e+06
   1.6740860e+06
   1.6741833e+06
   1.6742721e+06
   1.6744215e+06
   1.6744981e+06
   1.6745924e+06
   1.6747094e+06
   1.6747966e+06
   1.6749118e+06
   1.6750160e+06
   1.6751157e+06
   1.6752074e+06
   1.6752875e+06
   1.6753964e+06
   1.6755098e+06
   1.6756095e+06
   1.6757179e+06
   1.6758362e+06
   1.6759308e+06
   1.6760332e+06
   1.6762571e+06
   1.6764392e+06
   1.6765116e+06
   1.6766052e+06
   1.6766853e+06
   1.6768265e+06
   1.6769311e+06
   1.6770223e+06
   1.6771307e+06
   1.6772111e+06
   1.6773245e+06
   1.6774082e+06
   1.6775134e+06
   1.6776107e+06
   1.6776987e+06
   1.6778016e+06
   1.6778903e+06
   1.6780002e+06
   1.6780761e+06
   1.6781543e+06
   1.6782421e+06
   1.6783635e+06
   1.6784612e+06
   1.6785338e+06
   1.6786311e+06
   1.6787235e+06
   1.6788253e+06
   1.6789262e+06
   1.6790362e+06
   1.6791099e+06
   1.6791783e+06
   1.6792605e+06
   1.6793404e+06
   1.6794577e+06
   1.6795735e+06
   1.6796559e+06
   1.6797341e+06
   1.6798409e+06
   1.6799363e+06
   1.6802954e+06
   1.6805212e+06
   1.6808442e+06
   1.6811030e+06
   1.6813417e+06
   1.6819671e+06
   1.6849790e+06
   1.6852111e+06
   1.6854098e+06
   1.6857815e+06
   1.6860337e+06
   1.6865135e+06
   1.6868840e+06
   1.6870982e+06
   1.6873454e+06
   1.6880205e+06
   1.6883830e+06
   1.6888571e+06
   1.6905719e+06
   1.6911935e+06
   1.6915421e+06
   1.6918340e+06
   1.6920477e+06
   1.6924262e+06
   1.6928324e+06
   1.6931618e+06
   1.6940171e+06
   1.6964314e+06
   1.6966983e+06
   1.6975002e+06
   1.6988027e+06
   1.6996679e+06
   1.6999234e+06
   1.7005194e+06
   1.7017230e+06
   1.7020800e+06
   1.7027244e+06
   1.7033541e+06
   1.7038302e+06
   1.7079493e+06
   1.7081865e+06
   1.7095932e+06
   1.7101911e+06
   1.7109845e+06
   1.7111722e+06
   1.7114719e+06
   1.7119049e+06
   1.7120942e+06
   1.7123740e+06
   1.7130081e+06
   1.7137930e+06
   1.7146623e+06
   1.7149570e+06
   1.7156478e+06
   1.7158752e+06
   1.7185409e+06
   1.7187579e+06
   1.7200933e+06
   1.7201659e+06
   1.7202317e+06
   1.7203457e+06
   1.7204237e+06
   1.7205056e+06
   1.7205950e+06
   1.7206828e+06
   1.7207672e+06
   1.7208538e+06
   1.7209141e+06
   1.7209839e+06
   1.7210613e+06
   1.7211252e+06
   1.7211909e+06
   1.7212775e+06
   1.7213404e+06
   1.7214009e+06
   1.7214679e+06
   1.7215499e+06
   1.7216418e+06
   1.7217321e+06
   1.7218409e+06
   1.7219416e+06
   1.7220393e+06
   1.7221121e+06
   1.7221739e+06
   1.7222517e+06
   1.7223164e+06
   1.7223930e+06
   1.7224821e+06
   1.7225569e+06
   1.7226403e+06
   1.7227221e+06
   1.7227937e+06
   1.7228694e+06
   1.7229439e+06
   1.7230493e+06
   1.7231665e+06
   1.7232415e+06
   1.7233457e+06
   1.7234223e+06
   1.7235019e+06
   1.7235890e+06
   1.7236632e+06
   1.7237609e+06
   1.7238521e+06
   1.7239256e+06
   1.7239932e+06
   1.7240675e+06
   1.7241519e+06
   1.7242410e+06
   1.7243635e+06
   1.7244443e+06
   1.7245319e+06
   1.7246143e+06
   1.7246914e+06
   1.7247603e+06
   1.7248422e+06
   1.7249295e+06
   1.7250122e+06
   1.7251034e+06
   1.7251966e+06
   1.7252828e+06
   1.7253781e+06
   1.7254722e+06
   1.7255603e+06
   1.7256484e+06
   1.7257388e+06
   1.7258219e+06
   1.7259289e+06
   1.7260415e+06
   1.7261249e+06
   1.7262296e+06
   1.7263018e+06
   1.7263898e+06
   1.7265022e+06
   1.7266290e+06
   1.7267359e+06
   1.7268109e+06
   1.7269063e+06
   1.7269941e+06
   1.7271387e+06
   1.7273153e+06
   1.7274194e+06
   1.7275104e+06
   1.7275916e+06
   1.7276745e+06
   1.7278056e+06
   1.7278879e+06
   1.7279931e+06
   1.7280881e+06
   1.7281882e+06
   1.7282714e+06
   1.7283459e+06
   1.7284403e+06
   1.7285633e+06
   1.7286270e+06
   1.7287571e+06
   1.7288603e+06
   1.7289440e+06
   1.7290395e+06
   1.7291227e+06
   1.7291973e+06
   1.7292792e+06
   1.7293589e+06
   1.7294276e+06
   1.7295344e+06
   1.7296110e+06
   1.7296894e+06
   1.7297824e+06
   1.7298592e+06
   1.7299572e+06
   1.7300402e+06
   1.7301357e+06
   1.7302396e+06
   1.7303231e+06
   1.7304281e+06
   1.7305327e+06
   1.7306313e+06
   1.7307286e+06
   1.7308349e+06
   1.7309215e+06
   1.7310141e+06
   1.7310899e+06
   1.7311770e+06
   1.7312907e+06
   1.7313710e+06
   1.7314529e+06
   1.7315394e+06
   1.7316239e+06
   1.7317277e+06
   1.7318320e+06
   1.7319303e+06
   1.7320216e+06
   1.7321211e+06
   1.7322051e+06
   1.7323215e+06
   1.7323885e+06
   1.7324911e+06
   1.7325767e+06
   1.7326723e+06
   1.7327564e+06
   1.7328461e+06
   1.7329292e+06
   1.7330086e+06
   1.7331025e+06
   1.7331628e+06
   1.7332451e+06
   1.7333121e+06
   1.7334189e+06
   1.7335027e+06
   1.7335740e+06
   1.7336929e+06
   1.7338346e+06
   1.7339199e+06
   1.7340992e+06
   1.7341995e+06
   1.7342939e+06
   1.7343828e+06
   1.7344557e+06
   1.7345346e+06
   1.7346202e+06
   1.7347344e+06
   1.7348383e+06
   1.7349115e+06
   1.7350273e+06
   1.7351216e+06
   1.7352070e+06
   1.7352866e+06
   1.7353754e+06
   1.7355201e+06
   1.7356011e+06
   1.7357185e+06
   1.7358104e+06
   1.7358897e+06
   1.7359817e+06
   1.7360803e+06
   1.7361429e+06
   1.7362474e+06
   1.7363123e+06
   1.7363986e+06
   1.7364903e+06
   1.7366136e+06
   1.7366898e+06
   1.7367947e+06
   1.7368683e+06
   1.7369389e+06
   1.7370254e+06
   1.7371130e+06
   1.7371998e+06
   1.7373032e+06
   1.7374456e+06
   1.7375283e+06
   1.7375996e+06
   1.7376588e+06
   1.7377352e+06
   1.7378505e+06
   1.7379316e+06
   1.7380243e+06
   1.7381071e+06
   1.7381795e+06
   1.7382531e+06
   1.7383428e+06
   1.7384272e+06
   1.7384915e+06
   1.7385831e+06
   1.7386567e+06
   1.7387640e+06
   1.7388566e+06
   1.7390233e+06
   1.7391078e+06
   1.7391701e+06
   1.7392494e+06
   1.7393297e+06
   1.7394479e+06
   1.7395312e+06
   1.7396045e+06
   1.7397044e+06
   1.7397944e+06
   1.7398697e+06
   1.7399342e+06
   1.7405187e+06
   1.7629881e+06
   1.7633352e+06
   1.7638845e+06
   1.7644011e+06
   1.7666763e+06
   1.7675376e+06
   1.7800574e+06
   1.7801278e+06
   1.7802007e+06
   1.7803077e+06
   1.7803844e+06
   1.7804560e+06
   1.7805337e+06
   1.7806150e+06
   1.7806869e+06
   1.7807660e+06
   1.7808323e+06
   1.7809060e+06
   1.7809639e+06
   1.7810532e+06
   1.7811339e+06
   1.7812051e+06
   1.7812861e+06
   1.7813907e+06
   1.7814754e+06
   1.7815742e+06
   1.7816515e+06
   1.7817345e+06
   1.7818130e+06
   1.7818804e+06
   1.7819514e+06
   1.7820259e+06
   1.7820923e+06
   1.7821771e+06
   1.7822598e+06
   1.7823334e+06
   1.7824115e+06
   1.7824816e+06
   1.7825549e+06
   1.7826276e+06
   1.7827264e+06
   1.7827942e+06
   1.7828562e+06
   1.7829312e+06
   1.7830067e+06
   1.7830984e+06
   1.7831769e+06
   1.7832557e+06
   1.7833789e+06
   1.7834576e+06
   1.7835322e+06
   1.7836101e+06
   1.7836924e+06
   1.7837997e+06
   1.7838643e+06
   1.7839384e+06
   1.7840141e+06
   1.7840860e+06
   1.7841862e+06
   1.7842646e+06
   1.7843409e+06
   1.7844315e+06
   1.7845113e+06
   1.7845824e+06
   1.7846515e+06
   1.7847285e+06
   1.7847890e+06
   1.7848904e+06
   1.7849729e+06
   1.7850636e+06
   1.7851475e+06
   1.7852137e+06
   1.7852995e+06
   1.7853861e+06
   1.7854624e+06
   1.7855662e+06
   1.7856461e+06
   1.7857282e+06
   1.7858518e+06
   1.7859449e+06
   1.7860141e+06
   1.7861074e+06
   1.7861773e+06
   1.7862317e+06
   1.7863020e+06
   1.7863753e+06
   1.7864547e+06
   1.7865134e+06
   1.7865946e+06
   1.7866720e+06
   1.7867424e+06
   1.7868347e+06
   1.7869169e+06
   1.7870807e+06
   1.7871625e+06
   1.7872358e+06
   1.7873124e+06
   1.7874288e+06
   1.7875040e+06
   1.7876177e+06
   1.7877010e+06
   1.7877931e+06
   1.7878767e+06
   1.7879606e+06
   1.7880354e+06
   1.7881209e+06
   1.7882079e+06
   1.7883071e+06
   1.7883861e+06
   1.7884872e+06
   1.7885827e+06
   1.7886480e+06
   1.7887094e+06
   1.7887774e+06
   1.7888582e+06
   1.7889595e+06
   1.7890183e+06
   1.7891004e+06
   1.7891848e+06
   1.7892585e+06
   1.7893637e+06
   1.7894380e+06
   1.7895181e+06
   1.7896367e+06
   1.7897279e+06
   1.7898239e+06
   1.7899041e+06
   1.7899736e+06
   1.7900537e+06
   1.7901312e+06
   1.7902092e+06
   1.7902999e+06
   1.7904135e+06
   1.7904801e+06
   1.7905809e+06
   1.7906839e+06
   1.7907528e+06
   1.7908417e+06
   1.7909134e+06
   1.7910275e+06
   1.7910884e+06
   1.7911861e+06
   1.7912439e+06
   1.7913505e+06
   1.7914362e+06
   1.7915116e+06
   1.7915975e+06
   1.7916842e+06
   1.7917608e+06
   1.7918298e+06
   1.7919663e+06
   1.7920609e+06
   1.7921253e+06
   1.7922177e+06
   1.7922839e+06
   1.7923813e+06
   1.7924597e+06
   1.7925635e+06
   1.7926373e+06
   1.7927052e+06
   1.7927883e+06
   1.7928836e+06
   1.7929797e+06
   1.7930778e+06
   1.7931605e+06
   1.7932321e+06
   1.7933029e+06
   1.7933766e+06
   1.7934628e+06
   1.7935268e+06
   1.7936111e+06
   1.7936945e+06
   1.7937752e+06
   1.7939152e+06
   1.7940809e+06
   1.7941474e+06
   1.7942395e+06
   1.7943015e+06
   1.7944018e+06
   1.7944962e+06
   1.7945749e+06
   1.7946569e+06
   1.7947486e+06
   1.7948259e+06
   1.7949160e+06
   1.7950013e+06
   1.7950702e+06
   1.7951925e+06
   1.7952632e+06
   1.7953618e+06
   1.7954450e+06
   1.7955240e+06
   1.7956154e+06
   1.7956943e+06
   1.7957884e+06
   1.7958658e+06
   1.7959369e+06
   1.7960110e+06
   1.7960994e+06
   1.7961729e+06
   1.7962495e+06
   1.7963404e+06
   1.7964424e+06
   1.7965321e+06
   1.7966092e+06
   1.7966659e+06
   1.7967646e+06
   1.7968505e+06
   1.7969482e+06
   1.7970235e+06
   1.7971181e+06
   1.7971912e+06
   1.7973232e+06
   1.7974396e+06
   1.7975341e+06
   1.7976283e+06
   1.7977278e+06
   1.7978540e+06
   1.7979267e+06
   1.7980424e+06
   1.7981263e+06
   1.7981934e+06
   1.7982973e+06
   1.7983857e+06
   1.7984700e+06
   1.7985609e+06
   1.7986627e+06
   1.7987335e+06
   1.7988232e+06
   1.7989570e+06
   1.7990255e+06
   1.7990965e+06
   1.7991870e+06
   1.7993068e+06
   1.7993921e+06
   1.7994647e+06
   1.7995917e+06
   1.7996893e+06
   1.7997697e+06
   1.7998446e+06
   1.7999166e+06
   1.7999941e+06
   1.8003284e+06
   1.8014300e+06
   1.8020402e+06
   1.8023895e+06
   1.8032894e+06
   1.8035986e+06
   1.8039609e+06
   1.8061599e+06
   1.8070857e+06
   1.8074406e+06
   1.8104847e+06
   1.8108155e+06
   1.8132370e+06
   1.8136401e+06
   1.8139790e+06
   1.8144131e+06
   1.8147231e+06
   1.8150868e+06
   1.8156331e+06
   1.8159870e+06
   1.8162489e+06
   1.8242197e+06
   1.8245796e+06
   1.8252344e+06
   1.8254926e+06
   1.8261163e+06
   1.8267266e+06
   1.8272585e+06
   1.8275799e+06
   1.8277204e+06
   1.8317239e+06
   1.8324676e+06
   1.8326035e+06
   1.8335126e+06
   1.8348010e+06
   1.8349971e+06
   1.8351747e+06
   1.8355304e+06
   1.8362807e+06
   1.8364357e+06
   1.8385434e+06
   1.8392345e+06
   1.8395557e+06
   1.8398976e+06
   1.8400796e+06
   1.8401429e+06
   1.8402130e+06
   1.8403298e+06
   1.8404381e+06
   1.8404948e+06
   1.8405549e+06
   1.8406222e+06
   1.8406958e+06
   1.8407731e+06
   1.8408524e+06
   1.8409374e+06
   1.8410077e+06
   1.8410726e+06
   1.8411677e+06
   1.8412646e+06
   1.8413250e+06
   1.8413818e+06
   1.8414803e+06
   1.8415569e+06
   1.8416131e+06
   1.8416944e+06
   1.8417844e+06
   1.8418679e+06
   1.8419377e+06
   1.8420054e+06
   1.8420732e+06
   1.8421562e+06
   1.8422349e+06
   1.8423227e+06
   1.8424041e+06
   1.8424749e+06
   1.8425366e+06
   1.8426069e+06
   1.8426886e+06
   1.8427515e+06
   1.8428268e+06
   1.8429270e+06
   1.8429985e+06
   1.8430936e+06
   1.8431705e+06
   1.8432356e+06
   1.8433047e+06
   1.8433638e+06
   1.8434378e+06
   1.8435292e+06
   1.8436046e+06
   1.8436821e+06
   1.8437668e+06
   1.8438371e+06
   1.8439023e+06
   1.8439879e+06
   1.8440563e+06
   1.8441200e+06
   1.8441926e+06
   1.8442751e+06
   1.8443502e+06
   1.8444373e+06
   1.8445163e+06
   1.8445921e+06
   1.8446699e+06
   1.8447421e+06
   1.8448123e+06
   1.8448789e+06
   1.8449452e+06
   1.8450325e+06
   1.8451048e+06
   1.8451800e+06
   1.8452779e+06
   1.8453419e+06
   1.8454062e+06
   1.8454740e+06
   1.8455501e+06
   1.8456258e+06
   1.8457012e+06
   1.8457961e+06
   1.8458571e+06
   1.8459471e+06
   1.8460267e+06
   1.8460988e+06
   1.8461758e+06
   1.8462628e+06
   1.8463261e+06
   1.8463984e+06
   1.8464726e+06
   1.8465706e+06
   1.8466666e+06
   1.8467483e+06
   1.8468288e+06
   1.8469049e+06
   1.8469766e+06
   1.8471239e+06
   1.8472203e+06
   1.8472885e+06
   1.8473715e+06
   1.8474492e+06
   1.8475115e+06
   1.8475845e+06
   1.8476565e+06
   1.8477566e+06
   1.8478236e+06
   1.8479032e+06
   1.8479839e+06
   1.8480706e+06
   1.8481430e+06
   1.8482514e+06
   1.8483300e+06
   1.8484281e+06
   1.8484910e+06
   1.8486031e+06
   1.8486892e+06
   1.8487626e+06
   1.8488247e+06
   1.8489023e+06
   1.8490064e+06
   1.8490909e+06
   1.8491683e+06
   1.8492455e+06
   1.8493051e+06
   1.8493934e+06
   1.8494586e+06
   1.8495205e+06
   1.8495907e+06
   1.8496753e+06
   1.8497507e+06
   1.8498272e+06
   1.8498969e+06
   1.8499680e+06
   1.8500487e+06
   1.8501187e+06
   1.8502154e+06
   1.8502876e+06
   1.8503547e+06
   1.8504392e+06
   1.8505195e+06
   1.8506031e+06
   1.8506670e+06
   1.8507582e+06
   1.8508462e+06
   1.8509484e+06
   1.8510247e+06
   1.8511067e+06
   1.8511852e+06
   1.8512610e+06
   1.8513624e+06
   1.8514436e+06
   1.8515279e+06
   1.8515934e+06
   1.8516659e+06
   1.8517539e+06
   1.8518316e+06
   1.8519190e+06
   1.8519803e+06
   1.8520597e+06
   1.8521451e+06
   1.8522245e+06
   1.8523029e+06
   1.8523698e+06
   1.8524370e+06
   1.8525296e+06
   1.8526026e+06
   1.8526963e+06
   1.8527971e+06
   1.8528599e+06
   1.8529281e+06
   1.8530049e+06
   1.8530776e+06
   1.8531446e+06
   1.8532189e+06
   1.8532821e+06
   1.8533866e+06
   1.8534645e+06
   1.8535330e+06
   1.8536181e+06
   1.8537110e+06
   1.8537964e+06
   1.8538837e+06
   1.8539803e+06
   1.8541626e+06
   1.8542332e+06
   1.8543269e+06
   1.8544035e+06
   1.8544780e+06
   1.8545737e+06
   1.8546640e+06
   1.8547779e+06
   1.8548479e+06
   1.8549223e+06
   1.8549962e+06
   1.8550755e+06
   1.8551680e+06
   1.8552501e+06
   1.8553192e+06
   1.8554216e+06
   1.8554957e+06
   1.8555874e+06
   1.8556622e+06
   1.8557363e+06
   1.8558084e+06
   1.8558979e+06
   1.8559985e+06
   1.8560752e+06
   1.8561520e+06
   1.8562403e+06
   1.8563273e+06
   1.8563992e+06
   1.8564807e+06
   1.8565646e+06
   1.8566359e+06
   1.8567085e+06
   1.8568067e+06
   1.8568829e+06
   1.8569698e+06
   1.8570486e+06
   1.8571322e+06
   1.8572303e+06
   1.8573649e+06
   1.8574339e+06
   1.8575220e+06
   1.8575924e+06
   1.8576824e+06
   1.8577587e+06
   1.8578215e+06
   1.8579109e+06
   1.8579929e+06
   1.8580691e+06
   1.8581399e+06
   1.8582450e+06
   1.8583083e+06
   1.8583835e+06
   1.8584533e+06
   1.8585305e+06
   1.8586099e+06
   1.8586772e+06
   1.8587399e+06
   1.8588001e+06
   1.8588790e+06
   1.8589376e+06
   1.8590210e+06
   1.8591328e+06
   1.8592144e+06
   1.8592804e+06
   1.8593531e+06
   1.8594491e+06
   1.8595242e+06
   1.8595968e+06
   1.8597140e+06
   1.8597808e+06
   1.8598575e+06
   1.8599672e+06
   1.8602690e+06
   1.8605601e+06
   1.8609475e+06
   1.8614735e+06
   1.8617730e+06
   1.8637749e+06
   1.8642124e+06
   1.8648730e+06
   1.8664009e+06
   1.8669809e+06
   1.8672371e+06
   1.8676803e+06
   1.8681796e+06
   1.8684857e+06
   1.8687942e+06
   1.8699704e+06
   1.8703684e+06
   1.8708498e+06
   1.8729493e+06
   1.8740832e+06
   1.8752665e+06
   1.8775253e+06
   1.8787156e+06
   1.8789656e+06
   1.8792825e+06
   1.8810258e+06
   1.8812421e+06
   1.8818372e+06
   1.8821236e+06
   1.8823473e+06
   1.8827219e+06
   1.8858631e+06
   1.8861797e+06
   1.8865764e+06
   1.8874187e+06
   1.8878432e+06
   1.8896616e+06
   1.9000664e+06
   1.9001270e+06
   1.9002064e+06
   1.9002771e+06
   1.9003490e+06
   1.9004154e+06
   1.9004771e+06
   1.9005290e+06
   1.9006063e+06
   1.9006711e+06
   1.9007425e+06
   1.9007995e+06
   1.9008555e+06
   1.9009146e+06
   1.9009890e+06
   1.9010465e+06
   1.9011024e+06
   1.9011720e+06
   1.9012787e+06
   1.9013486e+06
   1.9014338e+06
   1.9015004e+06
   1.9015570e+06
   1.9016286e+06
   1.9016988e+06
   1.9017584e+06
   1.9018236e+06
   1.9019267e+06
   1.9020019e+06
   1.9020808e+06
   1.9021488e+06
   1.9022141e+06
   1.9022759e+06
   1.9023495e+06
   1.9024270e+06
   1.9024869e+06
   1.9025595e+06
   1.9026364e+06
   1.9027117e+06
   1.9027782e+06
   1.9028423e+06
   1.9029030e+06
   1.9029695e+06
   1.9030309e+06
   1.9031019e+06
   1.9031469e+06
   1.9031637e+06
   1.9032318e+06
   1.9032402e+06
   1.9033026e+06
   1.9033143e+06
   1.9033789e+06
   1.9033945e+06
   1.9034433e+06
   1.9034548e+06
   1.9035056e+06
   1.9035217e+06
   1.9035900e+06
   1.9035955e+06
   1.9036628e+06
   1.9036689e+06
   1.9037253e+06
   1.9037417e+06
   1.9038069e+06
   1.9038069e+06
   1.9038703e+06
   1.9038804e+06
   1.9039303e+06
   1.9039362e+06
   1.9039990e+06
   1.9039998e+06
   1.9040508e+06
   1.9040590e+06
   1.9041098e+06
   1.9041347e+06
   1.9041898e+06
   1.9042122e+06
   1.9042582e+06
   1.9042592e+06
   1.9043180e+06
   1.9043231e+06
   1.9043963e+06
   1.9043967e+06
   1.9044617e+06
   1.9044695e+06
   1.9045270e+06
   1.9045284e+06
   1.9045910e+06
   1.9046342e+06
   1.9046707e+06
   1.9046991e+06
   1.9047452e+06
   1.9047586e+06
   1.9048175e+06
   1.9048357e+06
   1.9049022e+06
   1.9049079e+06
   1.9049749e+06
   1.9049761e+06
   1.9050380e+06
   1.9050464e+06
   1.9050980e+06
   1.9051178e+06
   1.9051597e+06
   1.9051997e+06
   1.9052270e+06
   1.9052585e+06
   1.9052937e+06
   1.9053353e+06
   1.9053649e+06
   1.9053973e+06
   1.9054246e+06
   1.9054658e+06
   1.9054947e+06
   1.9055497e+06
   1.9055549e+06
   1.9056201e+06
   1.9056268e+06
   1.9056879e+06
   1.9057067e+06
   1.9057473e+06
   1.9057883e+06
   1.9058124e+06
   1.9058635e+06
   1.9058814e+06
   1.9059153e+06
   1.9059440e+06
   1.9059749e+06
   1.9060206e+06
   1.9060340e+06
   1.9060875e+06
   1.9061091e+06
   1.9061546e+06
   1.9061741e+06
   1.9062321e+06
   1.9062631e+06
   1.9063074e+06
   1.9063215e+06
   1.9063826e+06
   1.9063839e+06
   1.9064496e+06
   1.9064506e+06
   1.9065149e+06
   1.9065174e+06
   1.9065924e+06
   1.9066246e+06
   1.9066478e+06
   1.9066992e+06
   1.9067150e+06
   1.9067709e+06
   1.9067842e+06
   1.9068442e+06
   1.9068528e+06
   1.9069209e+06
   1.9069267e+06
   1.9070730e+06
   1.9070737e+06
   1.9071475e+06
   1.9071660e+06
   1.9072167e+06
   1.9072380e+06
   1.9072908e+06
   1.9073153e+06
   1.9073579e+06
   1.9073808e+06
   1.9074389e+06
   1.9074499e+06
   1.9075113e+06
   1.9075177e+06
   1.9075841e+06
   1.9075878e+06
   1.9076583e+06
   1.9076681e+06
   1.9077166e+06
   1.9077822e+06
   1.9077921e+06
   1.9078656e+06
   1.9078745e+06
   1.9079310e+06
   1.9079517e+06
   1.9079898e+06
   1.9080366e+06
   1.9080668e+06
   1.9081147e+06
   1.9081410e+06
   1.9082074e+06
   1.9082353e+06
   1.9082813e+06
   1.9083019e+06
   1.9083702e+06
   1.9083842e+06
   1.9084443e+06
   1.9084863e+06
   1.9085279e+06
   1.9085812e+06
   1.9085930e+06
   1.9086373e+06
   1.9087006e+06
   1.9087064e+06
   1.9087858e+06
   1.9088124e+06
   1.9088541e+06
   1.9088880e+06
   1.9089120e+06
   1.9089623e+06
   1.9089741e+06
   1.9090369e+06
   1.9090561e+06
   1.9090973e+06
   1.9091495e+06
   1.9091690e+06
   1.9092361e+06
   1.9092456e+06
   1.9092949e+06
   1.9093158e+06
   1.9093820e+06
   1.9093889e+06
   1.9094533e+06
   1.9094976e+06
   1.9095227e+06
   1.9095711e+06
   1.9096089e+06
   1.9096468e+06
   1.9096763e+06
   1.9097245e+06
   1.9097309e+06
   1.9097982e+06
   1.9097996e+06
   1.9098803e+06
   1.9098864e+06
   1.9099513e+06
   1.9099607e+06
   1.9100256e+06
   1.9100386e+06
   1.9100917e+06
   1.9101027e+06
   1.9101601e+06
   1.9101938e+06
   1.9102328e+06
   1.9102722e+06
   1.9103250e+06
   1.9103425e+06
   1.9104201e+06
   1.9104231e+06
   1.9104918e+06
   1.9104926e+06
   1.9105576e+06
   1.9105586e+06
   1.9106194e+06
   1.9106268e+06
   1.9106883e+06
   1.9107138e+06
   1.9107761e+06
   1.9107995e+06
   1.9108501e+06
   1.9108722e+06
   1.9109103e+06
   1.9109857e+06
   1.9109934e+06
   1.9110516e+06
   1.9110718e+06
   1.9111155e+06
   1.9111425e+06
   1.9111883e+06
   1.9112099e+06
   1.9112622e+06
   1.9112726e+06
   1.9113352e+06
   1.9113374e+06
   1.9113967e+06
   1.9114103e+06
   1.9114618e+06
   1.9115001e+06
   1.9115302e+06
   1.9115668e+06
   1.9115938e+06
   1.9116596e+06
   1.9116665e+06
   1.9117216e+06
   1.9117365e+06
   1.9118015e+06
   1.9118041e+06
   1.9118855e+06
   1.9118966e+06
   1.9119431e+06
   1.9119606e+06
   1.9120056e+06
   1.9120508e+06
   1.9120787e+06
   1.9121309e+06
   1.9121623e+06
   1.9121998e+06
   1.9122475e+06
   1.9122675e+06
   1.9123144e+06
   1.9123449e+06
   1.9124108e+06
   1.9124377e+06
   1.9124651e+06
   1.9125035e+06
   1.9125233e+06
   1.9125685e+06
   1.9125869e+06
   1.9126328e+06
   1.9126753e+06
   1.9127063e+06
   1.9127276e+06
   1.9127934e+06
   1.9128328e+06
   1.9128607e+06
   1.9129123e+06
   1.9129354e+06
   1.9129820e+06
   1.9130018e+06
   1.9130471e+06
   1.9130883e+06
   1.9131374e+06
   1.9131596e+06
   1.9131984e+06
   1.9132349e+06
   1.9132767e+06
   1.9133143e+06
   1.9133421e+06
   1.9133932e+06
   1.9134226e+06
   1.9134604e+06
   1.9134922e+06
   1.9135275e+06
   1.9135718e+06
   1.9135845e+06
   1.9136328e+06
   1.9136666e+06
   1.9136940e+06
   1.9137549e+06
   1.9137626e+06
   1.9138152e+06
   1.9138370e+06
   1.9139028e+06
   1.9139058e+06
   1.9139670e+06
   1.9139765e+06
   1.9141149e+06
   1.9141271e+06
   1.9141855e+06
   1.9142240e+06
   1.9142744e+06
   1.9142850e+06
   1.9143545e+06
   1.9143549e+06
   1.9144185e+06
   1.9144391e+06
   1.9145106e+06
   1.9145167e+06
   1.9145782e+06
   1.9145817e+06
   1.9146405e+06
   1.9146492e+06
   1.9147204e+06
   1.9147339e+06
   1.9147975e+06
   1.9148184e+06
   1.9148817e+06
   1.9148951e+06
   1.9149676e+06
   1.9149877e+06
   1.9150284e+06
   1.9150758e+06
   1.9150883e+06
   1.9151506e+06
   1.9151788e+06
   1.9152323e+06
   1.9152651e+06
   1.9153289e+06
   1.9153409e+06
   1.9154012e+06
   1.9154130e+06
   1.9154853e+06
   1.9154895e+06
   1.9155588e+06
   1.9155704e+06
   1.9156186e+06
   1.9156519e+06
   1.9156938e+06
   1.9157207e+06
   1.9157792e+06
   1.9158047e+06
   1.9158472e+06
   1.9158708e+06
   1.9159216e+06
   1.9159378e+06
   1.9160054e+06
   1.9160532e+06
   1.9160638e+06
   1.9161243e+06
   1.9161533e+06
   1.9161549e+06
   1.9161585e+06
   1.9161845e+06
   1.9162001e+06
   1.9162101e+06
   1.9162201e+06
   1.9162219e+06
   1.9162304e+06
   1.9162734e+06
   1.9162773e+06
   1.9162871e+06
   1.9162886e+06
   1.9162983e+06
   1.9163014e+06
   1.9163037e+06
   1.9163376e+06
   1.9163597e+06
   1.9163600e+06
   1.9163765e+06
   1.9163808e+06
   1.9163885e+06
   1.9163946e+06
   1.9164010e+06
   1.9164501e+06
   1.9164539e+06
   1.9164609e+06
   1.9164698e+06
   1.9164719e+06
   1.9164884e+06
   1.9164916e+06
   1.9165233e+06
   1.9165267e+06
   1.9165323e+06
   1.9165528e+06
   1.9165572e+06
   1.9165645e+06
   1.9165758e+06
   1.9165872e+06
   1.9166039e+06
   1.9166153e+06
   1.9166184e+06
   1.9166331e+06
   1.9166408e+06
   1.9166647e+06
   1.9166756e+06
   1.9166793e+06
   1.9166860e+06
   1.9167045e+06
   1.9167116e+06
   1.9167178e+06
   1.9167409e+06
   1.9167443e+06
   1.9167578e+06
   1.9167717e+06
   1.9167818e+06
   1.9167956e+06
   1.9168018e+06
   1.9168090e+06
   1.9168204e+06
   1.9168410e+06
   1.9168726e+06
   1.9168764e+06
   1.9168765e+06
   1.9168813e+06
   1.9168965e+06
   1.9169045e+06
   1.9169237e+06
   1.9169494e+06
   1.9169494e+06
   1.9169527e+06
   1.9169564e+06
   1.9169675e+06
   1.9169844e+06
   1.9170110e+06
   1.9170164e+06
   1.9170278e+06
   1.9170404e+06
   1.9170410e+06
   1.9170633e+06
   1.9170675e+06
   1.9170933e+06
   1.9170983e+06
   1.9171006e+06
   1.9171154e+06
   1.9171176e+06
   1.9171376e+06
   1.9171552e+06
   1.9171604e+06
   1.9171693e+06
   1.9171821e+06
   1.9171934e+06
   1.9172156e+06
   1.9172189e+06
   1.9172256e+06
   1.9172266e+06
   1.9172477e+06
   1.9172528e+06
   1.9172690e+06
   1.9172968e+06
   1.9172996e+06
   1.9173017e+06
   1.9173156e+06
   1.9173173e+06
   1.9173341e+06
   1.9173494e+06
   1.9173538e+06
   1.9173797e+06
   1.9173955e+06
   1.9174000e+06
   1.9174007e+06
   1.9174124e+06
   1.9174305e+06
   1.9174319e+06
   1.9174514e+06
   1.9174750e+06
   1.9174763e+06
   1.9174774e+06
   1.9174848e+06
   1.9174947e+06
   1.9175104e+06
   1.9175253e+06
   1.9175415e+06
   1.9175462e+06
   1.9175492e+06
   1.9175529e+06
   1.9175706e+06
   1.9175860e+06
   1.9175914e+06
   1.9176165e+06
   1.9176257e+06
   1.9176352e+06
   1.9176361e+06
   1.9176370e+06
   1.9176597e+06
   1.9176788e+06
   1.9176965e+06
   1.9177076e+06
   1.9177085e+06
   1.9177087e+06
   1.9177208e+06
   1.9177478e+06
   1.9177615e+06
   1.9177753e+06
   1.9177754e+06
   1.9177774e+06
   1.9177784e+06
   1.9177989e+06
   1.9178228e+06
   1.9178369e+06
   1.9178457e+06
   1.9178463e+06
   1.9178465e+06
   1.9178605e+06
   1.9178936e+06
   1.9179031e+06
   1.9179150e+06
   1.9179239e+06
   1.9179264e+06
   1.9179308e+06
   1.9179343e+06
   1.9179658e+06
   1.9179795e+06
   1.9179942e+06
   1.9179980e+06
   1.9180036e+06
   1.9180049e+06
   1.9180212e+06
   1.9180378e+06
   1.9180496e+06
   1.9180746e+06
   1.9180771e+06
   1.9180806e+06
   1.9180809e+06
   1.9181035e+06
   1.9181037e+06
   1.9181396e+06
   1.9181514e+06
   1.9181556e+06
   1.9181629e+06
   1.9181645e+06
   1.9181893e+06
   1.9181934e+06
   1.9182259e+06
   1.9182293e+06
   1.9182294e+06
   1.9182368e+06
   1.9182369e+06
   1.9182712e+06
   1.9182722e+06
   1.9182906e+06
   1.9182972e+06
   1.9182996e+06
   1.9183165e+06
   1.9183315e+06
   1.9183447e+06
   1.9183530e+06
   1.9183584e+06
   1.9183625e+06
   1.9183755e+06
   1.9183848e+06
   1.9184086e+06
   1.9184129e+06
   1.9184226e+06
   1.9184488e+06
   1.9184573e+06
   1.9184610e+06
   1.9184627e+06
   1.9184802e+06
   1.9184862e+06
   1.9185222e+06
   1.9185223e+06
   1.9185335e+06
   1.9185422e+06
   1.9185438e+06
   1.9185520e+06
   1.9185529e+06
   1.9186012e+06
   1.9186104e+06
   1.9186119e+06
   1.9186191e+06
   1.9186249e+06
   1.9186263e+06
   1.9186363e+06
   1.9186654e+06
   1.9186790e+06
   1.9186915e+06
   1.9186923e+06
   1.9186960e+06
   1.9186993e+06
   1.9187031e+06
   1.9187372e+06
   1.9187388e+06
   1.9187570e+06
   1.9187744e+06
   1.9187748e+06
   1.9187777e+06
   1.9188092e+06
   1.9188226e+06
   1.9188233e+06
   1.9188303e+06
   1.9188360e+06
   1.9188572e+06
   1.9188643e+06
   1.9188685e+06
   1.9188919e+06
   1.9188944e+06
   1.9189135e+06
   1.9189142e+06
   1.9189230e+06
   1.9189346e+06
   1.9189350e+06
   1.9189673e+06
   1.9189810e+06
   1.9189909e+06
   1.9189950e+06
   1.9190013e+06
   1.9190095e+06
   1.9190403e+06
   1.9190490e+06
   1.9190541e+06
   1.9190672e+06
   1.9190703e+06
   1.9190802e+06
   1.9190920e+06
   1.9191159e+06
   1.9191225e+06
   1.9191231e+06
   1.9191321e+06
   1.9191337e+06
   1.9191576e+06
   1.9191845e+06
   1.9191869e+06
   1.9191891e+06
   1.9191922e+06
   1.9191953e+06
   1.9192061e+06
   1.9192483e+06
   1.9192588e+06
   1.9192627e+06
   1.9192645e+06
   1.9192657e+06
   1.9192851e+06
   1.9192860e+06
   1.9193272e+06
   1.9193283e+06
   1.9193333e+06
   1.9193363e+06
   1.9193369e+06
   1.9193544e+06
   1.9193546e+06
   1.9193978e+06
   1.9194045e+06
   1.9194140e+06
   1.9194168e+06
   1.9194179e+06
   1.9194255e+06
   1.9194454e+06
   1.9194834e+06
   1.9194876e+06
   1.9194959e+06
   1.9194984e+06
   1.9195031e+06
   1.9195126e+06
   1.9195331e+06
   1.9195715e+06
   1.9195779e+06
   1.9195782e+06
   1.9195836e+06
   1.9195864e+06
   1.9195995e+06
   1.9196111e+06
   1.9196432e+06
   1.9196525e+06
   1.9196603e+06
   1.9196623e+06
   1.9196624e+06
   1.9196666e+06
   1.9196913e+06
   1.9197205e+06
   1.9197272e+06
   1.9197375e+06
   1.9197422e+06
   1.9197471e+06
   1.9197510e+06
   1.9197699e+06
   1.9197883e+06
   1.9197971e+06
   1.9198099e+06
   1.9198130e+06
   1.9198228e+06
   1.9198442e+06
   1.9198521e+06
   1.9198548e+06
   1.9198583e+06
   1.9198839e+06
   1.9198953e+06
   1.9199169e+06
   1.9199225e+06
   1.9199312e+06
   1.9199366e+06
   1.9199447e+06
   1.9199570e+06
   1.9199664e+06
