   3.5122823e+02
   2.1287168e+03
   2.4080692e+03
   3.4123356e+03
   6.1746972e+03
   6.8936334e+03
   7.2143628e+03
   8.3199586e+03
   9.7261577e+03
   1.0101356e+04
   1.0469442e+04
   1.1069751e+04
   1.3427306e+04
   1.3998281e+04
   1.4712360e+04
   1.5495349e+04
   1.6391433e+04
   1.6850726e+04
   1.7610507e+04
   1.8187544e+04
   1.8679988e+04
   2.0517821e+04
   2.1229013e+04
   2.1503935e+04
   2.1954524e+04
   2.2264695e+04
   2.2628317e+04
   2.3026986e+04
   2.4134243e+04
   2.6178443e+04
   2.7161691e+04
   3.4814677e+04
   3.5058427e+04
   3.6061269e+04
   3.8102441e+04
   4.0260558e+04
   4.0794471e+04
   4.1632496e+04
   4.1920515e+04
   4.2327237e+04
   4.2544171e+04
   4.2749420e+04
   4.2945912e+04
   4.5842630e+04
   4.7388110e+04
   4.7546090e+04
   4.7712066e+04
   4.8347589e+04
   4.8551439e+04
   4.9105044e+04
   4.9322777e+04
   4.9535202e+04
   5.0778707e+04
   5.0938723e+04
   5.1210740e+04
   5.1497460e+04
   5.1736087e+04
   5.1945773e+04
   5.2196373e+04
   5.2436426e+04
   5.2623827e+04
   5.2764000e+04
   5.2950997e+04
   5.3164695e+04
   5.3379033e+04
   5.3597788e+04
   5.3962317e+04
   5.4738509e+04
   5.4893930e+04
   5.5297013e+04
   5.5513847e+04
   5.5797153e+04
   5.6128905e+04
   5.6343731e+04
   5.8226602e+04
   5.8541482e+04
   5.9062657e+04
   5.9280132e+04
   5.9603931e+04
   5.9786539e+04
   6.0420065e+04
   6.1945382e+04
   6.3153597e+04
   6.3660102e+04
   6.4012733e+04
   6.4412265e+04
   6.5571226e+04
   6.6660423e+04
   6.7762038e+04
   6.8398948e+04
   6.9675907e+04
   7.0306017e+04
   7.0584587e+04
   7.1006645e+04
   7.1951109e+04
   7.2992708e+04
   7.3369343e+04
   7.5462477e+04
   7.6544672e+04
   7.9712629e+04
   8.0243125e+04
   8.0807773e+04
   8.1412689e+04
   8.1690247e+04
   8.2320119e+04
   8.5954486e+04
   8.6461893e+04
   8.7532254e+04
   8.7865744e+04
   8.8152937e+04
   8.8852357e+04
   8.9189659e+04
   8.9667920e+04
   9.0114320e+04
   9.0907215e+04
   9.1575827e+04
   9.2105265e+04
   9.2505823e+04
   9.2953019e+04
   9.3341576e+04
   9.3824342e+04
   9.4516466e+04
   9.5248182e+04
   9.5700494e+04
   9.6795163e+04
   9.9502825e+04
   1.0014554e+05
   1.0034334e+05
   1.0051797e+05
   1.0073728e+05
   1.0089785e+05
   1.0112341e+05
   1.0135638e+05
   1.0149991e+05
   1.0170210e+05
   1.0200699e+05
   1.0224205e+05
   1.0240579e+05
   1.0251856e+05
   1.0277138e+05
   1.0292740e+05
   1.0315076e+05
   1.0334292e+05
   1.0358616e+05
   1.0373362e+05
   1.0391288e+05
   1.0414838e+05
   1.0436915e+05
   1.0449750e+05
   1.0473558e+05
   1.0504334e+05
   1.0529891e+05
   1.0543984e+05
   1.0597131e+05
   1.0614489e+05
   1.0634897e+05
   1.0653381e+05
   1.0676411e+05
   1.0692222e+05
   1.0729955e+05
   1.0763915e+05
   1.0796812e+05
   1.0847548e+05
   1.0869411e+05
   1.0905066e+05
   1.0957420e+05
   1.0981865e+05
   1.1003448e+05
   1.1039050e+05
   1.1068327e+05
   1.1110211e+05
   1.1192424e+05
   1.1227573e+05
   1.1259151e+05
   1.1326420e+05
   1.1362440e+05
   1.1392712e+05
   1.1455421e+05
   1.1475864e+05
   1.1496549e+05
   1.1534100e+05
   1.1553108e+05
   1.1593400e+05
   1.1615829e+05
   1.1650703e+05
   1.1666820e+05
   1.1689900e+05
   1.1749176e+05
   1.1769206e+05
   1.1800676e+05
   1.1824460e+05
   1.1894018e+05
   1.1923750e+05
   1.1945909e+05
   1.1966956e+05
   1.2051050e+05
   1.2096563e+05
   1.2154946e+05
   1.2232686e+05
   1.2306435e+05
   1.2372445e+05
   1.2442825e+05
   1.2477914e+05
   1.2510719e+05
   1.2539022e+05
   1.2614817e+05
   1.2652821e+05
   1.2738298e+05
   1.2770075e+05
   1.2807547e+05
   1.2914551e+05
   1.2951677e+05
   1.2995010e+05
   1.3071531e+05
   1.3236975e+05
   1.3467739e+05
   1.4281264e+05
   1.4430345e+05
   1.4478249e+05
   1.4565515e+05
   1.4960161e+05
   1.5490306e+05
   1.5808325e+05
   1.5917378e+05
   1.6038505e+05
   1.6069097e+05
   1.6114090e+05
   1.6142666e+05
   1.6178411e+05
   1.6230764e+05
   1.6317920e+05
   1.6370007e+05
   1.6405378e+05
   1.6445499e+05
   1.6481000e+05
   1.6763985e+05
   1.6789149e+05
   1.6863635e+05
   1.6915344e+05
   1.7138882e+05
   1.7207980e+05
   1.7227332e+05
   1.7247838e+05
   1.7281577e+05
   1.7313158e+05
   1.7339765e+05
   1.7366218e+05
   1.7420072e+05
   1.7435307e+05
   1.7459540e+05
   1.7479301e+05
   1.7504470e+05
   1.7531583e+05
   1.8068483e+05
   1.8146313e+05
   1.8205167e+05
   1.8242476e+05
   1.8325547e+05
   1.8406435e+05
   1.8581784e+05
   1.8656189e+05
   1.8708950e+05
   1.9202536e+05
   1.9292470e+05
   1.9339048e+05
   1.9656141e+05
   1.9693072e+05
   1.9761634e+05
   1.9835980e+05
   1.9913364e+05
   2.0153548e+05
   2.0323890e+05
   2.0346346e+05
   2.0416702e+05
   2.0614045e+05
   2.0642988e+05
   2.0764049e+05
   2.0813612e+05
   2.0853328e+05
   2.1117484e+05
   2.1153107e+05
   2.1256310e+05
   2.1294031e+05
   2.1325135e+05
   2.1367752e+05
   2.1504383e+05
   2.1547932e+05
   2.1589048e+05
   2.1619866e+05
   2.1731705e+05
   2.1805213e+05
   2.1853428e+05
   2.1884780e+05
   2.1917870e+05
   2.1954256e+05
   2.2015713e+05
   2.2049525e+05
   2.2072191e+05
   2.2096255e+05
   2.2131245e+05
   2.2161557e+05
   2.2199456e+05
   2.2245662e+05
   2.2339556e+05
   2.2387256e+05
   2.2439718e+05
   2.2505958e+05
   2.2530854e+05
   2.2573824e+05
   2.2624287e+05
   2.2717646e+05
   2.2730543e+05
   2.2744831e+05
   2.2766138e+05
   2.2787577e+05
   2.2811136e+05
   2.2824423e+05
   2.2843669e+05
   2.2865529e+05
   2.2886273e+05
   2.2902528e+05
   2.2915290e+05
   2.2932871e+05
   2.2947797e+05
   2.2966461e+05
   2.2981117e+05
   2.2997828e+05
   2.3025558e+05
   2.3044386e+05
   2.3063714e+05
   2.3081821e+05
   2.3100444e+05
   2.3116672e+05
   2.3144109e+05
   2.3160347e+05
   2.3181933e+05
   2.3198646e+05
   2.3217576e+05
   2.3242323e+05
   2.3272760e+05
   2.3284445e+05
   2.3301184e+05
   2.3314111e+05
   2.3332791e+05
   2.3352453e+05
   2.3364368e+05
   2.3376561e+05
   2.3393767e+05
   2.3432501e+05
   2.3475363e+05
   2.3493568e+05
   2.3541262e+05
   2.3606275e+05
   2.3659398e+05
   2.3712216e+05
   2.3735769e+05
   2.3754664e+05
   2.3782028e+05
   2.3811229e+05
   2.3993513e+05
   2.4078494e+05
   2.4202953e+05
   2.4231311e+05
   2.4276540e+05
   2.4304024e+05
   2.4352252e+05
   2.4425114e+05
   2.4468404e+05
   2.4546208e+05
   2.4578269e+05
   2.4657838e+05
   2.4691818e+05
   2.4781163e+05
   2.4857535e+05
   2.4988320e+05
   2.5194608e+05
   2.5233871e+05
   2.5257964e+05
   2.5295092e+05
   2.5318603e+05
   2.5377717e+05
   2.5402142e+05
   2.5453030e+05
   2.5499635e+05
   2.5534444e+05
   2.8038239e+05
   2.8059906e+05
   2.8086552e+05
   2.8101288e+05
   2.8123452e+05
   2.8159035e+05
   2.8175294e+05
   2.8187774e+05
   2.8214636e+05
   2.8240613e+05
   2.8267406e+05
   2.8289258e+05
   2.8317415e+05
   2.8346781e+05
   2.8374565e+05
   2.8407900e+05
   2.8457760e+05
   2.8529711e+05
   2.8555131e+05
   2.8572515e+05
   2.8606048e+05
   2.8626686e+05
   2.8663203e+05
   2.8680698e+05
   2.8732466e+05
   2.8745946e+05
   2.8758893e+05
   2.8776813e+05
   2.8794514e+05
   2.8807198e+05
   2.8823057e+05
   2.8843987e+05
   2.8860868e+05
   2.8897409e+05
   2.8919492e+05
   2.8939404e+05
   2.8954726e+05
   2.8968538e+05
   2.8998153e+05
   2.9010468e+05
   2.9031588e+05
   2.9045975e+05
   2.9073375e+05
   2.9090787e+05
   2.9109839e+05
   2.9129967e+05
   2.9150923e+05
   2.9169357e+05
   2.9182868e+05
   2.9195397e+05
   2.9215761e+05
   2.9226552e+05
   2.9245963e+05
   2.9267126e+05
   2.9282073e+05
   2.9304333e+05
   2.9327759e+05
   2.9351135e+05
   2.9363240e+05
   2.9436827e+05
   2.9459091e+05
   2.9494168e+05
   2.9513561e+05
   2.9535583e+05
   2.9563024e+05
   2.9606701e+05
   2.9656802e+05
   2.9769645e+05
   2.9804382e+05
   2.9842981e+05
   2.9860283e+05
   2.9875785e+05
   2.9900833e+05
   2.9922334e+05
   2.9938225e+05
   2.9955024e+05
   2.9975361e+05
   3.0123788e+05
   3.0157003e+05
   3.0320521e+05
   3.0363392e+05
   3.0392565e+05
   3.0510199e+05
   3.0544158e+05
   3.0696346e+05
   3.0802707e+05
   3.0854120e+05
   3.0941119e+05
   3.1011900e+05
   3.1057450e+05
   3.1151332e+05
   3.1202234e+05
   3.1331054e+05
   3.1372330e+05
   3.1731863e+05
   3.1905095e+05
   3.1938013e+05
   3.1983541e+05
   3.2030529e+05
   3.2061475e+05
   3.2361119e+05
   3.2398718e+05
   3.2467108e+05
   3.2524588e+05
   3.2566506e+05
   3.2660874e+05
   3.2697834e+05
   3.2726614e+05
   3.2865829e+05
   3.2920060e+05
   3.3141024e+05
   3.3157903e+05
   3.3240822e+05
   3.3263338e+05
   3.3387696e+05
   3.3424255e+05
   3.3450906e+05
   3.3592252e+05
   3.3621592e+05
   3.3657542e+05
   3.3697395e+05
   3.3756453e+05
   3.3817963e+05
   3.3853929e+05
   3.3911853e+05
   3.3979056e+05
   3.4020850e+05
   3.4036785e+05
   3.4058786e+05
   3.4073540e+05
   3.4094783e+05
   3.4110114e+05
   3.4128080e+05
   3.4142507e+05
   3.4156529e+05
   3.4195393e+05
   3.4213884e+05
   3.4227902e+05
   3.4252698e+05
   3.4269129e+05
   3.4289136e+05
   3.4305787e+05
   3.4322707e+05
   3.4346706e+05
   3.4372595e+05
   3.4391241e+05
   3.4408830e+05
   3.4428537e+05
   3.4452490e+05
   3.4472644e+05
   3.4493626e+05
   3.4514052e+05
   3.4548276e+05
   3.4580099e+05
   3.4592683e+05
   3.4617506e+05
   3.4636788e+05
   3.4652957e+05
   3.4667745e+05
   3.4679893e+05
   3.4699451e+05
   3.4744464e+05
   3.4761349e+05
   3.4806035e+05
   3.4827670e+05
   3.4866214e+05
   3.4954525e+05
   3.4979644e+05
   3.5029950e+05
   3.5057642e+05
   3.5095174e+05
   3.5115871e+05
   3.5132433e+05
   3.5343080e+05
   3.5387217e+05
   3.5458080e+05
   3.5469865e+05
   3.5482202e+05
   3.5504608e+05
   3.5519572e+05
   3.5538511e+05
   3.5552350e+05
   3.5566424e+05
   3.5588245e+05
   3.5608849e+05
   3.5625691e+05
   3.5654396e+05
   3.5683523e+05
   3.5703274e+05
   3.5718399e+05
   3.5744157e+05
   3.5793596e+05
   3.5805978e+05
   3.5823531e+05
   3.5846689e+05
   3.5865600e+05
   3.5890546e+05
   3.5916570e+05
   3.5937790e+05
   3.5961755e+05
   3.5982900e+05
   3.6033879e+05
   3.6072836e+05
   3.6120750e+05
   3.6188135e+05
   3.6848749e+05
   3.6899920e+05
   3.6951494e+05
   3.6980753e+05
   3.7032647e+05
   3.7056423e+05
   3.7150966e+05
   3.7200895e+05
   3.7265756e+05
   3.7310371e+05
   3.7385105e+05
   3.7404082e+05
   3.7430186e+05
   3.7490116e+05
   3.7531402e+05
   3.7565766e+05
   3.7611540e+05
   3.7639193e+05
   3.7672426e+05
   3.7701215e+05
   3.7729769e+05
   3.8282252e+05
   3.8344117e+05
   3.8376462e+05
   3.8823609e+05
   3.8875120e+05
   3.8922444e+05
   3.8978832e+05
   3.9204105e+05
   3.9245940e+05
   3.9290039e+05
   3.9508535e+05
   3.9563562e+05
   3.9599559e+05
   3.9790384e+05
   4.0025316e+05
   4.0065559e+05
   4.0102622e+05
   4.2074231e+05
   4.2112229e+05
   4.2165949e+05
   4.2192118e+05
   4.2304479e+05
   4.2571775e+05
   4.2694058e+05
   4.2752703e+05
   4.2813360e+05
   4.2849624e+05
   4.2868583e+05
   4.2986061e+05
   4.3031635e+05
   4.3079694e+05
   4.3105216e+05
   4.3142009e+05
   4.3281422e+05
   4.3304590e+05
   4.3349359e+05
   4.3410592e+05
   4.3463642e+05
   4.3504931e+05
   4.3531957e+05
   4.3600391e+05
   4.3647001e+05
   4.3665795e+05
   4.3728769e+05
   4.3862820e+05
   4.3939469e+05
   4.4022009e+05
   4.4105306e+05
   4.4135361e+05
   4.4726036e+05
   4.4757603e+05
   4.4854654e+05
   4.4944451e+05
   4.4988546e+05
   4.5012695e+05
   4.5055737e+05
   4.5124083e+05
   4.5242360e+05
   4.5561264e+05
   4.5591890e+05
   4.5633995e+05
   4.5654796e+05
   4.5683790e+05
   4.5713822e+05
   4.6092440e+05
   4.6145242e+05
   4.6187741e+05
   4.6226146e+05
   4.6257066e+05
   4.6294693e+05
   4.6321139e+05
   4.6351959e+05
   4.6371537e+05
   4.6401521e+05
   4.6424012e+05
   4.6476283e+05
   4.6516329e+05
   4.6545296e+05
   4.6583264e+05
   4.6612462e+05
   4.6632323e+05
   4.6659724e+05
   4.6726930e+05
   4.6870191e+05
   4.6905308e+05
   4.6925678e+05
   4.6942557e+05
   4.6958182e+05
   4.6980532e+05
   4.7000194e+05
   4.7017869e+05
   4.7041066e+05
   4.7057648e+05
   4.7076363e+05
   4.7092309e+05
   4.7110186e+05
   4.7156246e+05
   4.7184697e+05
   4.7208806e+05
   4.7231806e+05
   4.7252669e+05
   4.7270033e+05
   4.7307277e+05
   4.7337396e+05
   4.7350091e+05
   4.7370574e+05
   4.7529984e+05
   4.7585713e+05
   4.7725235e+05
   4.7804433e+05
   4.8193722e+05
   4.8246082e+05
   4.8923280e+05
   4.8945021e+05
   4.8989045e+05
   4.9328717e+05
   4.9505135e+05
   4.9600985e+05
   4.9649492e+05
   4.9696287e+05
   4.9731379e+05
   4.9781459e+05
   4.9823756e+05
   4.9843960e+05
   4.9893124e+05
   4.9948367e+05
   5.0018070e+05
   5.0116654e+05
   5.0171717e+05
   5.0208700e+05
   5.0314298e+05
   5.0428964e+05
   5.1096535e+05
   5.1137786e+05
   5.1167510e+05
   5.1196403e+05
   5.1225315e+05
   5.1272377e+05
   5.1374093e+05
   5.1412650e+05
   5.1446942e+05
   5.1562352e+05
   5.1595425e+05
   5.1815134e+05
   5.1861366e+05
   5.1915999e+05
   5.2039414e+05
   5.2078283e+05
   5.2115822e+05
   5.2186176e+05
   5.2227259e+05
   5.2246599e+05
   5.2325189e+05
   5.2347555e+05
   5.4034966e+05
   5.4059451e+05
   5.4094081e+05
   5.4138145e+05
   5.4229539e+05
   5.4262251e+05
   5.4453798e+05
   5.4482225e+05
   5.4606461e+05
   5.5232295e+05
   5.5270799e+05
   5.5335982e+05
   5.5399010e+05
   5.5582580e+05
   5.5654831e+05
   5.5692850e+05
   5.6366804e+05
   5.6397814e+05
   5.6855363e+05
   5.6883536e+05
   5.6937350e+05
   5.6993986e+05
   5.7042580e+05
   5.7083561e+05
   5.8021118e+05
   5.8050133e+05
   5.8084671e+05
   5.8099553e+05
   5.8121064e+05
   5.8163474e+05
   5.8182663e+05
   5.8202315e+05
   5.8245788e+05
   5.8269483e+05
   5.8293948e+05
   5.8319953e+05
   5.8333571e+05
   5.8351931e+05
   5.8374237e+05
   5.8390101e+05
   5.8402893e+05
   5.8421614e+05
   5.8442575e+05
   5.8469969e+05
   5.8493398e+05
   5.8515008e+05
   5.8534098e+05
   5.8555835e+05
   5.8572089e+05
   5.8594536e+05
   5.8622073e+05
   5.8639188e+05
   5.8665955e+05
   5.8685322e+05
   5.8740527e+05
   5.8760422e+05
   5.8800164e+05
   5.8835071e+05
   5.8850725e+05
   5.8869128e+05
   5.8900955e+05
   5.8962932e+05
   5.8991468e+05
   5.9018122e+05
   5.9086160e+05
   5.9108212e+05
   5.9130872e+05
   5.9170816e+05
   5.9203906e+05
   5.9234782e+05
   5.9253834e+05
   5.9302495e+05
   5.9338976e+05
   5.9363140e+05
   5.9383873e+05
   5.9417160e+05
   5.9441772e+05
   5.9462900e+05
   5.9485510e+05
   5.9501828e+05
   5.9524889e+05
   5.9543780e+05
   5.9561893e+05
   5.9584069e+05
   5.9599687e+05
   5.9614922e+05
   5.9629170e+05
   5.9643114e+05
   5.9663290e+05
   5.9680235e+05
   5.9705904e+05
   5.9722676e+05
   5.9736463e+05
   5.9755097e+05
   5.9772820e+05
   5.9794909e+05
   5.9822525e+05
   5.9856459e+05
   5.9874915e+05
   5.9896611e+05
   5.9911850e+05
   5.9941435e+05
   5.9969269e+05
   5.9985827e+05
   6.0065769e+05
   6.0134833e+05
   6.0173578e+05
   6.1279891e+05
   6.1315374e+05
   6.1373409e+05
   6.1412986e+05
   6.1459865e+05
   6.1512187e+05
   6.1538872e+05
   6.1605293e+05
   6.2050713e+05
   6.2081843e+05
   6.2248439e+05
   6.2328400e+05
   6.2441187e+05
   6.2592295e+05
   6.3267989e+05
   6.3398378e+05
   6.3450060e+05
   6.3481130e+05
   6.3506122e+05
   6.3667314e+05
   6.3796165e+05
   6.3837636e+05
   6.3899342e+05
   6.3932854e+05
   6.3974508e+05
   6.4081234e+05
   6.4151972e+05
   6.4897604e+05
   6.4998320e+05
   6.5434772e+05
   6.5606295e+05
   6.5825249e+05
   6.6080477e+05
   6.6104148e+05
   6.6138462e+05
   6.6185458e+05
   6.6239834e+05
   6.6263676e+05
   6.6310656e+05
   6.6379894e+05
   6.6471608e+05
   6.6500585e+05
   6.6536240e+05
   6.6561424e+05
   6.6580401e+05
   6.6720626e+05
   6.6859619e+05
   6.6980441e+05
   6.7082483e+05
   6.7106393e+05
   6.7608349e+05
   6.7643911e+05
   6.7704075e+05
   6.7752268e+05
   6.7788326e+05
   6.7825438e+05
   6.7899235e+05
   6.7975443e+05
   6.8062685e+05
   6.8108278e+05
   6.8165867e+05
   6.8201475e+05
   6.8250174e+05
   6.8285071e+05
   6.8320602e+05
   6.8368671e+05
   6.8401265e+05
   6.8452662e+05
   6.8525874e+05
   6.8545465e+05
   6.8576292e+05
   6.8599243e+05
   6.8634696e+05
   6.8774564e+05
   6.8876863e+05
   6.8950959e+05
   6.8985171e+05
   6.9084007e+05
   6.9164258e+05
   6.9187957e+05
   6.9218249e+05
   6.9310008e+05
   6.9347008e+05
   6.9455589e+05
   6.9480621e+05
   6.9571996e+05
   6.9630473e+05
   6.9664321e+05
   6.9692935e+05
   6.9784922e+05
   7.0367382e+05
   7.0550085e+05
   7.0612615e+05
   7.0714896e+05
   7.0800559e+05
   7.0830442e+05
   7.0905690e+05
   7.0989770e+05
   7.1020898e+05
   7.1064299e+05
   7.1141228e+05
   7.1177500e+05
   7.1215115e+05
   7.1262112e+05
   7.1309321e+05
   7.1806189e+05
   7.1928657e+05
   7.1973325e+05
   7.2003681e+05
   7.2022319e+05
   7.2101321e+05
   7.2127535e+05
   7.2166908e+05
   7.2182734e+05
   7.2235788e+05
   7.2307683e+05
   7.2344968e+05
   7.2490365e+05
   7.2511487e+05
   7.2552679e+05
   7.2576237e+05
   7.2643107e+05
   7.2661130e+05
   7.2686862e+05
   7.2730373e+05
   7.2767757e+05
   7.5884038e+05
   7.5914825e+05
   7.6016769e+05
   7.6038985e+05
   7.6055567e+05
   7.6068739e+05
   7.6082716e+05
   7.6110184e+05
   7.6127486e+05
   7.6168914e+05
   7.6189975e+05
   7.6207841e+05
   7.6225739e+05
   7.6240205e+05
   7.6292482e+05
   7.6308661e+05
   7.6328247e+05
   7.6346729e+05
   7.6370381e+05
   7.6388266e+05
   7.6404211e+05
   7.6430890e+05
   7.6446789e+05
   7.6471744e+05
   7.6496161e+05
   7.6518602e+05
   7.6533196e+05
   7.6553745e+05
   7.6960922e+05
   7.6982584e+05
   7.7022106e+05
   7.7048520e+05
   7.7233203e+05
   7.7297653e+05
   7.7312101e+05
   7.7339655e+05
   7.7367356e+05
   7.7419852e+05
   7.7437970e+05
   7.7463951e+05
   7.7486395e+05
   7.7503502e+05
   7.7550268e+05
   7.7566818e+05
   7.7609197e+05
   7.7622726e+05
   7.7663475e+05
   7.7685462e+05
   7.8062426e+05
   7.8089595e+05
   7.8168205e+05
   7.8202995e+05
   7.8237525e+05
   7.8477982e+05
   7.8539309e+05
   7.8563647e+05
   7.8783620e+05
   7.8811123e+05
   7.8866482e+05
   7.8918248e+05
   7.8977631e+05
   7.9052190e+05
   7.9078048e+05
   7.9265330e+05
   7.9379206e+05
   7.9412706e+05
   7.9429127e+05
   7.9507793e+05
   8.0001389e+05
   8.0035188e+05
   8.0092251e+05
   8.0171972e+05
   8.0212296e+05
   8.0913165e+05
   8.0993040e+05
   8.1075493e+05
   8.1140286e+05
   8.1205477e+05
   8.1234018e+05
   8.1255505e+05
   8.1357575e+05
   8.1389268e+05
   8.1416962e+05
   8.1457561e+05
   8.1497878e+05
   8.1578941e+05
   8.1624260e+05
   8.1746159e+05
   8.1789649e+05
   8.1830444e+05
   8.1845419e+05
   8.1981919e+05
   8.2015625e+05
   8.2027616e+05
   8.2038898e+05
   8.2049621e+05
   8.2097841e+05
   8.2141492e+05
   8.2153862e+05
   8.2184438e+05
   8.2198071e+05
   8.2220325e+05
   8.2243058e+05
   8.2260840e+05
   8.2279931e+05
   8.2293775e+05
   8.2331769e+05
   8.2349450e+05
   8.2366824e+05
   8.2401571e+05
   8.2440822e+05
   8.2459554e+05
   8.2473402e+05
   8.2497945e+05
   8.2518508e+05
   8.2545350e+05
   8.2569251e+05
   8.2595833e+05
   8.2612962e+05
   8.2632475e+05
   8.2646234e+05
   8.2663468e+05
   8.2674388e+05
   8.2731462e+05
   8.2753649e+05
   8.2770691e+05
   8.2805262e+05
   8.2830056e+05
   8.2850243e+05
   8.2866550e+05
   8.2887685e+05
   8.2908143e+05
   8.2931387e+05
   8.2976536e+05
   8.2998395e+05
   8.3012461e+05
   8.3053178e+05
   8.3087150e+05
   8.3100884e+05
   8.3116439e+05
   8.3132708e+05
   8.3144328e+05
   8.3171028e+05
   8.3217538e+05
   8.3234638e+05
   8.3257522e+05
   8.3270250e+05
   8.3285535e+05
   8.3306472e+05
   8.3326113e+05
   8.3353559e+05
   8.3366015e+05
   8.3386989e+05
   8.3455605e+05
   8.3473811e+05
   8.3505321e+05
   8.3527067e+05
   8.4141948e+05
   8.4191003e+05
   8.4213247e+05
   8.4418391e+05
   8.4455384e+05
   8.4475052e+05
   8.4521037e+05
   8.4574905e+05
   8.4775463e+05
   8.4840596e+05
   8.4875993e+05
   8.4916387e+05
   8.4974312e+05
   8.5177192e+05
   8.5232374e+05
   8.5359754e+05
   8.5395669e+05
   8.5441371e+05
   8.5467245e+05
   8.5662120e+05
   8.5692682e+05
   8.5723107e+05
   8.5749761e+05
   8.5850704e+05
   8.5881941e+05
   8.5916314e+05
   8.5959118e+05
   8.5979696e+05
   8.6035392e+05
   8.6059709e+05
   8.6091086e+05
   8.6119172e+05
   8.6142997e+05
   8.6167928e+05
   8.6203676e+05
   8.6469661e+05
   8.6692147e+05
   8.6718942e+05
   8.6740421e+05
   8.6760237e+05
   8.6788192e+05
   8.6817448e+05
   8.6849394e+05
   8.7069786e+05
   8.7302774e+05
   8.7464657e+05
   8.7495326e+05
   8.8012700e+05
   8.8029352e+05
   8.8046241e+05
   8.8058515e+05
   8.8076904e+05
   8.8094412e+05
   8.8114787e+05
   8.8131730e+05
   8.8172271e+05
   8.8188621e+05
   8.8204255e+05
   8.8225497e+05
   8.8255864e+05
   8.8270326e+05
   8.8288226e+05
   8.8315387e+05
   8.8330180e+05
   8.8385676e+05
   8.8395985e+05
   8.8420908e+05
   8.8450203e+05
   8.8462319e+05
   8.8482563e+05
   8.8500739e+05
   8.8514745e+05
   8.8526195e+05
   8.8542005e+05
   8.8564089e+05
   8.8576530e+05
   8.8590727e+05
   8.8602067e+05
   8.8623207e+05
   8.8636517e+05
   8.8649101e+05
   8.8682526e+05
   8.8724162e+05
   8.8751404e+05
   8.8767272e+05
   8.8779947e+05
   8.8795013e+05
   8.8806999e+05
   8.8820393e+05
   8.8839722e+05
   8.8857073e+05
   8.8872376e+05
   8.8883033e+05
   8.8901113e+05
   8.8916725e+05
   8.8927706e+05
   8.8944736e+05
   8.8970425e+05
   8.8989265e+05
   8.8998322e+05
   8.9022878e+05
   8.9035706e+05
   8.9784142e+05
   8.9820109e+05
   8.9831903e+05
   8.9850713e+05
   8.9863336e+05
   8.9899820e+05
   8.9915898e+05
   8.9963324e+05
   8.9993497e+05
   9.0057926e+05
   9.0091313e+05
   9.0136294e+05
   9.0159356e+05
   9.0242114e+05
   9.0319301e+05
   9.0339614e+05
   9.0372998e+05
   9.0390753e+05
   9.0407673e+05
   9.0431357e+05
   9.0472562e+05
   9.0490758e+05
   9.0523089e+05
   9.0545547e+05
   9.0876570e+05
   9.1141442e+05
   9.1198192e+05
   9.1380194e+05
   9.1432245e+05
   9.1525338e+05
   9.1568772e+05
   9.1598012e+05
   9.1875730e+05
   9.1977600e+05
   9.2001658e+05
   9.2037526e+05
   9.2070257e+05
   9.2101226e+05
   9.2198116e+05
   9.2336899e+05
   9.2366900e+05
   9.2447230e+05
   9.2556130e+05
   9.2571311e+05
   9.2601887e+05
   9.2621808e+05
   9.2642531e+05
   9.2667805e+05
   9.2709416e+05
   9.3185964e+05
   9.3332148e+05
   9.3952066e+05
   9.4021071e+05
   9.4031197e+05
   9.4042669e+05
   9.4056788e+05
   9.4067427e+05
   9.4081677e+05
   9.4109070e+05
   9.4120553e+05
   9.4139600e+05
   9.4150465e+05
   9.4187832e+05
   9.4208582e+05
   9.4233834e+05
   9.4247195e+05
   9.4259345e+05
   9.4271649e+05
   9.4289959e+05
   9.4313037e+05
   9.4326662e+05
   9.4338450e+05
   9.4349925e+05
   9.4368626e+05
   9.4380696e+05
   9.4393048e+05
   9.4403678e+05
   9.4418906e+05
   9.4432717e+05
   9.4444518e+05
   9.4478744e+05
   9.4492028e+05
   9.4510267e+05
   9.4531394e+05
   9.4549162e+05
   9.4559694e+05
   9.4573512e+05
   9.4593817e+05
   9.4617696e+05
   9.4634059e+05
   9.4651204e+05
   9.4676173e+05
   9.4689071e+05
   9.4716022e+05
   9.4761350e+05
   9.4838998e+05
   9.4852781e+05
   9.4871812e+05
   9.4896735e+05
   9.4910944e+05
   9.4925470e+05
   9.4944433e+05
   9.4985563e+05
   9.5000627e+05
   9.5016345e+05
   9.5038103e+05
   9.5060918e+05
   9.5076077e+05
   9.5091036e+05
   9.5123734e+05
   9.5146813e+05
   9.5172422e+05
   9.5186520e+05
   9.5204219e+05
   9.5225116e+05
   9.5241043e+05
   9.5270662e+05
   9.5288045e+05
   9.5297647e+05
   9.5310273e+05
   9.5322861e+05
   9.5337306e+05
   9.5351821e+05
   9.5363559e+05
   9.5375769e+05
   9.5393817e+05
   9.5422883e+05
   9.5447100e+05
   9.5459661e+05
   9.5471817e+05
   9.5486354e+05
   9.5500185e+05
   9.5515085e+05
   9.5525189e+05
   9.5539095e+05
   9.5548244e+05
   9.5568304e+05
   9.5587997e+05
   9.5611581e+05
   9.5637374e+05
   9.5653677e+05
   9.5671223e+05
   9.5683889e+05
   9.5697882e+05
   9.5708307e+05
   9.5736605e+05
   9.5761104e+05
   9.5780037e+05
   9.5796831e+05
   9.5810610e+05
   9.5840576e+05
   9.5853431e+05
   9.5866548e+05
   9.5892444e+05
   9.5910017e+05
   9.5928174e+05
   9.5942388e+05
   9.5963445e+05
   9.5980179e+05
   9.6080004e+05
   9.6129730e+05
   9.6358792e+05
   9.6386622e+05
   9.6439548e+05
   9.6472437e+05
   9.6588757e+05
   9.6663834e+05
   9.6802470e+05
   9.6824610e+05
   9.6850439e+05
   9.6971381e+05
   9.6998334e+05
   9.7017422e+05
   9.7054975e+05
   9.7270234e+05
   9.9553738e+05
   9.9650775e+05
   9.9667278e+05
   9.9739707e+05
   9.9830644e+05
   9.9849780e+05
   9.9883105e+05
   9.9905971e+05
   9.9929756e+05
   9.9967868e+05
   1.0002614e+06
   1.0004814e+06
   1.0006464e+06
   1.0007766e+06
   1.0009041e+06
   1.0012640e+06
   1.0013384e+06
   1.0015145e+06
   1.0016360e+06
   1.0017520e+06
   1.0019239e+06
   1.0020435e+06
   1.0023943e+06
   1.0026399e+06
   1.0029029e+06
   1.0030452e+06
   1.0031790e+06
   1.0032771e+06
   1.0033870e+06
   1.0035096e+06
   1.0036806e+06
   1.0040819e+06
   1.0041630e+06
   1.0042724e+06
   1.0045032e+06
   1.0046201e+06
   1.0049335e+06
   1.0050640e+06
   1.0051614e+06
   1.0053077e+06
   1.0054363e+06
   1.0056136e+06
   1.0058730e+06
   1.0061292e+06
   1.0062538e+06
   1.0063892e+06
   1.0065437e+06
   1.0066702e+06
   1.0069499e+06
   1.0071979e+06
   1.0074844e+06
   1.0077946e+06
   1.0079312e+06
   1.0080319e+06
   1.0083174e+06
   1.0084791e+06
   1.0086185e+06
   1.0087511e+06
   1.0089379e+06
   1.0090468e+06
   1.0091668e+06
   1.0093012e+06
   1.0099086e+06
   1.0099995e+06
   1.0102437e+06
   1.0104060e+06
   1.0114200e+06
   1.0116025e+06
   1.0117101e+06
   1.0119659e+06
   1.0122300e+06
   1.0123339e+06
   1.0124635e+06
   1.0126382e+06
   1.0128942e+06
   1.0131683e+06
   1.0133116e+06
   1.0134620e+06
   1.0138748e+06
   1.0143323e+06
   1.0145580e+06
   1.0147055e+06
   1.0156203e+06
   1.0158150e+06
   1.0160178e+06
   1.0162842e+06
   1.0164700e+06
   1.0166405e+06
   1.0169939e+06
   1.0171435e+06
   1.0172715e+06
   1.0173689e+06
   1.0175140e+06
   1.0180969e+06
   1.0182489e+06
   1.0184485e+06
   1.0186620e+06
   1.0188452e+06
   1.0189538e+06
   1.0191496e+06
   1.0192757e+06
   1.0196548e+06
   1.0198774e+06
   1.0203180e+06
   1.0208501e+06
   1.0211951e+06
   1.0218731e+06
   1.0225521e+06
   1.0227772e+06
   1.0233376e+06
   1.0236449e+06
   1.0239003e+06
   1.0242996e+06
   1.0299535e+06
   1.0302475e+06
   1.0310633e+06
   1.0313209e+06
   1.0318106e+06
   1.0319913e+06
   1.0323597e+06
   1.0326628e+06
   1.0330021e+06
   1.0333354e+06
   1.0335391e+06
   1.0343262e+06
   1.0351322e+06
   1.0354878e+06
   1.0357819e+06
   1.0361640e+06
   1.0373904e+06
   1.0384991e+06
   1.0387773e+06
   1.0400363e+06
   1.0402245e+06
   1.0404844e+06
   1.0407197e+06
   1.0409966e+06
   1.0416125e+06
   1.0427079e+06
   1.0452280e+06
   1.0456580e+06
   1.0459944e+06
   1.0462318e+06
   1.0476934e+06
   1.0479821e+06
   1.0601296e+06
   1.0603048e+06
   1.0604398e+06
   1.0606075e+06
   1.0607442e+06
   1.0609696e+06
   1.0611537e+06
   1.0613089e+06
   1.0616211e+06
   1.0619340e+06
   1.0621252e+06
   1.0622772e+06
   1.0624915e+06
   1.0626614e+06
   1.0627964e+06
   1.0629738e+06
   1.0631149e+06
   1.0632491e+06
   1.0634037e+06
   1.0635177e+06
   1.0637568e+06
   1.0638638e+06
   1.0639876e+06
   1.0642092e+06
   1.0643421e+06
   1.0644909e+06
   1.0645847e+06
   1.0648837e+06
   1.0650346e+06
   1.0651401e+06
   1.0652545e+06
   1.0654235e+06
   1.0655344e+06
   1.0658149e+06
   1.0659132e+06
   1.0660387e+06
   1.0661723e+06
   1.0663903e+06
   1.0665202e+06
   1.0667108e+06
   1.0668696e+06
   1.0672210e+06
   1.0673598e+06
   1.0674935e+06
   1.0676085e+06
   1.0677238e+06
   1.0678584e+06
   1.0679583e+06
   1.0680476e+06
   1.0684096e+06
   1.0685475e+06
   1.0687328e+06
   1.0688489e+06
   1.0693721e+06
   1.0694984e+06
   1.0696357e+06
   1.0697806e+06
   1.0699517e+06
   1.0700649e+06
   1.0701773e+06
   1.0703574e+06
   1.0705289e+06
   1.0706929e+06
   1.0708168e+06
   1.0710000e+06
   1.0716368e+06
   1.0717850e+06
   1.0719041e+06
   1.0721081e+06
   1.0723564e+06
   1.0725114e+06
   1.0726601e+06
   1.0727700e+06
   1.0729135e+06
   1.0730390e+06
   1.0732655e+06
   1.0733958e+06
   1.0735135e+06
   1.0736685e+06
   1.0738345e+06
   1.0739324e+06
   1.0742192e+06
   1.0743434e+06
   1.0745337e+06
   1.0746946e+06
   1.0748248e+06
   1.0750420e+06
   1.0752295e+06
   1.0753892e+06
   1.0756136e+06
   1.0758415e+06
   1.0759906e+06
   1.0761342e+06
   1.0763161e+06
   1.0764531e+06
   1.0765697e+06
   1.0767765e+06
   1.0769618e+06
   1.0770966e+06
   1.0772460e+06
   1.0773440e+06
   1.0775660e+06
   1.0776846e+06
   1.0784363e+06
   1.0786078e+06
   1.0788678e+06
   1.0790753e+06
   1.0791820e+06
   1.0793770e+06
   1.0794941e+06
   1.0796452e+06
   1.0797578e+06
   1.0798975e+06
   1.0801360e+06
   1.0809053e+06
   1.0817960e+06
   1.0820704e+06
   1.0822808e+06
   1.0831554e+06
   1.0843361e+06
   1.0859895e+06
   1.0862608e+06
   1.0875467e+06
   1.0887107e+06
   1.0892471e+06
   1.0893691e+06
   1.0896051e+06
   1.0898318e+06
   1.0900587e+06
   1.0904430e+06
   1.0906087e+06
   1.0940479e+06
   1.0946524e+06
   1.0949999e+06
   1.0955387e+06
   1.1003475e+06
   1.1008746e+06
   1.1010731e+06
   1.1019137e+06
   1.1023233e+06
   1.1076526e+06
   1.1081790e+06
   1.1085430e+06
   1.1104187e+06
   1.1110106e+06
   1.1142536e+06
   1.1145800e+06
   1.1149938e+06
   1.1152275e+06
   1.1166371e+06
   1.1170642e+06
   1.1172186e+06
   1.1175468e+06
   1.1178797e+06
   1.1182444e+06
   1.1185976e+06
   1.1195817e+06
   1.1201059e+06
   1.1202087e+06
   1.1204307e+06
   1.1205160e+06
   1.1206808e+06
   1.1207774e+06
   1.1210443e+06
   1.1211624e+06
   1.1213399e+06
   1.1214512e+06
   1.1215971e+06
   1.1216968e+06
   1.1218105e+06
   1.1220213e+06
   1.1221062e+06
   1.1222274e+06
   1.1223377e+06
   1.1225044e+06
   1.1226460e+06
   1.1227864e+06
   1.1228720e+06
   1.1230496e+06
   1.1231596e+06
   1.1232438e+06
   1.1233482e+06
   1.1234805e+06
   1.1236007e+06
   1.1236890e+06
   1.1238614e+06
   1.1240040e+06
   1.1240999e+06
   1.1242732e+06
   1.1244690e+06
   1.1246331e+06
   1.1247339e+06
   1.1248748e+06
   1.1250487e+06
   1.1251359e+06
   1.1252463e+06
   1.1253772e+06
   1.1255541e+06
   1.1256720e+06
   1.1257980e+06
   1.1258910e+06
   1.1260328e+06
   1.1261244e+06
   1.1262830e+06
   1.1264026e+06
   1.1265100e+06
   1.1266671e+06
   1.1269050e+06
   1.1271478e+06
   1.1272511e+06
   1.1273888e+06
   1.1275237e+06
   1.1276915e+06
   1.1279254e+06
   1.1280297e+06
   1.1281867e+06
   1.1283366e+06
   1.1285431e+06
   1.1286662e+06
   1.1287682e+06
   1.1288607e+06
   1.1290426e+06
   1.1292534e+06
   1.1294511e+06
   1.1295512e+06
   1.1296607e+06
   1.1298116e+06
   1.1299154e+06
   1.1300868e+06
   1.1302204e+06
   1.1303726e+06
   1.1305340e+06
   1.1306419e+06
   1.1308111e+06
   1.1309290e+06
   1.1310433e+06
   1.1311508e+06
   1.1313000e+06
   1.1314060e+06
   1.1315048e+06
   1.1316006e+06
   1.1317705e+06
   1.1318526e+06
   1.1319592e+06
   1.1321822e+06
   1.1323554e+06
   1.1325085e+06
   1.1327212e+06
   1.1329562e+06
   1.1332241e+06
   1.1333914e+06
   1.1335339e+06
   1.1336513e+06
   1.1337762e+06
   1.1341996e+06
   1.1343602e+06
   1.1344854e+06
   1.1349889e+06
   1.1350932e+06
   1.1352904e+06
   1.1354602e+06
   1.1356953e+06
   1.1359090e+06
   1.1360309e+06
   1.1361558e+06
   1.1363161e+06
   1.1364556e+06
   1.1366538e+06
   1.1368360e+06
   1.1369728e+06
   1.1371368e+06
   1.1379054e+06
   1.1380248e+06
   1.1381314e+06
   1.1382782e+06
   1.1384827e+06
   1.1385819e+06
   1.1387332e+06
   1.1388516e+06
   1.1389943e+06
   1.1391902e+06
   1.1394025e+06
   1.1395876e+06
   1.1397058e+06
   1.1398382e+06
   1.1399868e+06
   1.1403198e+06
   1.1409429e+06
   1.1413999e+06
   1.1419512e+06
   1.1421630e+06
   1.1434602e+06
   1.1437075e+06
   1.1452891e+06
   1.1455030e+06
   1.1462917e+06
   1.1768174e+06
   1.1769773e+06
   1.1775047e+06
   1.1777085e+06
   1.1781807e+06
   1.1783769e+06
   1.1787810e+06
   1.1792025e+06
   1.1794259e+06
   1.1797120e+06
   1.1801055e+06
   1.1802170e+06
   1.1803565e+06
   1.1804564e+06
   1.1806089e+06
   1.1808381e+06
   1.1809815e+06
   1.1811054e+06
   1.1812191e+06
   1.1813364e+06
   1.1814688e+06
   1.1815685e+06
   1.1816694e+06
   1.1818408e+06
   1.1820151e+06
   1.1822211e+06
   1.1823499e+06
   1.1825147e+06
   1.1827096e+06
   1.1828696e+06
   1.1830899e+06
   1.1831910e+06
   1.1833215e+06
   1.1835263e+06
   1.1836300e+06
   1.1837557e+06
   1.1839045e+06
   1.1840596e+06
   1.1841262e+06
   1.1843187e+06
   1.1844197e+06
   1.1845755e+06
   1.1847591e+06
   1.1848721e+06
   1.1850266e+06
   1.1853595e+06
   1.1855584e+06
   1.1857138e+06
   1.1858131e+06
   1.1859142e+06
   1.1860683e+06
   1.1862016e+06
   1.1863755e+06
   1.1865260e+06
   1.1866314e+06
   1.1867662e+06
   1.1868833e+06
   1.1869931e+06
   1.1872604e+06
   1.1873513e+06
   1.1875062e+06
   1.1876352e+06
   1.1878267e+06
   1.1879842e+06
   1.1881093e+06
   1.1882573e+06
   1.1884025e+06
   1.1885993e+06
   1.1887938e+06
   1.1889257e+06
   1.1890330e+06
   1.1891467e+06
   1.1893693e+06
   1.1894713e+06
   1.1895801e+06
   1.1896660e+06
   1.1897618e+06
   1.1900048e+06
   1.1901130e+06
   1.1902620e+06
   1.1904811e+06
   1.1905813e+06
   1.1907113e+06
   1.1908494e+06
   1.1909838e+06
   1.1911511e+06
   1.1912637e+06
   1.1914562e+06
   1.1916010e+06
   1.1917146e+06
   1.1918360e+06
   1.1919387e+06
   1.1929745e+06
   1.1930837e+06
   1.1932444e+06
   1.1933623e+06
   1.1935374e+06
   1.1939196e+06
   1.1943440e+06
   1.1944821e+06
   1.1945831e+06
   1.1946867e+06
   1.1948559e+06
   1.1949885e+06
   1.1951794e+06
   1.1953034e+06
   1.1955533e+06
   1.1956679e+06
   1.1958073e+06
   1.1959966e+06
   1.1961923e+06
   1.1963218e+06
   1.1967780e+06
   1.1968875e+06
   1.1970788e+06
   1.1972104e+06
   1.1973205e+06
   1.1974717e+06
   1.1976517e+06
   1.1977504e+06
   1.1978735e+06
   1.1980659e+06
   1.1982108e+06
   1.1983492e+06
   1.1984866e+06
   1.1985969e+06
   1.1988104e+06
   1.1989277e+06
   1.1990720e+06
   1.1992315e+06
   1.1994906e+06
   1.1996259e+06
   1.1997491e+06
   1.1998742e+06
   1.1999913e+06
   1.2008648e+06
   1.2010070e+06
   1.2018034e+06
   1.2020672e+06
   1.2125181e+06
   1.2129942e+06
   1.2146834e+06
   1.2150956e+06
   1.2157826e+06
   1.2182517e+06
   1.2185806e+06
   1.2197514e+06
   1.2201975e+06
   1.2206506e+06
   1.2213350e+06
   1.2216195e+06
   1.2221778e+06
   1.2225613e+06
   1.2229997e+06
   1.2234680e+06
   1.2237618e+06
   1.2260896e+06
   1.2274549e+06
   1.2277318e+06
   1.2281102e+06
   1.2283072e+06
   1.2285284e+06
   1.2288883e+06
   1.2291484e+06
   1.2295212e+06
   1.2298260e+06
   1.2301542e+06
   1.2326968e+06
   1.2331300e+06
   1.2332967e+06
   1.2334469e+06
   1.2347122e+06
   1.2349504e+06
   1.2356237e+06
   1.2359990e+06
   1.2362397e+06
   1.2365274e+06
   1.2370116e+06
   1.2377001e+06
   1.2381358e+06
   1.2385061e+06
   1.2390412e+06
   1.2392230e+06
   1.2395454e+06
   1.2397001e+06
   1.2401046e+06
   1.2402474e+06
   1.2403433e+06
   1.2404908e+06
   1.2406268e+06
   1.2407552e+06
   1.2409370e+06
   1.2411036e+06
   1.2411919e+06
   1.2412838e+06
   1.2413888e+06
   1.2415298e+06
   1.2416332e+06
   1.2417532e+06
   1.2418665e+06
   1.2420242e+06
   1.2421343e+06
   1.2422416e+06
   1.2423799e+06
   1.2425311e+06
   1.2426732e+06
   1.2427730e+06
   1.2428779e+06
   1.2429778e+06
   1.2430664e+06
   1.2432025e+06
   1.2433299e+06
   1.2435156e+06
   1.2437279e+06
   1.2439405e+06
   1.2440528e+06
   1.2441715e+06
   1.2442830e+06
   1.2444405e+06
   1.2445580e+06
   1.2446801e+06
   1.2447670e+06
   1.2448604e+06
   1.2449789e+06
   1.2451037e+06
   1.2452623e+06
   1.2453790e+06
   1.2454764e+06
   1.2456406e+06
   1.2457530e+06
   1.2458859e+06
   1.2460204e+06
   1.2461959e+06
   1.2462997e+06
   1.2464260e+06
   1.2465424e+06
   1.2466692e+06
   1.2467479e+06
   1.2468550e+06
   1.2470982e+06
   1.2472129e+06
   1.2473553e+06
   1.2474934e+06
   1.2476075e+06
   1.2477654e+06
   1.2479357e+06
   1.2480957e+06
   1.2482065e+06
   1.2483204e+06
   1.2484333e+06
   1.2485906e+06
   1.2487380e+06
   1.2490211e+06
   1.2491271e+06
   1.2493050e+06
   1.2494137e+06
   1.2495136e+06
   1.2496626e+06
   1.2497666e+06
   1.2499294e+06
   1.2501011e+06
   1.2501927e+06
   1.2503017e+06
   1.2504071e+06
   1.2505479e+06
   1.2509078e+06
   1.2510210e+06
   1.2511333e+06
   1.2512836e+06
   1.2514090e+06
   1.2515381e+06
   1.2516505e+06
   1.2517892e+06
   1.2519141e+06
   1.2520742e+06
   1.2523076e+06
   1.2524412e+06
   1.2525302e+06
   1.2526382e+06
   1.2527676e+06
   1.2529360e+06
   1.2530408e+06
   1.2531114e+06
   1.2532134e+06
   1.2533863e+06
   1.2535361e+06
   1.2537087e+06
   1.2537980e+06
   1.2539109e+06
   1.2541104e+06
   1.2542006e+06
   1.2544134e+06
   1.2545338e+06
   1.2547663e+06
   1.2548977e+06
   1.2550162e+06
   1.2551621e+06
   1.2552445e+06
   1.2553572e+06
   1.2554912e+06
   1.2558414e+06
   1.2559350e+06
   1.2561862e+06
   1.2563952e+06
   1.2565264e+06
   1.2566465e+06
   1.2568163e+06
   1.2570086e+06
   1.2571567e+06
   1.2572805e+06
   1.2574145e+06
   1.2575683e+06
   1.2576810e+06
   1.2577928e+06
   1.2579106e+06
   1.2580286e+06
   1.2582627e+06
   1.2583929e+06
   1.2585632e+06
   1.2586559e+06
   1.2587882e+06
   1.2589098e+06
   1.2591641e+06
   1.2593461e+06
   1.2595186e+06
   1.2596347e+06
   1.2597272e+06
   1.2598207e+06
   1.2599369e+06
   1.2607682e+06
   1.2618641e+06
   1.2644178e+06
   1.2649886e+06
   1.2653351e+06
   1.2656253e+06
   1.2658460e+06
   1.2699182e+06
   1.2703850e+06
   1.2706542e+06
   1.2713270e+06
   1.2719469e+06
   1.2723186e+06
   1.2725192e+06
   1.2726639e+06
   1.2734154e+06
   1.2744411e+06
   1.2748450e+06
   1.2769047e+06
   1.2776091e+06
   1.2824233e+06
   1.2835202e+06
   1.2840110e+06
   1.2844883e+06
   1.2847220e+06
   1.2852590e+06
   1.2855292e+06
   1.2857366e+06
   1.2884130e+06
   1.2888174e+06
   1.2894811e+06
   1.2921506e+06
   1.2926527e+06
   1.2934334e+06
   1.2937120e+06
   1.2946747e+06
   1.2957501e+06
   1.2961081e+06
   1.2967066e+06
   1.2970731e+06
   1.2976831e+06
   1.2979028e+06
   1.2981763e+06
   1.2986968e+06
   1.2991242e+06
   1.2992550e+06
   1.3002285e+06
   1.3004051e+06
   1.3005745e+06
   1.3007261e+06
   1.3008394e+06
   1.3009262e+06
   1.3010035e+06
   1.3010793e+06
   1.3012053e+06
   1.3013462e+06
   1.3014417e+06
   1.3015526e+06
   1.3016781e+06
   1.3018520e+06
   1.3020024e+06
   1.3021180e+06
   1.3022364e+06
   1.3023482e+06
   1.3024357e+06
   1.3025240e+06
   1.3026955e+06
   1.3027914e+06
   1.3029205e+06
   1.3030110e+06
   1.3031470e+06
   1.3032830e+06
   1.3033834e+06
   1.3034775e+06
   1.3036653e+06
   1.3037414e+06
   1.3038624e+06
   1.3040038e+06
   1.3042053e+06
   1.3043082e+06
   1.3044238e+06
   1.3045076e+06
   1.3045761e+06
   1.3047368e+06
   1.3050239e+06
   1.3051313e+06
   1.3052328e+06
   1.3053651e+06
   1.3055002e+06
   1.3055759e+06
   1.3057278e+06
   1.3058399e+06
   1.3059815e+06
   1.3060681e+06
   1.3061794e+06
   1.3063012e+06
   1.3064328e+06
   1.3065513e+06
   1.3066486e+06
   1.3067431e+06
   1.3068440e+06
   1.3069657e+06
   1.3072064e+06
   1.3073434e+06
   1.3074344e+06
   1.3075886e+06
   1.3077123e+06
   1.3078240e+06
   1.3079604e+06
   1.3080993e+06
   1.3082674e+06
   1.3084206e+06
   1.3085738e+06
   1.3089291e+06
   1.3090310e+06
   1.3091151e+06
   1.3093095e+06
   1.3094004e+06
   1.3095093e+06
   1.3096027e+06
   1.3097196e+06
   1.3098448e+06
   1.3099664e+06
   1.3100777e+06
   1.3102191e+06
   1.3104284e+06
   1.3105148e+06
   1.3106330e+06
   1.3107510e+06
   1.3109026e+06
   1.3110088e+06
   1.3111271e+06
   1.3112771e+06
   1.3114974e+06
   1.3116364e+06
   1.3119536e+06
   1.3120582e+06
   1.3122064e+06
   1.3123430e+06
   1.3124474e+06
   1.3125972e+06
   1.3126810e+06
   1.3127926e+06
   1.3129159e+06
   1.3130931e+06
   1.3132559e+06
   1.3133738e+06
   1.3135783e+06
   1.3138161e+06
   1.3139422e+06
   1.3142263e+06
   1.3143594e+06
   1.3144305e+06
   1.3145258e+06
   1.3146572e+06
   1.3148423e+06
   1.3150066e+06
   1.3151395e+06
   1.3153052e+06
   1.3154471e+06
   1.3155722e+06
   1.3159394e+06
   1.3160802e+06
   1.3162693e+06
   1.3164804e+06
   1.3166789e+06
   1.3168290e+06
   1.3169423e+06
   1.3170626e+06
   1.3172691e+06
   1.3173892e+06
   1.3175399e+06
   1.3176655e+06
   1.3178177e+06
   1.3179601e+06
   1.3180592e+06
   1.3181483e+06
   1.3182672e+06
   1.3183760e+06
   1.3185404e+06
   1.3186929e+06
   1.3188462e+06
   1.3189664e+06
   1.3191000e+06
   1.3192923e+06
   1.3194304e+06
   1.3195917e+06
   1.3197483e+06
   1.3198543e+06
   1.3199948e+06
   1.3203013e+06
   1.3212516e+06
   1.3215960e+06
   1.3219640e+06
   1.3222372e+06
   1.3226695e+06
   1.3252360e+06
   1.3278223e+06
   1.3281752e+06
   1.3286097e+06
   1.3288715e+06
   1.3295301e+06
   1.3300527e+06
   1.3303955e+06
   1.3311930e+06
   1.3318121e+06
   1.3322471e+06
   1.3326723e+06
   1.3336114e+06
   1.3338345e+06
   1.3340042e+06
   1.3349482e+06
   1.3351496e+06
   1.3365205e+06
   1.3372656e+06
   1.3375394e+06
   1.3382233e+06
   1.3386731e+06
   1.3389802e+06
   1.3392672e+06
   1.3396001e+06
   1.3600927e+06
   1.3602266e+06
   1.3603823e+06
   1.3604564e+06
   1.3605468e+06
   1.3606268e+06
   1.3607682e+06
   1.3608724e+06
   1.3609960e+06
   1.3610863e+06
   1.3612056e+06
   1.3612872e+06
   1.3614132e+06
   1.3615514e+06
   1.3616670e+06
   1.3617719e+06
   1.3618390e+06
   1.3619294e+06
   1.3620358e+06
   1.3621483e+06
   1.3622592e+06
   1.3623386e+06
   1.3626375e+06
   1.3627738e+06
   1.3628582e+06
   1.3630622e+06
   1.3631780e+06
   1.3636708e+06
   1.3637411e+06
   1.3638495e+06
   1.3639718e+06
   1.3641070e+06
   1.3642077e+06
   1.3642879e+06
   1.3643695e+06
   1.3644965e+06
   1.3645972e+06
   1.3647007e+06
   1.3647999e+06
   1.3649131e+06
   1.3650633e+06
   1.3651952e+06
   1.3653781e+06
   1.3654817e+06
   1.3656298e+06
   1.3657868e+06
   1.3659013e+06
   1.3660440e+06
   1.3661544e+06
   1.3662608e+06
   1.3663649e+06
   1.3664426e+06
   1.3665369e+06
   1.3666233e+06
   1.3667159e+06
   1.3668307e+06
   1.3671778e+06
   1.3672951e+06
   1.3673966e+06
   1.3674959e+06
   1.3676364e+06
   1.3677427e+06
   1.3678961e+06
   1.3680000e+06
   1.3680896e+06
   1.3682286e+06
   1.3683469e+06
   1.3684557e+06
   1.3685630e+06
   1.3687437e+06
   1.3688484e+06
   1.3689405e+06
   1.3690511e+06
   1.3691899e+06
   1.3693066e+06
   1.3694282e+06
   1.3695287e+06
   1.3696084e+06
   1.3697354e+06
   1.3698785e+06
   1.3699748e+06
   1.3700796e+06
   1.3702018e+06
   1.3703054e+06
   1.3704653e+06
   1.3705849e+06
   1.3708338e+06
   1.3709797e+06
   1.3710773e+06
   1.3711913e+06
   1.3712756e+06
   1.3713836e+06
   1.3714933e+06
   1.3716049e+06
   1.3720581e+06
   1.3721855e+06
   1.3722949e+06
   1.3724494e+06
   1.3726190e+06
   1.3727292e+06
   1.3729263e+06
   1.3730474e+06
   1.3731700e+06
   1.3732880e+06
   1.3733817e+06
   1.3736215e+06
   1.3737179e+06
   1.3738310e+06
   1.3739102e+06
   1.3741652e+06
   1.3743973e+06
   1.3745309e+06
   1.3746264e+06
   1.3747232e+06
   1.3748138e+06
   1.3749392e+06
   1.3750556e+06
   1.3751976e+06
   1.3753617e+06
   1.3754881e+06
   1.3756455e+06
   1.3757492e+06
   1.3758671e+06
   1.3759811e+06
   1.3760908e+06
   1.3762354e+06
   1.3763250e+06
   1.3764357e+06
   1.3765149e+06
   1.3766914e+06
   1.3768391e+06
   1.3769627e+06
   1.3770910e+06
   1.3771768e+06
   1.3772800e+06
   1.3774568e+06
   1.3776018e+06
   1.3776920e+06
   1.3777624e+06
   1.3778860e+06
   1.3780223e+06
   1.3781641e+06
   1.3782351e+06
   1.3783566e+06
   1.3784504e+06
   1.3785970e+06
   1.3787069e+06
   1.3788483e+06
   1.3789360e+06
   1.3790454e+06
   1.3791706e+06
   1.3792916e+06
   1.3794268e+06
   1.3795710e+06
   1.3796848e+06
   1.3798362e+06
   1.3799793e+06
   1.3802081e+06
   1.3804508e+06
   1.3808895e+06
   1.3814377e+06
   1.3817753e+06
   1.3821165e+06
   1.3825415e+06
   1.3916056e+06
   1.3925273e+06
   1.3932127e+06
   1.3934828e+06
   1.3938288e+06
   1.3940158e+06
   1.3945585e+06
   1.3948948e+06
   1.4005839e+06
   1.4008449e+06
   1.4012746e+06
   1.4015829e+06
   1.4018437e+06
   1.4041650e+06
   1.4043814e+06
   1.4053339e+06
   1.4058068e+06
   1.4060164e+06
   1.4078934e+06
   1.4081573e+06
   1.4085009e+06
   1.4106996e+06
   1.4112272e+06
   1.4174347e+06
   1.4182021e+06
   1.4185999e+06
   1.4191762e+06
   1.4195761e+06
   1.4198527e+06
   1.4199999e+06
   1.4200847e+06
   1.4201871e+06
   1.4203753e+06
   1.4205164e+06
   1.4206130e+06
   1.4207219e+06
   1.4208205e+06
   1.4209092e+06
   1.4209989e+06
   1.4211028e+06
   1.4212034e+06
   1.4213189e+06
   1.4214441e+06
   1.4215563e+06
   1.4216592e+06
   1.4217234e+06
   1.4218062e+06
   1.4219372e+06
   1.4220810e+06
   1.4221753e+06
   1.4222695e+06
   1.4223877e+06
   1.4225227e+06
   1.4226373e+06
   1.4227148e+06
   1.4228292e+06
   1.4229030e+06
   1.4230536e+06
   1.4231467e+06
   1.4232478e+06
   1.4233677e+06
   1.4234447e+06
   1.4236377e+06
   1.4237217e+06
   1.4238070e+06
   1.4239348e+06
   1.4240328e+06
   1.4241277e+06
   1.4242202e+06
   1.4243573e+06
   1.4244539e+06
   1.4245630e+06
   1.4246930e+06
   1.4247781e+06
   1.4248992e+06
   1.4249825e+06
   1.4250856e+06
   1.4251752e+06
   1.4252636e+06
   1.4254475e+06
   1.4255984e+06
   1.4256936e+06
   1.4257725e+06
   1.4259150e+06
   1.4260099e+06
   1.4260781e+06
   1.4261576e+06
   1.4263311e+06
   1.4264271e+06
   1.4265748e+06
   1.4267060e+06
   1.4268214e+06
   1.4269908e+06
   1.4272377e+06
   1.4273454e+06
   1.4274593e+06
   1.4275528e+06
   1.4277430e+06
   1.4278371e+06
   1.4279599e+06
   1.4280626e+06
   1.4281960e+06
   1.4283062e+06
   1.4284655e+06
   1.4285750e+06
   1.4287120e+06
   1.4288871e+06
   1.4289781e+06
   1.4290853e+06
   1.4291886e+06
   1.4292823e+06
   1.4294158e+06
   1.4295654e+06
   1.4296586e+06
   1.4297762e+06
   1.4299024e+06
   1.4300071e+06
   1.4301828e+06
   1.4303149e+06
   1.4304100e+06
   1.4305051e+06
   1.4305857e+06
   1.4306700e+06
   1.4307742e+06
   1.4309335e+06
   1.4310701e+06
   1.4311738e+06
   1.4312796e+06
   1.4313756e+06
   1.4315064e+06
   1.4316137e+06
   1.4317217e+06
   1.4318784e+06
   1.4319777e+06
   1.4321935e+06
   1.4322971e+06
   1.4324230e+06
   1.4325341e+06
   1.4326442e+06
   1.4327717e+06
   1.4329161e+06
   1.4330752e+06
   1.4331937e+06
   1.4332869e+06
   1.4333923e+06
   1.4335893e+06
   1.4336859e+06
   1.4337896e+06
   1.4338888e+06
   1.4339731e+06
   1.4342359e+06
   1.4343570e+06
   1.4344417e+06
   1.4345657e+06
   1.4346807e+06
   1.4347801e+06
   1.4349112e+06
   1.4349869e+06
   1.4350881e+06
   1.4351939e+06
   1.4354368e+06
   1.4355621e+06
   1.4356873e+06
   1.4357746e+06
   1.4358719e+06
   1.4360198e+06
   1.4361364e+06
   1.4363306e+06
   1.4364727e+06
   1.4367058e+06
   1.4368428e+06
   1.4369439e+06
   1.4370326e+06
   1.4371847e+06
   1.4373106e+06
   1.4374231e+06
   1.4375507e+06
   1.4376278e+06
   1.4377258e+06
   1.4378468e+06
   1.4379364e+06
   1.4380526e+06
   1.4382026e+06
   1.4382947e+06
   1.4384004e+06
   1.4385343e+06
   1.4386831e+06
   1.4387698e+06
   1.4391534e+06
   1.4393504e+06
   1.4395258e+06
   1.4396009e+06
   1.4396796e+06
   1.4398011e+06
   1.4399378e+06
   1.4436333e+06
   1.4438502e+06
   1.4440717e+06
   1.4444759e+06
   1.4447332e+06
   1.4450363e+06
   1.4454904e+06
   1.4459078e+06
   1.4464735e+06
   1.4476603e+06
   1.4479972e+06
   1.4481919e+06
   1.4488248e+06
   1.4493946e+06
   1.4497314e+06
   1.4511159e+06
   1.4530647e+06
   1.4535902e+06
   1.4540259e+06
   1.4542290e+06
   1.4543515e+06
   1.4545825e+06
   1.4550309e+06
   1.4554692e+06
   1.4801621e+06
   1.4803140e+06
   1.4804447e+06
   1.4806097e+06
   1.4808137e+06
   1.4809205e+06
   1.4810236e+06
   1.4811366e+06
   1.4812345e+06
   1.4813263e+06
   1.4814122e+06
   1.4815825e+06
   1.4816887e+06
   1.4817824e+06
   1.4818676e+06
   1.4819842e+06
   1.4821347e+06
   1.4822023e+06
   1.4822920e+06
   1.4823741e+06
   1.4825226e+06
   1.4826046e+06
   1.4827611e+06
   1.4828586e+06
   1.4829759e+06
   1.4830710e+06
   1.4831687e+06
   1.4832838e+06
   1.4833695e+06
   1.4834441e+06
   1.4835303e+06
   1.4836303e+06
   1.4837296e+06
   1.4838366e+06
   1.4839289e+06
   1.4840805e+06
   1.4841803e+06
   1.4843065e+06
   1.4844311e+06
   1.4845727e+06
   1.4846574e+06
   1.4847409e+06
   1.4848111e+06
   1.4849306e+06
   1.4850741e+06
   1.4851794e+06
   1.4852818e+06
   1.4854091e+06
   1.4855138e+06
   1.4856221e+06
   1.4857295e+06
   1.4858359e+06
   1.4859822e+06
   1.4860587e+06
   1.4861375e+06
   1.4862233e+06
   1.4863205e+06
   1.4864205e+06
   1.4865217e+06
   1.4865893e+06
   1.4867033e+06
   1.4868027e+06
   1.4869010e+06
   1.4871396e+06
   1.4872398e+06
   1.4873679e+06
   1.4874548e+06
   1.4876329e+06
   1.4877366e+06
   1.4878414e+06
   1.4879318e+06
   1.4880295e+06
   1.4881185e+06
   1.4882015e+06
   1.4883130e+06
   1.4883814e+06
   1.4885242e+06
   1.4886078e+06
   1.4887772e+06
   1.4888699e+06
   1.4890169e+06
   1.4891102e+06
   1.4892007e+06
   1.4893235e+06
   1.4894656e+06
   1.4895501e+06
   1.4896358e+06
   1.4898727e+06
   1.4899624e+06
   1.4900530e+06
   1.4901555e+06
   1.4902579e+06
   1.4903394e+06
   1.4904720e+06
   1.4905774e+06
   1.4906683e+06
   1.4907526e+06
   1.4908221e+06
   1.4909185e+06
   1.4910295e+06
   1.4911236e+06
   1.4912441e+06
   1.4913365e+06
   1.4914066e+06
   1.4914762e+06
   1.4915978e+06
   1.4917347e+06
   1.4918307e+06
   1.4919266e+06
   1.4920168e+06
   1.4921199e+06
   1.4922497e+06
   1.4923370e+06
   1.4924107e+06
   1.4925218e+06
   1.4926301e+06
   1.4927108e+06
   1.4928014e+06
   1.4928916e+06
   1.4929708e+06
   1.4930579e+06
   1.4931929e+06
   1.4933037e+06
   1.4933920e+06
   1.4934826e+06
   1.4936022e+06
   1.4937035e+06
   1.4938082e+06
   1.4939136e+06
   1.4941391e+06
   1.4942708e+06
   1.4943617e+06
   1.4944996e+06
   1.4945756e+06
   1.4947009e+06
   1.4948140e+06
   1.4949265e+06
   1.4950296e+06
   1.4951727e+06
   1.4953075e+06
   1.4953821e+06
   1.4954698e+06
   1.4955601e+06
   1.4956906e+06
   1.4957986e+06
   1.4959016e+06
   1.4960559e+06
   1.4961910e+06
   1.4962973e+06
   1.4964724e+06
   1.4965945e+06
   1.4966791e+06
   1.4968403e+06
   1.4969386e+06
   1.4970222e+06
   1.4971791e+06
   1.4972868e+06
   1.4973665e+06
   1.4974669e+06
   1.4975591e+06
   1.4976741e+06
   1.4977720e+06
   1.4978621e+06
   1.4979506e+06
   1.4980605e+06
   1.4981771e+06
   1.4983020e+06
   1.4984034e+06
   1.4985240e+06
   1.4986852e+06
   1.4987769e+06
   1.4988670e+06
   1.4989680e+06
   1.4990823e+06
   1.4991881e+06
   1.4992962e+06
   1.4993817e+06
   1.4994771e+06
   1.4995989e+06
   1.4997416e+06
   1.4998590e+06
   1.5004940e+06
   1.5009639e+06
   1.5400692e+06
   1.5401585e+06
   1.5402574e+06
   1.5403525e+06
   1.5404794e+06
   1.5406103e+06
   1.5407307e+06
   1.5408785e+06
   1.5409672e+06
   1.5410374e+06
   1.5411056e+06
   1.5411872e+06
   1.5412865e+06
   1.5413868e+06
   1.5415025e+06
   1.5416463e+06
   1.5417393e+06
   1.5418370e+06
   1.5419384e+06
   1.5420220e+06
   1.5420938e+06
   1.5421848e+06
   1.5422598e+06
   1.5424169e+06
   1.5425232e+06
   1.5426229e+06
   1.5427305e+06
   1.5428093e+06
   1.5428921e+06
   1.5429559e+06
   1.5430651e+06
   1.5431675e+06
   1.5432572e+06
   1.5433451e+06
   1.5434663e+06
   1.5435419e+06
   1.5436606e+06
   1.5437370e+06
   1.5438183e+06
   1.5439174e+06
   1.5440041e+06
   1.5440763e+06
   1.5441956e+06
   1.5442825e+06
   1.5443696e+06
   1.5444495e+06
   1.5445454e+06
   1.5446217e+06
   1.5447097e+06
   1.5448028e+06
   1.5449100e+06
   1.5449840e+06
   1.5450553e+06
   1.5451522e+06
   1.5452433e+06
   1.5453292e+06
   1.5454382e+06
   1.5455692e+06
   1.5456536e+06
   1.5457561e+06
   1.5458500e+06
   1.5459423e+06
   1.5460054e+06
   1.5460833e+06
   1.5461478e+06
   1.5462693e+06
   1.5463464e+06
   1.5464421e+06
   1.5465503e+06
   1.5466497e+06
   1.5467527e+06
   1.5468855e+06
   1.5469942e+06
   1.5472422e+06
   1.5473361e+06
   1.5474492e+06
   1.5475737e+06
   1.5476396e+06
   1.5477314e+06
   1.5478232e+06
   1.5479159e+06
   1.5480066e+06
   1.5481211e+06
   1.5482376e+06
   1.5483418e+06
   1.5484318e+06
   1.5485427e+06
   1.5486407e+06
   1.5487493e+06
   1.5488748e+06
   1.5489855e+06
   1.5490769e+06
   1.5491602e+06
   1.5492652e+06
   1.5493623e+06
   1.5494590e+06
   1.5495585e+06
   1.5496453e+06
   1.5497449e+06
   1.5498418e+06
   1.5499718e+06
   1.5500784e+06
   1.5501760e+06
   1.5502918e+06
   1.5503861e+06
   1.5505224e+06
   1.5505878e+06
   1.5506623e+06
   1.5507611e+06
   1.5508755e+06
   1.5510079e+06
   1.5511115e+06
   1.5513325e+06
   1.5514258e+06
   1.5515471e+06
   1.5516505e+06
   1.5517769e+06
   1.5518622e+06
   1.5519483e+06
   1.5520305e+06
   1.5521079e+06
   1.5522267e+06
   1.5523547e+06
   1.5524602e+06
   1.5525964e+06
   1.5527109e+06
   1.5528203e+06
   1.5529160e+06
   1.5530484e+06
   1.5531340e+06
   1.5532168e+06
   1.5533041e+06
   1.5534037e+06
   1.5535298e+06
   1.5536304e+06
   1.5537369e+06
   1.5538354e+06
   1.5539207e+06
   1.5541239e+06
   1.5542603e+06
   1.5543811e+06
   1.5544667e+06
   1.5545601e+06
   1.5546480e+06
   1.5548318e+06
   1.5549247e+06
   1.5550467e+06
   1.5551658e+06
   1.5552576e+06
   1.5553676e+06
   1.5555014e+06
   1.5555738e+06
   1.5556584e+06
   1.5557619e+06
   1.5558572e+06
   1.5559269e+06
   1.5560465e+06
   1.5561405e+06
   1.5562324e+06
   1.5563168e+06
   1.5563945e+06
   1.5565209e+06
   1.5566275e+06
   1.5567236e+06
   1.5568029e+06
   1.5568725e+06
   1.5570046e+06
   1.5571067e+06
   1.5571978e+06
   1.5572829e+06
   1.5574045e+06
   1.5574897e+06
   1.5575814e+06
   1.5576518e+06
   1.5577308e+06
   1.5578265e+06
   1.5579540e+06
   1.5580514e+06
   1.5581357e+06
   1.5582516e+06
   1.5583537e+06
   1.5584508e+06
   1.5585211e+06
   1.5586408e+06
   1.5587408e+06
   1.5588237e+06
   1.5589369e+06
   1.5590505e+06
   1.5591749e+06
   1.5592503e+06
   1.5593627e+06
   1.5594735e+06
   1.5595673e+06
   1.5596670e+06
   1.5597501e+06
   1.5598670e+06
   1.5599805e+06
   1.5602660e+06
   1.5604825e+06
   1.6000839e+06
   1.6001739e+06
   1.6002487e+06
   1.6003201e+06
   1.6004338e+06
   1.6005166e+06
   1.6006045e+06
   1.6006730e+06
   1.6007664e+06
   1.6008563e+06
   1.6009869e+06
   1.6010795e+06
   1.6011973e+06
   1.6012789e+06
   1.6013720e+06
   1.6014722e+06
   1.6015593e+06
   1.6016437e+06
   1.6017479e+06
   1.6018825e+06
   1.6019974e+06
   1.6020792e+06
   1.6021528e+06
   1.6022626e+06
   1.6023564e+06
   1.6024515e+06
   1.6025249e+06
   1.6026135e+06
   1.6027076e+06
   1.6028186e+06
   1.6029007e+06
   1.6029840e+06
   1.6030489e+06
   1.6031415e+06
   1.6032448e+06
   1.6033357e+06
   1.6034282e+06
   1.6035453e+06
   1.6036616e+06
   1.6037870e+06
   1.6038608e+06
   1.6039516e+06
   1.6040595e+06
   1.6041547e+06
   1.6042421e+06
   1.6043134e+06
   1.6043862e+06
   1.6044680e+06
   1.6045456e+06
   1.6046469e+06
   1.6047396e+06
   1.6048289e+06
   1.6049197e+06
   1.6050055e+06
   1.6050811e+06
   1.6051859e+06
   1.6052552e+06
   1.6053935e+06
   1.6054779e+06
   1.6055655e+06
   1.6056592e+06
   1.6057378e+06
   1.6058324e+06
   1.6059007e+06
   1.6059928e+06
   1.6060727e+06
   1.6061698e+06
   1.6062950e+06
   1.6064295e+06
   1.6065463e+06
   1.6066305e+06
   1.6067117e+06
   1.6068083e+06
   1.6069059e+06
   1.6071440e+06
   1.6072264e+06
   1.6073113e+06
   1.6074133e+06
   1.6075099e+06
   1.6076287e+06
   1.6077199e+06
   1.6078412e+06
   1.6079517e+06
   1.6080264e+06
   1.6081118e+06
   1.6081883e+06
   1.6082989e+06
   1.6083993e+06
   1.6084850e+06
   1.6085828e+06
   1.6086851e+06
   1.6087829e+06
   1.6088790e+06
   1.6089613e+06
   1.6091037e+06
   1.6092465e+06
   1.6093375e+06
   1.6094361e+06
   1.6095834e+06
   1.6096649e+06
   1.6097794e+06
   1.6098703e+06
   1.6099580e+06
   1.6100461e+06
   1.6101543e+06
   1.6102352e+06
   1.6103324e+06
   1.6104242e+06
   1.6105314e+06
   1.6106079e+06
   1.6106861e+06
   1.6107617e+06
   1.6109126e+06
   1.6110063e+06
   1.6110952e+06
   1.6112117e+06
   1.6112869e+06
   1.6113801e+06
   1.6114548e+06
   1.6115296e+06
   1.6116068e+06
   1.6117024e+06
   1.6117946e+06
   1.6118732e+06
   1.6119868e+06
   1.6120992e+06
   1.6122106e+06
   1.6122924e+06
   1.6123707e+06
   1.6124559e+06
   1.6125281e+06
   1.6126197e+06
   1.6127190e+06
   1.6128450e+06
   1.6129426e+06
   1.6130146e+06
   1.6131211e+06
   1.6132137e+06
   1.6133131e+06
   1.6134082e+06
   1.6135058e+06
   1.6136021e+06
   1.6136748e+06
   1.6137763e+06
   1.6138672e+06
   1.6139437e+06
   1.6141316e+06
   1.6142498e+06
   1.6143332e+06
   1.6144330e+06
   1.6145189e+06
   1.6146222e+06
   1.6147090e+06
   1.6148247e+06
   1.6149456e+06
   1.6150582e+06
   1.6151881e+06
   1.6152883e+06
   1.6153837e+06
   1.6155010e+06
   1.6155922e+06
   1.6156889e+06
   1.6157780e+06
   1.6158886e+06
   1.6160649e+06
   1.6161834e+06
   1.6162974e+06
   1.6163992e+06
   1.6164934e+06
   1.6166040e+06
   1.6166884e+06
   1.6167763e+06
   1.6169003e+06
   1.6170022e+06
   1.6170974e+06
   1.6172301e+06
   1.6172988e+06
   1.6174417e+06
   1.6175223e+06
   1.6176138e+06
   1.6176981e+06
   1.6177769e+06
   1.6178575e+06
   1.6179483e+06
   1.6180432e+06
   1.6181247e+06
   1.6182657e+06
   1.6183470e+06
   1.6184758e+06
   1.6186268e+06
   1.6187299e+06
   1.6188399e+06
   1.6189302e+06
   1.6189923e+06
   1.6190808e+06
   1.6191570e+06
   1.6193683e+06
   1.6194727e+06
   1.6195434e+06
   1.6196423e+06
   1.6197260e+06
   1.6198281e+06
   1.6199231e+06
   1.6201969e+06
   1.6206336e+06
   1.6217437e+06
   1.6224862e+06
   1.6227357e+06
   1.6235314e+06
   1.6259027e+06
   1.6270945e+06
   1.6275980e+06
   1.6279542e+06
   1.6288726e+06
   1.6295371e+06
   1.6299335e+06
   1.6301402e+06
   1.6304295e+06
   1.6307202e+06
   1.6315621e+06
   1.6333957e+06
   1.6339801e+06
   1.6362708e+06
   1.6365390e+06
   1.6368627e+06
   1.6370709e+06
   1.6373092e+06
   1.6375094e+06
   1.6407781e+06
   1.6412252e+06
   1.6424000e+06
   1.6426749e+06
   1.6430365e+06
   1.6432950e+06
   1.6435865e+06
   1.6438191e+06
   1.6442850e+06
   1.6446709e+06
   1.6450501e+06
   1.6453264e+06
   1.6456066e+06
   1.6461214e+06
   1.6463648e+06
   1.6466963e+06
   1.6470246e+06
   1.6475405e+06
   1.6506218e+06
   1.6511061e+06
   1.6526694e+06
   1.6534738e+06
   1.6538318e+06
   1.6547359e+06
   1.6562877e+06
   1.6576702e+06
   1.6579281e+06
   1.6584235e+06
   1.6586932e+06
   1.6591474e+06
   1.6594331e+06
   1.6600911e+06
   1.6601626e+06
   1.6602663e+06
   1.6603584e+06
   1.6604475e+06
   1.6605709e+06
   1.6606611e+06
   1.6607667e+06
   1.6608294e+06
   1.6609199e+06
   1.6610216e+06
   1.6611024e+06
   1.6611841e+06
   1.6612490e+06
   1.6613396e+06
   1.6614141e+06
   1.6615012e+06
   1.6615865e+06
   1.6616740e+06
   1.6617574e+06
   1.6618433e+06
   1.6619335e+06
   1.6620099e+06
   1.6621085e+06
   1.6621815e+06
   1.6622638e+06
   1.6623386e+06
   1.6624223e+06
   1.6625009e+06
   1.6625802e+06
   1.6626765e+06
   1.6627695e+06
   1.6628595e+06
   1.6629649e+06
   1.6630474e+06
   1.6631442e+06
   1.6632355e+06
   1.6633151e+06
   1.6634103e+06
   1.6634853e+06
   1.6635650e+06
   1.6636425e+06
   1.6637228e+06
   1.6638144e+06
   1.6638964e+06
   1.6640038e+06
   1.6641009e+06
   1.6641906e+06
   1.6642797e+06
   1.6643770e+06
   1.6644791e+06
   1.6645518e+06
   1.6646545e+06
   1.6647413e+06
   1.6648285e+06
   1.6649135e+06
   1.6649899e+06
   1.6651203e+06
   1.6652354e+06
   1.6653363e+06
   1.6655255e+06
   1.6656532e+06
   1.6657652e+06
   1.6658381e+06
   1.6659350e+06
   1.6660203e+06
   1.6661162e+06
   1.6662080e+06
   1.6662890e+06
   1.6663780e+06
   1.6665143e+06
   1.6666191e+06
   1.6666922e+06
   1.6667806e+06
   1.6668704e+06
   1.6669722e+06
   1.6671542e+06
   1.6672343e+06
   1.6673258e+06
   1.6676809e+06
   1.6677943e+06
   1.6678793e+06
   1.6679529e+06
   1.6680273e+06
   1.6681170e+06
   1.6681857e+06
   1.6682558e+06
   1.6684124e+06
   1.6685484e+06
   1.6686290e+06
   1.6687505e+06
   1.6688329e+06
   1.6689560e+06
   1.6690407e+06
   1.6691518e+06
   1.6692692e+06
   1.6693879e+06
   1.6694652e+06
   1.6695593e+06
   1.6696529e+06
   1.6697469e+06
   1.6699053e+06
   1.6700219e+06
   1.6701308e+06
   1.6702192e+06
   1.6703077e+06
   1.6703864e+06
   1.6704530e+06
   1.6705698e+06
   1.6706920e+06
   1.6707832e+06
   1.6708494e+06
   1.6709583e+06
   1.6710424e+06
   1.6711244e+06
   1.6712087e+06
   1.6713068e+06
   1.6714386e+06
   1.6715556e+06
   1.6716547e+06
   1.6717640e+06
   1.6718906e+06
   1.6719792e+06
   1.6720659e+06
   1.6721333e+06
   1.6722644e+06
   1.6724191e+06
   1.6724849e+06
   1.6725488e+06
   1.6726261e+06
   1.6727062e+06
   1.6728833e+06
   1.6730047e+06
   1.6731044e+06
   1.6731766e+06
   1.6732741e+06
   1.6733750e+06
   1.6734692e+06
   1.6735633e+06
   1.6736537e+06
   1.6737708e+06
   1.6738562e+06
   1.6739386e+06
   1.6741146e+06
   1.6741914e+06
   1.6742961e+06
   1.6743755e+06
   1.6744851e+06
   1.6745670e+06
   1.6746580e+06
   1.6747368e+06
   1.6748228e+06
   1.6749251e+06
   1.6750297e+06
   1.6751136e+06
   1.6752145e+06
   1.6752906e+06
   1.6754003e+06
   1.6754871e+06
   1.6756579e+06
   1.6757396e+06
   1.6758398e+06
   1.6759265e+06
   1.6760532e+06
   1.6761168e+06
   1.6762330e+06
   1.6763800e+06
   1.6764729e+06
   1.6765777e+06
   1.6766648e+06
   1.6767503e+06
   1.6768310e+06
   1.6769077e+06
   1.6770102e+06
   1.6770917e+06
   1.6771902e+06
   1.6772766e+06
   1.6773738e+06
   1.6774724e+06
   1.6776064e+06
   1.6776977e+06
   1.6777671e+06
   1.6778729e+06
   1.6779534e+06
   1.6780742e+06
   1.6781669e+06
   1.6782387e+06
   1.6783134e+06
   1.6783947e+06
   1.6784930e+06
   1.6785669e+06
   1.6786481e+06
   1.6787846e+06
   1.6788641e+06
   1.6789783e+06
   1.6790934e+06
   1.6792352e+06
   1.6793379e+06
   1.6794449e+06
   1.6795615e+06
   1.6796497e+06
   1.6797525e+06
   1.6798594e+06
   1.6799719e+06
   1.6873025e+06
   1.6882856e+06
   1.6884827e+06
   1.6893494e+06
   1.6900252e+06
   1.6924315e+06
   1.6931765e+06
   1.6934517e+06
   1.6937559e+06
   1.6941440e+06
   1.6971216e+06
   1.6973617e+06
   1.6982073e+06
   1.6983740e+06
   1.6985910e+06
   1.6990695e+06
   1.6995233e+06
   1.6998659e+06
   1.7001266e+06
   1.7003571e+06
   1.7013101e+06
   1.7140193e+06
   1.7149704e+06
   1.7156673e+06
   1.7158921e+06
   1.7161974e+06
   1.7190083e+06
   1.7193129e+06
   1.7200767e+06
   1.7201641e+06
   1.7202413e+06
   1.7203549e+06
   1.7204265e+06
   1.7204924e+06
   1.7205953e+06
   1.7206569e+06
   1.7207288e+06
   1.7208073e+06
   1.7208953e+06
   1.7209846e+06
   1.7210781e+06
   1.7211736e+06
   1.7212652e+06
   1.7213553e+06
   1.7214221e+06
   1.7215295e+06
   1.7215940e+06
   1.7216948e+06
   1.7217695e+06
   1.7218268e+06
   1.7219105e+06
   1.7220560e+06
   1.7221633e+06
   1.7222476e+06
   1.7223221e+06
   1.7224064e+06
   1.7224945e+06
   1.7225876e+06
   1.7226801e+06
   1.7227618e+06
   1.7228528e+06
   1.7229266e+06
   1.7230130e+06
   1.7230993e+06
   1.7231781e+06
   1.7232572e+06
   1.7233326e+06
   1.7234391e+06
   1.7235173e+06
   1.7235890e+06
   1.7236584e+06
   1.7237303e+06
   1.7238106e+06
   1.7238964e+06
   1.7239601e+06
   1.7240385e+06
   1.7241256e+06
   1.7242224e+06
   1.7243566e+06
   1.7244395e+06
   1.7245164e+06
   1.7246173e+06
   1.7247110e+06
   1.7247798e+06
   1.7248678e+06
   1.7249426e+06
   1.7250108e+06
   1.7250725e+06
   1.7251606e+06
   1.7252662e+06
   1.7253767e+06
   1.7254800e+06
   1.7255824e+06
   1.7257219e+06
   1.7257861e+06
   1.7258673e+06
   1.7259406e+06
   1.7260126e+06
   1.7260997e+06
   1.7261644e+06
   1.7262411e+06
   1.7263267e+06
   1.7264043e+06
   1.7264820e+06
   1.7265475e+06
   1.7266314e+06
   1.7267172e+06
   1.7268208e+06
   1.7268944e+06
   1.7269786e+06
   1.7271392e+06
   1.7272506e+06
   1.7273517e+06
   1.7274560e+06
   1.7275434e+06
   1.7276601e+06
   1.7277417e+06
   1.7278300e+06
   1.7279190e+06
   1.7280112e+06
   1.7280812e+06
   1.7281739e+06
   1.7282894e+06
   1.7283649e+06
   1.7284687e+06
   1.7285385e+06
   1.7286095e+06
   1.7286937e+06
   1.7287684e+06
   1.7288479e+06
   1.7289577e+06
   1.7290545e+06
   1.7291475e+06
   1.7292389e+06
   1.7293243e+06
   1.7294064e+06
   1.7295329e+06
   1.7296129e+06
   1.7296957e+06
   1.7297919e+06
   1.7298887e+06
   1.7299772e+06
   1.7300639e+06
   1.7301509e+06
   1.7302393e+06
   1.7303382e+06
   1.7304188e+06
   1.7304908e+06
   1.7305787e+06
   1.7306600e+06
   1.7307490e+06
   1.7308441e+06
   1.7309222e+06
   1.7309930e+06
   1.7310894e+06
   1.7311641e+06
   1.7312659e+06
   1.7313389e+06
   1.7314376e+06
   1.7315157e+06
   1.7316165e+06
   1.7316888e+06
   1.7317755e+06
   1.7318630e+06
   1.7319523e+06
   1.7320238e+06
   1.7320992e+06
   1.7322035e+06
   1.7323203e+06
   1.7324245e+06
   1.7325273e+06
   1.7326071e+06
   1.7326934e+06
   1.7327931e+06
   1.7328917e+06
   1.7329702e+06
   1.7330652e+06
   1.7331528e+06
   1.7332309e+06
   1.7333079e+06
   1.7334026e+06
   1.7334744e+06
   1.7335421e+06
   1.7336178e+06
   1.7336798e+06
   1.7337644e+06
   1.7338386e+06
   1.7339284e+06
   1.7340864e+06
   1.7341745e+06
   1.7342639e+06
   1.7343325e+06
   1.7344393e+06
   1.7345204e+06
   1.7345941e+06
   1.7346623e+06
   1.7347606e+06
   1.7348438e+06
   1.7349359e+06
   1.7350048e+06
   1.7350772e+06
   1.7351650e+06
   1.7352736e+06
   1.7353899e+06
   1.7354502e+06
   1.7355281e+06
   1.7356388e+06
   1.7357610e+06
   1.7358540e+06
   1.7359466e+06
   1.7360524e+06
   1.7361678e+06
   1.7362550e+06
   1.7363353e+06
   1.7364260e+06
   1.7364956e+06
   1.7365944e+06
   1.7366813e+06
   1.7367713e+06
   1.7368591e+06
   1.7369354e+06
   1.7370267e+06
   1.7371474e+06
   1.7372318e+06
   1.7373348e+06
   1.7374119e+06
   1.7375331e+06
   1.7376120e+06
   1.7376903e+06
   1.7378072e+06
   1.7378914e+06
   1.7379756e+06
   1.7380812e+06
   1.7381732e+06
   1.7382425e+06
   1.7383397e+06
   1.7384109e+06
   1.7384932e+06
   1.7386553e+06
   1.7387402e+06
   1.7388495e+06
   1.7389414e+06
   1.7390233e+06
   1.7391066e+06
   1.7392620e+06
   1.7393772e+06
   1.7394620e+06
   1.7395470e+06
   1.7396322e+06
   1.7397137e+06
   1.7398412e+06
   1.7399411e+06
   1.7412803e+06
   1.7417647e+06
   1.7433895e+06
   1.7440445e+06
   1.7444784e+06
   1.7453149e+06
   1.7456494e+06
   1.7462875e+06
   1.7467260e+06
   1.7470666e+06
   1.7475686e+06
   1.7479140e+06
   1.7480516e+06
   1.7484315e+06
   1.7490239e+06
   1.7497675e+06
   1.7512715e+06
   1.7513942e+06
   1.7524809e+06
   1.7528470e+06
   1.7532783e+06
   1.7535837e+06
   1.7540386e+06
   1.7558288e+06
   1.7561211e+06
   1.7566314e+06
   1.7574286e+06
   1.7576915e+06
   1.7579923e+06
   1.7584935e+06
   1.7591321e+06
   1.7592859e+06
   1.7595168e+06
   1.7599604e+06
   1.7602465e+06
   1.7606691e+06
   1.7613781e+06
   1.7645278e+06
   1.7648103e+06
   1.7653349e+06
   1.7656069e+06
   1.7659855e+06
   1.7666687e+06
   1.7670151e+06
   1.7676408e+06
   1.7680870e+06
   1.7684074e+06
   1.7686000e+06
   1.7691943e+06
   1.7800802e+06
   1.7801598e+06
   1.7802526e+06
   1.7803127e+06
   1.7803949e+06
   1.7805334e+06
   1.7806313e+06
   1.7806990e+06
   1.7807825e+06
   1.7808827e+06
   1.7809437e+06
   1.7810374e+06
   1.7811315e+06
   1.7812211e+06
   1.7813027e+06
   1.7813960e+06
   1.7814680e+06
   1.7815889e+06
   1.7816534e+06
   1.7817246e+06
   1.7818158e+06
   1.7818998e+06
   1.7819821e+06
   1.7820548e+06
   1.7821657e+06
   1.7822564e+06
   1.7823758e+06
   1.7824712e+06
   1.7825745e+06
   1.7826473e+06
   1.7827504e+06
   1.7828130e+06
   1.7828782e+06
   1.7829577e+06
   1.7830457e+06
   1.7831265e+06
   1.7831885e+06
   1.7832829e+06
   1.7833525e+06
   1.7834216e+06
   1.7834982e+06
   1.7835861e+06
   1.7836747e+06
   1.7837406e+06
   1.7838192e+06
   1.7838893e+06
   1.7839715e+06
   1.7840449e+06
   1.7841245e+06
   1.7842468e+06
   1.7843147e+06
   1.7843804e+06
   1.7844527e+06
   1.7845282e+06
   1.7845959e+06
   1.7846798e+06
   1.7847568e+06
   1.7848238e+06
   1.7849932e+06
   1.7850863e+06
   1.7851765e+06
   1.7852672e+06
   1.7853447e+06
   1.7854162e+06
   1.7854771e+06
   1.7855671e+06
   1.7856436e+06
   1.7857110e+06
   1.7858082e+06
   1.7859075e+06
   1.7859973e+06
   1.7861074e+06
   1.7862039e+06
   1.7862877e+06
   1.7863672e+06
   1.7864535e+06
   1.7865279e+06
   1.7866097e+06
   1.7866981e+06
   1.7867726e+06
   1.7869037e+06
   1.7871401e+06
   1.7872179e+06
   1.7873416e+06
   1.7874246e+06
   1.7875729e+06
   1.7876486e+06
   1.7877381e+06
   1.7878249e+06
   1.7878894e+06
   1.7879785e+06
   1.7880825e+06
   1.7881682e+06
   1.7882412e+06
   1.7883197e+06
   1.7883983e+06
   1.7884963e+06
   1.7885742e+06
   1.7886757e+06
   1.7887530e+06
   1.7888289e+06
   1.7889096e+06
   1.7889785e+06
   1.7890545e+06
   1.7891378e+06
   1.7892123e+06
   1.7892922e+06
   1.7893693e+06
   1.7894634e+06
   1.7895484e+06
   1.7896217e+06
   1.7897100e+06
   1.7897895e+06
   1.7898588e+06
   1.7899428e+06
   1.7900327e+06
   1.7901105e+06
   1.7902039e+06
   1.7902841e+06
   1.7903754e+06
   1.7904571e+06
   1.7905510e+06
   1.7906549e+06
   1.7907437e+06
   1.7908107e+06
   1.7908868e+06
   1.7909730e+06
   1.7910534e+06
   1.7911243e+06
   1.7911820e+06
   1.7912865e+06
   1.7913754e+06
   1.7914881e+06
   1.7915580e+06
   1.7916550e+06
   1.7917561e+06
   1.7919255e+06
   1.7919968e+06
   1.7920742e+06
   1.7921673e+06
   1.7922375e+06
   1.7923201e+06
   1.7924012e+06
   1.7924918e+06
   1.7925535e+06
   1.7926321e+06
   1.7927568e+06
   1.7928276e+06
   1.7929327e+06
   1.7930218e+06
   1.7931108e+06
   1.7931752e+06
   1.7932576e+06
   1.7933455e+06
   1.7934449e+06
   1.7935275e+06
   1.7936099e+06
   1.7936843e+06
   1.7937605e+06
   1.7938623e+06
   1.7939596e+06
   1.7941349e+06
   1.7942059e+06
   1.7942755e+06
   1.7943718e+06
   1.7944445e+06
   1.7945661e+06
   1.7946389e+06
   1.7947135e+06
   1.7948112e+06
   1.7949313e+06
   1.7950150e+06
   1.7951059e+06
   1.7951938e+06
   1.7952694e+06
   1.7953671e+06
   1.7955420e+06
   1.7956783e+06
   1.7957568e+06
   1.7958320e+06
   1.7959674e+06
   1.7960571e+06
   1.7961343e+06
   1.7962192e+06
   1.7962949e+06
   1.7963886e+06
   1.7964788e+06
   1.7965936e+06
   1.7966879e+06
   1.7967992e+06
   1.7968815e+06
   1.7969795e+06
   1.7970494e+06
   1.7971430e+06
   1.7972620e+06
   1.7973406e+06
   1.7974184e+06
   1.7974794e+06
   1.7975676e+06
   1.7976566e+06
   1.7977189e+06
   1.7978115e+06
   1.7979353e+06
   1.7980163e+06
   1.7980814e+06
   1.7981655e+06
   1.7982553e+06
   1.7983478e+06
   1.7984159e+06
   1.7984956e+06
   1.7985924e+06
   1.7986716e+06
   1.7987600e+06
   1.7988382e+06
   1.7989285e+06
   1.7990124e+06
   1.7990764e+06
   1.7991638e+06
   1.7992564e+06
   1.7993349e+06
   1.7994191e+06
   1.7995898e+06
   1.7997009e+06
   1.7997861e+06
   1.7998758e+06
   1.7999509e+06
   1.8007373e+06
   1.8011495e+06
   1.8013510e+06
   1.8016979e+06
   1.8021110e+06
   1.8030412e+06
   1.8033433e+06
   1.8037511e+06
   1.8041494e+06
   1.8047918e+06
   1.8050560e+06
   1.8052913e+06
   1.8057003e+06
   1.8080288e+06
   1.8084338e+06
   1.8098275e+06
   1.8100878e+06
   1.8120344e+06
   1.8133766e+06
   1.8135946e+06
   1.8138337e+06
   1.8140180e+06
   1.8143332e+06
   1.8148428e+06
   1.8151747e+06
   1.8163526e+06
   1.8171464e+06
   1.8177050e+06
   1.8183120e+06
   1.8188256e+06
   1.8192742e+06
   1.8202193e+06
   1.8211149e+06
   1.8216766e+06
   1.8222127e+06
   1.8224481e+06
   1.8230632e+06
   1.8276642e+06
   1.8302753e+06
   1.8305785e+06
   1.8307829e+06
   1.8312473e+06
   1.8320851e+06
   1.8332869e+06
   1.8335311e+06
   1.8339824e+06
   1.8343579e+06
   1.8346552e+06
   1.8349131e+06
   1.8361027e+06
   1.8364596e+06
   1.8367205e+06
   1.8389118e+06
   1.8391834e+06
   1.8400733e+06
   1.8401736e+06
   1.8402587e+06
   1.8403477e+06
   1.8404126e+06
   1.8404910e+06
   1.8405516e+06
   1.8406387e+06
   1.8407004e+06
   1.8407577e+06
   1.8408395e+06
   1.8409043e+06
   1.8409771e+06
   1.8410461e+06
   1.8411110e+06
   1.8411763e+06
   1.8412836e+06
   1.8413406e+06
   1.8414070e+06
   1.8414796e+06
   1.8415448e+06
   1.8416433e+06
   1.8417132e+06
   1.8418016e+06
   1.8418664e+06
   1.8419313e+06
   1.8420166e+06
   1.8420992e+06
   1.8421755e+06
   1.8422432e+06
   1.8423320e+06
   1.8424082e+06
   1.8424821e+06
   1.8425677e+06
   1.8426270e+06
   1.8427149e+06
   1.8427860e+06
   1.8428664e+06
   1.8429445e+06
   1.8430322e+06
   1.8431094e+06
   1.8431970e+06
   1.8432681e+06
   1.8433229e+06
   1.8433892e+06
   1.8434764e+06
   1.8435550e+06
   1.8436236e+06
   1.8436950e+06
   1.8437895e+06
   1.8438928e+06
   1.8439840e+06
   1.8440594e+06
   1.8441292e+06
   1.8441987e+06
   1.8442712e+06
   1.8443391e+06
   1.8444129e+06
   1.8444929e+06
   1.8445593e+06
   1.8446379e+06
   1.8447124e+06
   1.8447773e+06
   1.8448506e+06
   1.8449341e+06
   1.8450002e+06
   1.8450767e+06
   1.8451502e+06
   1.8452405e+06
   1.8453118e+06
   1.8453915e+06
   1.8455017e+06
   1.8455712e+06
   1.8456470e+06
   1.8457639e+06
   1.8458312e+06
   1.8459045e+06
   1.8459862e+06
   1.8460618e+06
   1.8461329e+06
   1.8462091e+06
   1.8462823e+06
   1.8463505e+06
   1.8464220e+06
   1.8464872e+06
   1.8465574e+06
   1.8466197e+06
   1.8466977e+06
   1.8467958e+06
   1.8468981e+06
   1.8469849e+06
   1.8471465e+06
   1.8472290e+06
   1.8473026e+06
   1.8474034e+06
   1.8474860e+06
   1.8475638e+06
   1.8476613e+06
   1.8477481e+06
   1.8477613e+06
   1.8478266e+06
   1.8478407e+06
   1.8478909e+06
   1.8479189e+06
   1.8479568e+06
   1.8479969e+06
   1.8480304e+06
   1.8480808e+06
   1.8481033e+06
   1.8481608e+06
   1.8481834e+06
   1.8482368e+06
   1.8482540e+06
   1.8483175e+06
   1.8483534e+06
   1.8483766e+06
   1.8484194e+06
   1.8484782e+06
   1.8485095e+06
   1.8485548e+06
   1.8485665e+06
   1.8486232e+06
   1.8486471e+06
   1.8486875e+06
   1.8487361e+06
   1.8487714e+06
   1.8488180e+06
   1.8488379e+06
   1.8488888e+06
   1.8489235e+06
   1.8489528e+06
   1.8490053e+06
   1.8490166e+06
   1.8490870e+06
   1.8490930e+06
   1.8491635e+06
   1.8491994e+06
   1.8492402e+06
   1.8492663e+06
   1.8493161e+06
   1.8493292e+06
   1.8493856e+06
   1.8494417e+06
   1.8494575e+06
   1.8495173e+06
   1.8495607e+06
   1.8496101e+06
   1.8496362e+06
   1.8496775e+06
   1.8497135e+06
   1.8497368e+06
   1.8497758e+06
   1.8498119e+06
   1.8498614e+06
   1.8498939e+06
   1.8499394e+06
   1.8499639e+06
   1.8500083e+06
   1.8500414e+06
   1.8500991e+06
   1.8501012e+06
   1.8501775e+06
   1.8501831e+06
   1.8502561e+06
   1.8502584e+06
   1.8503196e+06
   1.8503329e+06
   1.8503895e+06
   1.8504113e+06
   1.8504779e+06
   1.8505203e+06
   1.8505501e+06
   1.8505773e+06
   1.8506418e+06
   1.8506581e+06
   1.8507162e+06
   1.8507263e+06
   1.8507854e+06
   1.8508289e+06
   1.8508631e+06
   1.8509031e+06
   1.8509289e+06
   1.8509999e+06
   1.8510166e+06
   1.8510929e+06
   1.8511228e+06
   1.8511604e+06
   1.8512189e+06
   1.8512238e+06
   1.8512875e+06
   1.8512918e+06
   1.8513586e+06
   1.8513587e+06
   1.8514421e+06
   1.8514605e+06
   1.8515148e+06
   1.8515284e+06
   1.8515701e+06
   1.8516167e+06
   1.8516437e+06
   1.8516842e+06
   1.8517343e+06
   1.8517534e+06
   1.8518216e+06
   1.8518445e+06
   1.8519016e+06
   1.8519403e+06
   1.8519780e+06
   1.8520033e+06
   1.8520711e+06
   1.8520754e+06
   1.8521407e+06
   1.8521728e+06
   1.8522011e+06
   1.8522376e+06
   1.8522857e+06
   1.8523147e+06
   1.8523494e+06
   1.8523889e+06
   1.8524196e+06
   1.8524596e+06
   1.8524782e+06
   1.8525383e+06
   1.8525664e+06
   1.8526362e+06
   1.8526412e+06
   1.8527027e+06
   1.8527058e+06
   1.8527735e+06
   1.8527836e+06
   1.8528513e+06
   1.8528581e+06
   1.8529441e+06
   1.8529449e+06
   1.8529978e+06
   1.8530308e+06
   1.8530877e+06
   1.8530888e+06
   1.8531565e+06
   1.8531765e+06
   1.8532143e+06
   1.8532688e+06
   1.8533165e+06
   1.8533458e+06
   1.8533822e+06
   1.8534002e+06
   1.8534724e+06
   1.8534773e+06
   1.8535616e+06
   1.8535666e+06
   1.8536280e+06
   1.8536570e+06
   1.8537119e+06
   1.8537150e+06
   1.8537803e+06
   1.8537879e+06
   1.8538693e+06
   1.8538894e+06
   1.8539374e+06
   1.8539625e+06
   1.8541319e+06
   1.8541321e+06
   1.8541978e+06
   1.8542196e+06
   1.8542731e+06
   1.8543092e+06
   1.8543842e+06
   1.8543849e+06
   1.8544519e+06
   1.8544630e+06
   1.8545391e+06
   1.8545434e+06
   1.8546231e+06
   1.8546464e+06
   1.8547187e+06
   1.8547780e+06
   1.8548315e+06
   1.8548328e+06
   1.8549086e+06
   1.8549711e+06
   1.8549861e+06
   1.8550551e+06
   1.8550679e+06
   1.8551442e+06
   1.8551464e+06
   1.8552057e+06
   1.8552321e+06
   1.8552805e+06
   1.8553181e+06
   1.8553831e+06
   1.8554199e+06
   1.8554757e+06
   1.8554864e+06
   1.8555553e+06
   1.8555730e+06
   1.8556149e+06
   1.8556488e+06
   1.8557098e+06
   1.8557713e+06
   1.8557993e+06
   1.8558500e+06
   1.8558681e+06
   1.8559369e+06
   1.8559378e+06
   1.8560066e+06
   1.8560233e+06
   1.8560892e+06
   1.8560940e+06
   1.8561567e+06
   1.8561737e+06
   1.8562469e+06
   1.8562592e+06
   1.8563351e+06
   1.8563689e+06
   1.8564093e+06
   1.8564603e+06
   1.8565010e+06
   1.8565387e+06
   1.8565745e+06
   1.8566396e+06
   1.8566456e+06
   1.8567182e+06
   1.8567281e+06
   1.8568054e+06
   1.8568089e+06
   1.8568630e+06
   1.8568843e+06
   1.8569479e+06
   1.8569725e+06
   1.8570305e+06
   1.8570612e+06
   1.8571146e+06
   1.8571451e+06
   1.8571834e+06
   1.8572210e+06
   1.8572522e+06
   1.8572886e+06
   1.8573658e+06
   1.8573714e+06
   1.8574474e+06
   1.8574481e+06
   1.8575315e+06
   1.8575376e+06
   1.8576064e+06
   1.8576168e+06
   1.8577112e+06
   1.8577310e+06
   1.8578002e+06
   1.8578012e+06
   1.8578717e+06
   1.8579465e+06
   1.8579526e+06
   1.8580198e+06
   1.8580545e+06
   1.8581015e+06
   1.8581666e+06
   1.8581842e+06
   1.8582650e+06
   1.8582759e+06
   1.8583430e+06
   1.8583864e+06
   1.8584048e+06
   1.8584459e+06
   1.8585118e+06
   1.8585144e+06
   1.8585807e+06
   1.8586007e+06
   1.8586583e+06
   1.8586951e+06
   1.8587435e+06
   1.8587849e+06
   1.8588145e+06
   1.8588576e+06
   1.8589131e+06
   1.8589349e+06
   1.8590029e+06
   1.8590213e+06
   1.8590683e+06
   1.8591003e+06
   1.8591426e+06
   1.8591790e+06
   1.8592372e+06
   1.8592723e+06
   1.8592964e+06
   1.8593474e+06
   1.8593596e+06
   1.8594374e+06
   1.8594579e+06
   1.8595193e+06
   1.8595568e+06
   1.8595902e+06
   1.8596540e+06
   1.8596749e+06
   1.8597399e+06
   1.8597806e+06
   1.8598193e+06
   1.8598536e+06
   1.8598917e+06
   1.8599603e+06
   1.8599882e+06
   1.8601801e+06
   1.8617048e+06
   1.8617451e+06
   1.8619757e+06
   1.8621478e+06
   1.8624378e+06
   1.8627142e+06
   1.8629248e+06
   1.8632016e+06
   1.8632871e+06
   1.8635059e+06
   1.8637379e+06
   1.8641005e+06
   1.8642696e+06
   1.8643675e+06
   1.8646377e+06
   1.8653339e+06
   1.8658660e+06
   1.8662413e+06
   1.8671221e+06
   1.8674251e+06
   1.8675326e+06
   1.8680364e+06
   1.8685181e+06
   1.8690792e+06
   1.8701963e+06
   1.8704724e+06
   1.8707685e+06
   1.8710482e+06
   1.8710673e+06
   1.8713738e+06
   1.8723799e+06
   1.8736702e+06
   1.8739597e+06
   1.8741774e+06
   1.8743768e+06
   1.8751493e+06
   1.8763443e+06
   1.8765413e+06
   1.8769329e+06
   1.8770019e+06
   1.8775192e+06
   1.8780557e+06
   1.8781441e+06
   1.8784834e+06
   1.8785853e+06
   1.8787484e+06
   1.8789783e+06
   1.8791849e+06
   1.8795924e+06
   1.8804514e+06
   1.8805605e+06
   1.8808501e+06
   1.8810738e+06
   1.8815413e+06
   1.8818205e+06
   1.8821057e+06
   1.8826897e+06
   1.8833170e+06
   1.8839260e+06
   1.8842167e+06
   1.8855144e+06
   1.8858940e+06
   1.8864900e+06
   1.8887694e+06
   1.8889776e+06
   1.8895590e+06
   1.8897983e+06
   1.8903498e+06
   1.8906543e+06
   1.8908837e+06
   1.8926307e+06
   1.8927604e+06
   1.8928676e+06
   1.8929741e+06
   1.8930562e+06
   1.8932036e+06
   1.8934136e+06
   1.8936347e+06
   1.8943606e+06
   1.8948940e+06
   1.8949751e+06
   1.8951683e+06
   1.8957348e+06
   1.8959856e+06
   1.8967568e+06
   1.8989836e+06
   1.8993526e+06
   1.8993547e+06
   1.8996129e+06
   1.8996430e+06
   1.8999655e+06
   1.9000640e+06
   1.9000792e+06
   1.9001322e+06
   1.9001469e+06
   1.9001834e+06
   1.9002350e+06
   1.9002380e+06
   1.9002905e+06
   1.9002989e+06
   1.9003557e+06
   1.9003647e+06
   1.9004391e+06
   1.9004525e+06
   1.9005124e+06
   1.9005276e+06
   1.9005885e+06
   1.9006035e+06
   1.9006695e+06
   1.9006950e+06
   1.9007413e+06
   1.9007553e+06
   1.9008140e+06
   1.9008141e+06
   1.9008884e+06
   1.9008964e+06
   1.9009578e+06
   1.9009671e+06
   1.9010252e+06
   1.9010548e+06
   1.9010911e+06
   1.9011296e+06
   1.9011482e+06
   1.9011897e+06
   1.9012237e+06
   1.9012468e+06
   1.9012985e+06
   1.9013057e+06
   1.9013663e+06
   1.9013745e+06
   1.9014378e+06
   1.9014568e+06
   1.9015078e+06
   1.9015528e+06
   1.9015770e+06
   1.9016295e+06
   1.9016427e+06
   1.9017046e+06
   1.9017177e+06
   1.9017811e+06
   1.9017940e+06
   1.9018546e+06
   1.9018572e+06
   1.9019250e+06
   1.9019379e+06
   1.9019996e+06
   1.9020011e+06
   1.9020711e+06
   1.9020780e+06
   1.9021298e+06
   1.9021524e+06
   1.9022084e+06
   1.9022120e+06
   1.9022832e+06
   1.9022910e+06
   1.9023446e+06
   1.9023458e+06
   1.9023984e+06
   1.9024164e+06
   1.9024714e+06
   1.9025053e+06
   1.9025613e+06
   1.9025696e+06
   1.9026295e+06
   1.9026333e+06
   1.9026920e+06
   1.9026927e+06
   1.9027590e+06
   1.9028080e+06
   1.9028252e+06
   1.9028894e+06
   1.9028898e+06
   1.9029485e+06
   1.9029529e+06
   1.9030139e+06
   1.9030217e+06
   1.9030745e+06
   1.9030914e+06
   1.9031438e+06
   1.9031446e+06
   1.9032109e+06
   1.9032155e+06
   1.9032825e+06
   1.9033024e+06
   1.9033541e+06
   1.9033671e+06
   1.9034450e+06
   1.9034608e+06
   1.9035167e+06
   1.9035219e+06
   1.9035823e+06
   1.9035894e+06
   1.9036540e+06
   1.9036592e+06
   1.9037288e+06
   1.9037366e+06
   1.9037994e+06
   1.9038118e+06
   1.9038848e+06
   1.9038895e+06
   1.9039372e+06
   1.9039465e+06
   1.9040383e+06
   1.9040508e+06
   1.9041042e+06
   1.9041207e+06
   1.9041687e+06
   1.9042282e+06
   1.9042454e+06
   1.9042829e+06
   1.9043140e+06
   1.9043535e+06
   1.9043793e+06
   1.9044155e+06
   1.9044492e+06
   1.9044880e+06
   1.9045190e+06
   1.9045602e+06
   1.9045739e+06
   1.9046302e+06
   1.9046449e+06
   1.9046978e+06
   1.9047199e+06
   1.9047830e+06
   1.9047890e+06
   1.9048595e+06
   1.9048670e+06
   1.9049098e+06
   1.9049673e+06
   1.9049932e+06
   1.9050477e+06
   1.9050590e+06
   1.9051088e+06
   1.9051409e+06
   1.9051691e+06
   1.9052065e+06
   1.9052464e+06
   1.9052743e+06
   1.9053071e+06
   1.9053481e+06
   1.9053715e+06
   1.9054021e+06
   1.9054497e+06
   1.9054655e+06
   1.9055130e+06
   1.9055484e+06
   1.9055915e+06
   1.9056125e+06
   1.9056594e+06
   1.9056808e+06
   1.9057267e+06
   1.9057443e+06
   1.9057835e+06
   1.9058282e+06
   1.9058617e+06
   1.9058918e+06
   1.9059301e+06
   1.9059549e+06
   1.9060007e+06
   1.9060271e+06
   1.9060696e+06
   1.9060956e+06
   1.9061415e+06
   1.9061735e+06
   1.9062176e+06
   1.9062338e+06
   1.9062938e+06
   1.9063102e+06
   1.9063637e+06
   1.9063870e+06
   1.9064352e+06
   1.9064565e+06
   1.9065078e+06
   1.9065146e+06
   1.9065759e+06
   1.9065940e+06
   1.9066434e+06
   1.9066692e+06
   1.9067078e+06
   1.9067467e+06
   1.9067689e+06
   1.9068217e+06
   1.9068508e+06
   1.9068821e+06
   1.9069349e+06
   1.9069589e+06
   1.9069940e+06
   1.9071272e+06
   1.9071364e+06
   1.9071896e+06
   1.9072066e+06
   1.9072673e+06
   1.9072791e+06
   1.9073481e+06
   1.9073604e+06
   1.9074329e+06
   1.9074415e+06
   1.9075056e+06
   1.9075063e+06
   1.9076035e+06
   1.9076173e+06
   1.9076608e+06
   1.9076900e+06
   1.9077217e+06
   1.9077681e+06
   1.9077835e+06
   1.9078268e+06
   1.9078662e+06
   1.9079003e+06
   1.9079578e+06
   1.9079740e+06
   1.9080269e+06
   1.9080503e+06
   1.9081060e+06
   1.9081167e+06
   1.9081768e+06
   1.9081789e+06
   1.9082366e+06
   1.9082498e+06
   1.9083019e+06
   1.9083352e+06
   1.9083733e+06
   1.9084287e+06
   1.9084399e+06
   1.9084993e+06
   1.9085049e+06
   1.9085706e+06
   1.9085861e+06
   1.9086321e+06
   1.9086553e+06
   1.9087072e+06
   1.9087184e+06
   1.9087725e+06
   1.9087952e+06
   1.9088409e+06
   1.9088719e+06
   1.9088984e+06
   1.9089408e+06
   1.9089894e+06
   1.9090318e+06
   1.9090627e+06
   1.9091151e+06
   1.9091389e+06
   1.9092004e+06
   1.9092025e+06
   1.9092817e+06
   1.9092841e+06
   1.9093378e+06
   1.9093722e+06
   1.9094041e+06
   1.9094242e+06
   1.9094726e+06
   1.9094890e+06
   1.9095317e+06
   1.9095675e+06
   1.9096097e+06
   1.9096380e+06
   1.9097038e+06
   1.9097077e+06
   1.9097786e+06
   1.9097921e+06
   1.9098512e+06
   1.9098701e+06
   1.9099179e+06
   1.9099414e+06
   1.9099876e+06
   1.9100335e+06
   1.9100761e+06
   1.9101139e+06
   1.9101703e+06
   1.9102080e+06
   1.9102320e+06
   1.9102702e+06
   1.9103074e+06
   1.9103414e+06
   1.9104030e+06
   1.9104030e+06
   1.9104769e+06
   1.9104792e+06
   1.9105542e+06
   1.9105614e+06
   1.9106401e+06
   1.9106501e+06
   1.9107049e+06
   1.9107185e+06
   1.9107647e+06
   1.9107988e+06
   1.9108411e+06
   1.9108769e+06
   1.9109101e+06
   1.9109393e+06
   1.9109922e+06
   1.9110084e+06
   1.9110725e+06
   1.9110776e+06
   1.9111502e+06
   1.9111569e+06
   1.9112171e+06
   1.9112176e+06
   1.9112834e+06
   1.9112974e+06
   1.9113602e+06
   1.9113798e+06
   1.9114466e+06
   1.9114822e+06
   1.9115135e+06
   1.9115650e+06
   1.9115891e+06
   1.9116234e+06
   1.9116609e+06
   1.9116946e+06
   1.9117545e+06
   1.9117741e+06
   1.9118075e+06
   1.9118507e+06
   1.9118697e+06
   1.9119400e+06
   1.9119533e+06
   1.9120188e+06
   1.9120295e+06
   1.9120897e+06
   1.9120964e+06
   1.9121604e+06
   1.9121658e+06
   1.9122279e+06
   1.9122543e+06
   1.9123159e+06
   1.9123252e+06
   1.9124038e+06
   1.9124129e+06
   1.9124826e+06
   1.9124839e+06
   1.9125411e+06
   1.9125582e+06
   1.9126098e+06
   1.9126456e+06
   1.9126725e+06
   1.9127327e+06
   1.9127369e+06
   1.9128117e+06
   1.9128138e+06
   1.9128803e+06
   1.9128862e+06
   1.9129455e+06
   1.9129801e+06
   1.9130118e+06
   1.9130608e+06
   1.9130714e+06
   1.9131328e+06
   1.9131358e+06
   1.9131973e+06
   1.9132084e+06
   1.9132591e+06
   1.9132857e+06
   1.9133336e+06
   1.9133530e+06
   1.9133959e+06
   1.9134311e+06
   1.9134575e+06
   1.9135210e+06
   1.9135426e+06
   1.9135999e+06
   1.9136309e+06
   1.9136749e+06
   1.9137210e+06
   1.9137323e+06
   1.9137856e+06
   1.9138159e+06
   1.9138408e+06
   1.9138909e+06
   1.9138982e+06
   1.9139631e+06
   1.9139729e+06
   1.9140950e+06
   1.9141226e+06
   1.9141582e+06
   1.9142159e+06
   1.9142207e+06
   1.9142879e+06
   1.9143023e+06
   1.9143445e+06
   1.9143922e+06
   1.9144209e+06
   1.9144483e+06
   1.9145180e+06
   1.9145371e+06
   1.9145903e+06
   1.9146046e+06
   1.9146978e+06
   1.9147005e+06
   1.9147642e+06
   1.9147722e+06
   1.9148184e+06
   1.9148492e+06
   1.9148936e+06
   1.9149053e+06
   1.9149701e+06
   1.9149913e+06
   1.9150536e+06
   1.9150652e+06
   1.9151110e+06
   1.9151506e+06
   1.9152211e+06
   1.9152499e+06
   1.9152985e+06
   1.9153249e+06
   1.9153833e+06
   1.9153884e+06
   1.9154691e+06
   1.9154750e+06
   1.9155488e+06
   1.9155583e+06
   1.9156159e+06
   1.9156338e+06
   1.9156829e+06
   1.9157050e+06
   1.9157798e+06
   1.9157820e+06
   1.9158593e+06
   1.9158703e+06
   1.9159383e+06
   1.9159444e+06
   1.9160045e+06
   1.9160249e+06
   1.9160840e+06
   1.9160923e+06
   1.9161549e+06
   1.9161585e+06
   1.9162219e+06
   1.9162304e+06
   1.9163014e+06
   1.9163037e+06
   1.9163765e+06
   1.9163808e+06
   1.9164501e+06
   1.9164539e+06
   1.9165233e+06
   1.9165323e+06
   1.9165872e+06
   1.9166039e+06
   1.9166647e+06
   1.9166756e+06
   1.9167409e+06
   1.9167717e+06
   1.9168018e+06
   1.9168726e+06
   1.9168813e+06
   1.9169494e+06
   1.9169527e+06
   1.9170164e+06
   1.9170410e+06
   1.9170983e+06
   1.9171176e+06
   1.9171693e+06
   1.9172266e+06
   1.9172477e+06
   1.9172996e+06
   1.9173341e+06
   1.9173797e+06
   1.9173955e+06
   1.9174514e+06
   1.9174774e+06
   1.9175253e+06
   1.9175492e+06
   1.9175914e+06
   1.9176165e+06
   1.9176788e+06
   1.9176965e+06
   1.9177615e+06
   1.9177753e+06
   1.9178369e+06
   1.9178457e+06
   1.9179031e+06
   1.9179239e+06
   1.9179795e+06
   1.9180036e+06
   1.9180378e+06
   1.9180746e+06
   1.9181037e+06
   1.9181629e+06
   1.9181934e+06
   1.9182368e+06
   1.9182712e+06
   1.9182996e+06
   1.9183447e+06
   1.9183625e+06
   1.9184086e+06
   1.9184627e+06
   1.9184802e+06
   1.9185422e+06
   1.9185520e+06
   1.9186104e+06
   1.9186363e+06
   1.9186790e+06
   1.9187031e+06
   1.9187372e+06
   1.9187777e+06
   1.9188092e+06
   1.9188572e+06
   1.9188685e+06
   1.9189230e+06
   1.9189350e+06
   1.9189950e+06
   1.9190403e+06
   1.9190672e+06
   1.9191231e+06
   1.9191337e+06
   1.9191922e+06
   1.9192061e+06
   1.9192627e+06
   1.9192851e+06
   1.9193283e+06
   1.9193544e+06
   1.9194045e+06
   1.9194454e+06
   1.9194959e+06
   1.9195331e+06
   1.9195779e+06
   1.9196111e+06
   1.9196624e+06
   1.9196913e+06
   1.9197510e+06
   1.9197699e+06
   1.9198442e+06
   1.9198548e+06
   1.9199169e+06
   1.9199447e+06
