   5.6676305e+02
   1.1189407e+03
   1.6498528e+03
   1.9313647e+03
   2.5311737e+03
   2.9186560e+03
   3.3192894e+03
   3.5536930e+03
   4.2883175e+03
   8.2192899e+03
   1.0098986e+04
   1.0394897e+04
   1.0847496e+04
   1.1105594e+04
   1.1632961e+04
   1.2379614e+04
   1.2976274e+04
   1.3639038e+04
   1.3868619e+04
   1.4161698e+04
   1.4649153e+04
   1.6085807e+04
   1.6699097e+04
   1.6885856e+04
   1.7588830e+04
   1.8575832e+04
   1.8813210e+04
   1.9025173e+04
   1.9749627e+04
   2.0615459e+04
   2.1147500e+04
   2.1927038e+04
   2.5321557e+04
   2.5768955e+04
   2.6118138e+04
   2.6511368e+04
   2.6723084e+04
   2.7786821e+04
   2.8431648e+04
   2.8767846e+04
   2.9708860e+04
   3.0053552e+04
   3.0372119e+04
   3.0596820e+04
   3.1368411e+04
   3.1825157e+04
   3.3310917e+04
   3.3520913e+04
   3.4300654e+04
   3.5269996e+04
   3.6905761e+04
   3.7298886e+04
   4.0178014e+04
   4.0314065e+04
   4.0630404e+04
   4.0759532e+04
   4.0806586e+04
   4.0951274e+04
   4.1113175e+04
   4.1276941e+04
   4.1410938e+04
   4.1541993e+04
   4.1681753e+04
   4.1807748e+04
   4.1975749e+04
   4.2133759e+04
   4.2316112e+04
   4.2479514e+04
   4.2602162e+04
   4.2744254e+04
   4.2912326e+04
   4.3058120e+04
   4.3280906e+04
   4.3468153e+04
   4.3736867e+04
   4.3858749e+04
   4.4102170e+04
   4.4284750e+04
   4.4397191e+04
   4.4535753e+04
   4.4823503e+04
   4.5000848e+04
   4.5167291e+04
   4.5308171e+04
   4.5488964e+04
   4.5637969e+04
   4.5754718e+04
   4.5932446e+04
   4.6084133e+04
   4.6338796e+04
   4.6513377e+04
   4.6701868e+04
   4.6946909e+04
   4.7528880e+04
   4.8141567e+04
   4.8933793e+04
   5.2876052e+04
   5.3142164e+04
   5.3365308e+04
   5.6787469e+04
   5.7015902e+04
   5.7185613e+04
   5.7558314e+04
   5.7758498e+04
   5.7928337e+04
   5.8222449e+04
   5.8383921e+04
   5.8592217e+04
   5.8779297e+04
   5.8982245e+04
   5.9279585e+04
   5.9496804e+04
   5.9698335e+04
   5.9997720e+04
   6.0904124e+04
   6.1470418e+04
   6.1700194e+04
   6.2006606e+04
   6.2469448e+04
   6.2912456e+04
   6.4011602e+04
   6.4747614e+04
   6.6727039e+04
   6.7249914e+04
   6.7640062e+04
   6.8060910e+04
   6.9070833e+04
   6.9513736e+04
   6.9887495e+04
   7.0256179e+04
   7.0733663e+04
   7.1391109e+04
   7.1839200e+04
   7.4385807e+04
   7.4840381e+04
   7.5630659e+04
   7.5852400e+04
   7.6409418e+04
   7.6769851e+04
   7.7005387e+04
   7.7897961e+04
   7.8208107e+04
   7.8540936e+04
   7.9099601e+04
   7.9486833e+04
   8.0988491e+04
   8.1485427e+04
   8.2676336e+04
   8.7738815e+04
   8.7905779e+04
   8.8388371e+04
   8.9074965e+04
   8.9497455e+04
   8.9930722e+04
   9.3690262e+04
   9.8462412e+04
   9.8833340e+04
   9.9082586e+04
   9.9861551e+04
   1.0218351e+05
   1.0260550e+05
   1.0767035e+05
   1.0783599e+05
   1.0796939e+05
   1.0812430e+05
   1.0835995e+05
   1.0853528e+05
   1.0891666e+05
   1.0910985e+05
   1.0925645e+05
   1.0941603e+05
   1.0956638e+05
   1.0999889e+05
   1.1016254e+05
   1.1030550e+05
   1.1043605e+05
   1.1060392e+05
   1.1074789e+05
   1.1132363e+05
   1.1145787e+05
   1.1165582e+05
   1.1180336e+05
   1.1196817e+05
   1.1219447e+05
   1.1232679e+05
   1.1251672e+05
   1.1273004e+05
   1.1284816e+05
   1.1303347e+05
   1.1322445e+05
   1.1338887e+05
   1.1356442e+05
   1.1379984e+05
   1.1426330e+05
   1.1441680e+05
   1.1467574e+05
   1.1504967e+05
   1.1557553e+05
   1.1596463e+05
   1.1638258e+05
   1.1659959e+05
   1.1688113e+05
   1.1701913e+05
   1.1756902e+05
   1.1778047e+05
   1.1798017e+05
   1.1825678e+05
   1.1851002e+05
   1.1867491e+05
   1.1889071e+05
   1.1910505e+05
   1.1936963e+05
   1.1990330e+05
   1.2168666e+05
   1.2198104e+05
   1.2232677e+05
   1.2262648e+05
   1.2351302e+05
   1.2684611e+05
   1.2804371e+05
   1.2870347e+05
   1.2893372e+05
   1.2962983e+05
   1.2989147e+05
   1.3020019e+05
   1.3163168e+05
   1.3243900e+05
   1.3277983e+05
   1.3318371e+05
   1.3363419e+05
   1.3410795e+05
   1.3462489e+05
   1.3568068e+05
   1.3827182e+05
   1.3856316e+05
   1.3881038e+05
   1.3957105e+05
   1.4016904e+05
   1.4069007e+05
   1.4263475e+05
   1.4633651e+05
   1.4663879e+05
   1.4786017e+05
   1.5163548e+05
   1.5228164e+05
   1.5278343e+05
   1.5320977e+05
   1.5358320e+05
   1.5949649e+05
   1.6018709e+05
   1.6045126e+05
   1.6098273e+05
   1.6118298e+05
   1.6155304e+05
   1.6180924e+05
   1.6202400e+05
   1.6231822e+05
   1.6280002e+05
   1.6304019e+05
   1.6325764e+05
   1.6350045e+05
   1.6395961e+05
   1.6422183e+05
   1.6614716e+05
   1.6636136e+05
   1.6661568e+05
   1.6693819e+05
   1.6755089e+05
   1.6775445e+05
   1.6797933e+05
   1.6853994e+05
   1.6867161e+05
   1.6886293e+05
   1.6931785e+05
   1.6974354e+05
   1.6998409e+05
   1.7033661e+05
   1.7060287e+05
   1.7084828e+05
   1.7106703e+05
   1.7139593e+05
   1.7169115e+05
   1.7185685e+05
   1.7942295e+05
   1.7964517e+05
   1.7998215e+05
   1.8058294e+05
   1.8090676e+05
   1.8140065e+05
   1.8322178e+05
   1.8379356e+05
   1.8406536e+05
   2.0222858e+05
   2.0305863e+05
   2.0352115e+05
   2.0656483e+05
   2.0735332e+05
   2.0788205e+05
   2.0908102e+05
   2.1004008e+05
   2.1052889e+05
   2.1096829e+05
   2.1121325e+05
   2.1196917e+05
   2.1589740e+05
   2.1677696e+05
   2.1754119e+05
   2.1807551e+05
   2.1877550e+05
   2.1917257e+05
   2.1950655e+05
   2.2015121e+05
   2.2035013e+05
   2.2054840e+05
   2.2076096e+05
   2.2113883e+05
   2.2128703e+05
   2.2163513e+05
   2.2182326e+05
   2.2197847e+05
   2.2243483e+05
   2.2270726e+05
   2.2291199e+05
   2.2313558e+05
   2.2336741e+05
   2.2350457e+05
   2.2381714e+05
   2.2396935e+05
   2.2424934e+05
   2.2443902e+05
   2.2471796e+05
   2.2488912e+05
   2.2519325e+05
   2.2543946e+05
   2.2563958e+05
   2.2585019e+05
   2.2614383e+05
   2.2632898e+05
   2.2679062e+05
   2.2737953e+05
   2.2828662e+05
   2.2859926e+05
   2.2878987e+05
   2.2911624e+05
   2.2933907e+05
   2.2972846e+05
   2.2998941e+05
   2.3032694e+05
   2.3067942e+05
   2.3104022e+05
   2.3125700e+05
   2.3148158e+05
   2.3180298e+05
   2.3204947e+05
   2.3225015e+05
   2.3245290e+05
   2.3269535e+05
   2.3291219e+05
   2.3363265e+05
   2.3385384e+05
   2.3518063e+05
   2.3537926e+05
   2.3576636e+05
   2.3603782e+05
   2.3646164e+05
   2.3661788e+05
   2.3698503e+05
   2.3725972e+05
   2.3754838e+05
   2.3769730e+05
   2.3833176e+05
   2.3851366e+05
   2.3871586e+05
   2.3895913e+05
   2.3910980e+05
   2.3932185e+05
   2.3943849e+05
   2.3968754e+05
   2.3984720e+05
   2.4021659e+05
   2.4118929e+05
   2.4253541e+05
   2.4292815e+05
   2.4336294e+05
   2.4370025e+05
   2.4447346e+05
   2.4497940e+05
   2.4546327e+05
   2.4565880e+05
   2.4607329e+05
   2.4644933e+05
   2.4685944e+05
   2.4713000e+05
   2.5242925e+05
   2.5318763e+05
   2.5346662e+05
   2.5449588e+05
   2.5499322e+05
   2.5567814e+05
   2.5611108e+05
   2.5739095e+05
   2.5899296e+05
   2.5931189e+05
   2.5972041e+05
   2.7528861e+05
   2.7606947e+05
   2.7644409e+05
   2.7904828e+05
   2.7934681e+05
   2.7995447e+05
   2.8018326e+05
   2.8038361e+05
   2.8058512e+05
   2.8075060e+05
   2.8090805e+05
   2.8106428e+05
   2.8120594e+05
   2.8136154e+05
   2.8160997e+05
   2.8179323e+05
   2.8192976e+05
   2.8208229e+05
   2.8234369e+05
   2.8259565e+05
   2.8275533e+05
   2.8308391e+05
   2.8330322e+05
   2.8345742e+05
   2.8365473e+05
   2.8381282e+05
   2.8395914e+05
   2.8411010e+05
   2.8434729e+05
   2.8450079e+05
   2.8470621e+05
   2.8485309e+05
   2.8498365e+05
   2.8525161e+05
   2.8543520e+05
   2.8558273e+05
   2.8571340e+05
   2.8589460e+05
   2.8605135e+05
   2.8619973e+05
   2.8632647e+05
   2.8672807e+05
   2.8692380e+05
   2.8721898e+05
   2.8738291e+05
   2.8754026e+05
   2.8767958e+05
   2.8779364e+05
   2.8791274e+05
   2.8806121e+05
   2.8829881e+05
   2.8846032e+05
   2.8860290e+05
   2.8874350e+05
   2.8887082e+05
   2.8898762e+05
   2.8913830e+05
   2.8933570e+05
   2.8948190e+05
   2.8959820e+05
   2.8972652e+05
   2.8985027e+05
   2.9000877e+05
   2.9022282e+05
   2.9035508e+05
   2.9050663e+05
   2.9069512e+05
   2.9085237e+05
   2.9104039e+05
   2.9119116e+05
   2.9136393e+05
   2.9154592e+05
   2.9167517e+05
   2.9177778e+05
   2.9187347e+05
   2.9202416e+05
   2.9216144e+05
   2.9232632e+05
   2.9257904e+05
   2.9273121e+05
   2.9285404e+05
   2.9300381e+05
   2.9312811e+05
   2.9328987e+05
   2.9343047e+05
   2.9355713e+05
   2.9371692e+05
   2.9395490e+05
   2.9445050e+05
   2.9498957e+05
   2.9519090e+05
   2.9535671e+05
   2.9563920e+05
   2.9580227e+05
   2.9599476e+05
   2.9620951e+05
   2.9655046e+05
   2.9675516e+05
   2.9726020e+05
   2.9774449e+05
   2.9803791e+05
   2.9831228e+05
   2.9892368e+05
   2.9915506e+05
   2.9934571e+05
   2.9964031e+05
   2.9983067e+05
   3.0104982e+05
   3.0165997e+05
   3.0209493e+05
   3.0240794e+05
   3.0376339e+05
   3.0412104e+05
   3.0435424e+05
   3.0469441e+05
   3.0497757e+05
   3.0606166e+05
   3.0633454e+05
   3.0912049e+05
   3.0964648e+05
   3.1014819e+05
   3.1152092e+05
   3.1180826e+05
   3.1309021e+05
   3.1372000e+05
   3.1463263e+05
   3.1658584e+05
   3.1710253e+05
   3.1761839e+05
   3.1820137e+05
   3.2063353e+05
   3.2096712e+05
   3.2164454e+05
   3.2365980e+05
   3.2479961e+05
   3.2611965e+05
   3.2647945e+05
   3.2681785e+05
   3.2731878e+05
   3.2780970e+05
   3.2845274e+05
   3.3177776e+05
   3.3227692e+05
   3.3605736e+05
   3.3644818e+05
   3.3695065e+05
   3.3730260e+05
   3.3762004e+05
   3.3838713e+05
   3.3866867e+05
   3.3924345e+05
   3.3986764e+05
   3.4382844e+05
   3.4467798e+05
   3.4494981e+05
   3.4566189e+05
   3.4808731e+05
   3.4830160e+05
   3.4846630e+05
   3.4859342e+05
   3.4898303e+05
   3.4924822e+05
   3.4940502e+05
   3.4957544e+05
   3.4982860e+05
   3.4998227e+05
   3.5011779e+05
   3.5035464e+05
   3.5051206e+05
   3.5076508e+05
   3.5095556e+05
   3.5111489e+05
   3.5129417e+05
   3.5144483e+05
   3.5160347e+05
   3.5178693e+05
   3.5195219e+05
   3.5209593e+05
   3.5235997e+05
   3.5261567e+05
   3.5282452e+05
   3.5304840e+05
   3.5328465e+05
   3.5342991e+05
   3.5368320e+05
   3.5381868e+05
   3.5396645e+05
   3.5454214e+05
   3.5483355e+05
   3.5518710e+05
   3.5551397e+05
   3.5598560e+05
   3.5636902e+05
   3.5667282e+05
   3.5696010e+05
   3.5740521e+05
   3.5758400e+05
   3.5780283e+05
   3.5802195e+05
   3.5825754e+05
   3.5875783e+05
   3.5902614e+05
   3.5923088e+05
   3.5962037e+05
   3.5982092e+05
   3.6064509e+05
   3.6145569e+05
   3.6186094e+05
   3.6270229e+05
   3.6444486e+05
   3.6477874e+05
   3.6545234e+05
   3.6602156e+05
   3.6623994e+05
   3.6670670e+05
   3.6914284e+05
   3.6979152e+05
   3.7042549e+05
   3.7127953e+05
   3.7206488e+05
   3.7245073e+05
   3.7304336e+05
   3.7345880e+05
   3.7390514e+05
   3.7418345e+05
   3.7439395e+05
   3.7470137e+05
   3.8062786e+05
   3.8171409e+05
   3.8222775e+05
   3.8257931e+05
   3.8539757e+05
   3.8585353e+05
   3.8622010e+05
   3.9005360e+05
   3.9048145e+05
   3.9149894e+05
   3.9251710e+05
   3.9585350e+05
   3.9619646e+05
   3.9653696e+05
   4.0014647e+05
   4.0026492e+05
   4.0051121e+05
   4.0064004e+05
   4.0081646e+05
   4.0093702e+05
   4.0106032e+05
   4.0127459e+05
   4.0142555e+05
   4.0158499e+05
   4.0180597e+05
   4.0201750e+05
   4.0217925e+05
   4.0228940e+05
   4.0239645e+05
   4.0253188e+05
   4.0269787e+05
   4.0288030e+05
   4.0305728e+05
   4.0321428e+05
   4.0345814e+05
   4.0358836e+05
   4.0379413e+05
   4.0396165e+05
   4.0407531e+05
   4.0425447e+05
   4.0439481e+05
   4.0455981e+05
   4.0472294e+05
   4.0492577e+05
   4.0519174e+05
   4.0543857e+05
   4.0559302e+05
   4.0572352e+05
   4.0591528e+05
   4.0605512e+05
   4.0621583e+05
   4.0640691e+05
   4.0658059e+05
   4.0668806e+05
   4.0686443e+05
   4.0722387e+05
   4.0742772e+05
   4.0764739e+05
   4.0786045e+05
   4.0797224e+05
   4.0812959e+05
   4.0824835e+05
   4.0841362e+05
   4.0853324e+05
   4.0874297e+05
   4.0894767e+05
   4.0911157e+05
   4.0926381e+05
   4.0945962e+05
   4.0965897e+05
   4.0978291e+05
   4.0999111e+05
   4.1017682e+05
   4.1029411e+05
   4.1052464e+05
   4.1066887e+05
   4.1082821e+05
   4.1110679e+05
   4.1127121e+05
   4.1142034e+05
   4.1173963e+05
   4.1187354e+05
   4.1202160e+05
   4.1213087e+05
   4.1230609e+05
   4.1244176e+05
   4.1264326e+05
   4.1285061e+05
   4.1302681e+05
   4.1318517e+05
   4.1330850e+05
   4.1347388e+05
   4.1361911e+05
   4.1381487e+05
   4.1392621e+05
   4.1434487e+05
   4.1452490e+05
   4.1466509e+05
   4.1486650e+05
   4.1504899e+05
   4.1526204e+05
   4.1546118e+05
   4.1564240e+05
   4.1587591e+05
   4.1607348e+05
   4.1629405e+05
   4.1642316e+05
   4.1656789e+05
   4.1675962e+05
   4.1699987e+05
   4.1714622e+05
   4.1735060e+05
   4.1748861e+05
   4.1763913e+05
   4.1782327e+05
   4.1809586e+05
   4.1827601e+05
   4.1846016e+05
   4.1862748e+05
   4.1878606e+05
   4.1901950e+05
   4.1923022e+05
   4.1937233e+05
   4.1973224e+05
   4.1993162e+05
   4.2074740e+05
   4.2123867e+05
   4.2152258e+05
   4.2197818e+05
   4.2478288e+05
   4.2516683e+05
   4.2610652e+05
   4.2648780e+05
   4.2729088e+05
   4.2765680e+05
   4.3359071e+05
   4.3404492e+05
   4.3691612e+05
   4.3725460e+05
   4.3958015e+05
   4.4195863e+05
   4.4248570e+05
   4.4544235e+05
   4.4584778e+05
   4.4640800e+05
   4.4670057e+05
   4.4762209e+05
   4.4807563e+05
   4.4845916e+05
   4.4972794e+05
   4.5019633e+05
   4.5063996e+05
   4.5167955e+05
   4.5281174e+05
   4.5970690e+05
   4.6033015e+05
   4.6064106e+05
   4.6119606e+05
   4.6147836e+05
   4.6190214e+05
   4.6218060e+05
   4.6292958e+05
   4.6326925e+05
   4.6364115e+05
   4.6380884e+05
   4.6400896e+05
   4.6443560e+05
   4.6478700e+05
   4.6509341e+05
   4.6532586e+05
   4.6798687e+05
   4.6814323e+05
   4.6829418e+05
   4.6848917e+05
   4.6862958e+05
   4.6898287e+05
   4.6919024e+05
   4.6943812e+05
   4.6958371e+05
   4.6979598e+05
   4.7006532e+05
   4.7022383e+05
   4.7045242e+05
   4.7064777e+05
   4.7078601e+05
   4.7090195e+05
   4.7110051e+05
   4.7130313e+05
   4.7146450e+05
   4.7163419e+05
   4.7179122e+05
   4.7202366e+05
   4.7217663e+05
   4.7231994e+05
   4.7247424e+05
   4.7259964e+05
   4.7280452e+05
   4.7294088e+05
   4.7315943e+05
   4.7330580e+05
   4.7343906e+05
   4.7358355e+05
   4.7374571e+05
   4.7388914e+05
   4.7435382e+05
   4.7455487e+05
   4.7472913e+05
   4.7489982e+05
   4.7517354e+05
   4.7536583e+05
   4.7559944e+05
   4.7587480e+05
   4.7618806e+05
   4.7635758e+05
   4.7663028e+05
   4.7700152e+05
   4.7716065e+05
   4.7748639e+05
   4.7765244e+05
   4.7784431e+05
   4.7801706e+05
   4.7822214e+05
   4.7842755e+05
   4.7865431e+05
   4.7883825e+05
   4.7898286e+05
   4.7934053e+05
   4.7959463e+05
   4.7981776e+05
   4.7998494e+05
   4.8040198e+05
   4.8074701e+05
   4.8211318e+05
   4.8278889e+05
   4.8926220e+05
   4.8946133e+05
   4.8975377e+05
   5.0436020e+05
   5.0487392e+05
   5.0773463e+05
   5.0823739e+05
   5.1121658e+05
   5.1169424e+05
   5.1236880e+05
   5.1285821e+05
   5.1351713e+05
   5.1406016e+05
   5.1427111e+05
   5.1515658e+05
   5.1548114e+05
   5.1619723e+05
   5.1639451e+05
   5.1974016e+05
   5.1990400e+05
   5.2023133e+05
   5.2058674e+05
   5.2091533e+05
   5.2119446e+05
   5.2154108e+05
   5.2173014e+05
   5.2205374e+05
   5.2235085e+05
   5.2299824e+05
   5.2317169e+05
   5.2335278e+05
   5.2370042e+05
   5.2435820e+05
   5.2488357e+05
   5.2504522e+05
   5.2580253e+05
   5.2614928e+05
   5.2635065e+05
   5.2655860e+05
   5.2688610e+05
   5.2731041e+05
   5.2750819e+05
   5.2769674e+05
   5.2783611e+05
   5.2805006e+05
   5.2821738e+05
   5.2842238e+05
   5.2860253e+05
   5.2912191e+05
   5.2927591e+05
   5.2945339e+05
   5.2966735e+05
   5.2979510e+05
   5.2995738e+05
   5.3012516e+05
   5.3029201e+05
   5.3045451e+05
   5.3064505e+05
   5.3080383e+05
   5.3090822e+05
   5.3116399e+05
   5.3139605e+05
   5.3155816e+05
   5.3173561e+05
   5.3189458e+05
   5.3203925e+05
   5.3220137e+05
   5.3237940e+05
   5.3248701e+05
   5.3267090e+05
   5.3278613e+05
   5.3297556e+05
   5.3311155e+05
   5.3326691e+05
   5.3342746e+05
   5.3369307e+05
   5.3384199e+05
   5.3419105e+05
   5.3434833e+05
   5.3454467e+05
   5.3475844e+05
   5.3496797e+05
   5.3510286e+05
   5.3523356e+05
   5.3550220e+05
   5.3574870e+05
   5.3592194e+05
   5.3602564e+05
   5.3618264e+05
   5.3631740e+05
   5.3647741e+05
   5.3665751e+05
   5.3677707e+05
   5.3691253e+05
   5.3704288e+05
   5.3721623e+05
   5.3744673e+05
   5.3759552e+05
   5.3776666e+05
   5.3793685e+05
   5.3809842e+05
   5.3830277e+05
   5.3842974e+05
   5.3855855e+05
   5.3870786e+05
   5.3884405e+05
   5.3906163e+05
   5.3918922e+05
   5.3936824e+05
   5.3948587e+05
   5.3963618e+05
   5.3976011e+05
   5.3990182e+05
   5.4024525e+05
   5.4084360e+05
   5.4123202e+05
   5.4158332e+05
   5.4253628e+05
   5.4297031e+05
   5.4534622e+05
   5.4563327e+05
   5.4608373e+05
   5.4739085e+05
   5.4794102e+05
   5.4846727e+05
   5.4880207e+05
   5.4918909e+05
   5.5040953e+05
   5.5109483e+05
   5.5148624e+05
   5.5265704e+05
   5.5319932e+05
   5.5335880e+05
   5.6098544e+05
   5.6123865e+05
   5.6177973e+05
   5.6202457e+05
   5.6250026e+05
   5.6388334e+05
   5.6433764e+05
   5.6514480e+05
   5.6563698e+05
   5.6590150e+05
   5.6653974e+05
   5.6683013e+05
   5.6846578e+05
   5.6874612e+05
   5.6938714e+05
   5.7771156e+05
   5.7828281e+05
   5.7855896e+05
   5.8059378e+05
   5.8094780e+05
   5.8134829e+05
   5.8161138e+05
   5.8198415e+05
   5.8314598e+05
   5.8823658e+05
   5.8923751e+05
   5.8977428e+05
   5.9018502e+05
   5.9153323e+05
   5.9173965e+05
   5.9250440e+05
   5.9451421e+05
   5.9477625e+05
   5.9522406e+05
   5.9542275e+05
   5.9569002e+05
   5.9590404e+05
   5.9614257e+05
   5.9635362e+05
   5.9663117e+05
   5.9681059e+05
   5.9713349e+05
   5.9746547e+05
   5.9773249e+05
   5.9796415e+05
   5.9818985e+05
   5.9833366e+05
   5.9858151e+05
   5.9897898e+05
   5.9935802e+05
   5.9973571e+05
   5.9994182e+05
   6.0039172e+05
   6.0098618e+05
   6.0186226e+05
   6.0285822e+05
   6.0309665e+05
   6.0371353e+05
   6.0425607e+05
   6.0452152e+05
   6.0488441e+05
   6.0606803e+05
   6.0634157e+05
   6.0751948e+05
   6.0778728e+05
   6.0913714e+05
   6.1007912e+05
   6.1113443e+05
   6.1246499e+05
   6.1294792e+05
   6.1339638e+05
   6.1397172e+05
   6.1428909e+05
   6.1479958e+05
   6.2330727e+05
   6.2427726e+05
   6.2509511e+05
   6.2547350e+05
   6.2630666e+05
   6.3017390e+05
   6.3047824e+05
   6.3071788e+05
   6.3134189e+05
   6.3178563e+05
   6.3215765e+05
   6.3244517e+05
   6.3298162e+05
   6.3339970e+05
   6.3386969e+05
   6.3441326e+05
   6.3469056e+05
   6.3513520e+05
   6.3565779e+05
   6.3622051e+05
   6.3675828e+05
   6.3862032e+05
   6.3958377e+05
   6.3990008e+05
   6.4015284e+05
   6.4077716e+05
   6.4136388e+05
   6.4450222e+05
   6.4523664e+05
   6.4609634e+05
   6.4647006e+05
   6.4679269e+05
   6.4757990e+05
   6.4852306e+05
   6.4893913e+05
   6.4919338e+05
   6.4955078e+05
   6.5023767e+05
   6.5043912e+05
   6.5194467e+05
   6.5504993e+05
   6.5574604e+05
   6.5601615e+05
   6.5627491e+05
   6.5762844e+05
   6.5832785e+05
   6.5863785e+05
   6.5898798e+05
   6.6191525e+05
   6.6263494e+05
   6.6297730e+05
   6.6507468e+05
   6.6561750e+05
   6.6609190e+05
   6.6660576e+05
   6.6726390e+05
   6.8360949e+05
   6.8536470e+05
   6.8576210e+05
   6.8610614e+05
   6.8684828e+05
   6.8745439e+05
   6.8859774e+05
   6.8920992e+05
   6.9015189e+05
   6.9043524e+05
   6.9087743e+05
   6.9146721e+05
   6.9185491e+05
   6.9251889e+05
   6.9286854e+05
   6.9357811e+05
   6.9404058e+05
   6.9441922e+05
   6.9568476e+05
   6.9587444e+05
   6.9636247e+05
   6.9711896e+05
   6.9786090e+05
   6.9875500e+05
   6.9996765e+05
   7.0018958e+05
   7.0198008e+05
   7.0417028e+05
   7.0455718e+05
   7.0493938e+05
   7.0530434e+05
   7.0614900e+05
   7.0660615e+05
   7.0703114e+05
   7.1569675e+05
   7.1624742e+05
   7.1666452e+05
   7.1691698e+05
   7.1724694e+05
   7.1763999e+05
   7.1791305e+05
   7.1963887e+05
   7.2002140e+05
   7.2016139e+05
   7.2044480e+05
   7.2069715e+05
   7.2159579e+05
   7.2257302e+05
   7.2287705e+05
   7.2319224e+05
   7.2347581e+05
   7.3036780e+05
   7.3895992e+05
   7.3960000e+05
   7.4040726e+05
   7.4066108e+05
   7.4101036e+05
   7.4152827e+05
   7.4246200e+05
   7.4342361e+05
   7.4480121e+05
   7.4516055e+05
   7.4567825e+05
   7.4591583e+05
   7.4660563e+05
   7.4700857e+05
   7.4743388e+05
   7.4799672e+05
   7.4825613e+05
   7.4893104e+05
   7.4957462e+05
   7.5175528e+05
   7.5239439e+05
   7.5304607e+05
   7.6035536e+05
   7.6061788e+05
   7.6093375e+05
   7.6116874e+05
   7.6149952e+05
   7.6986397e+05
   7.7003402e+05
   7.7041553e+05
   7.7082617e+05
   7.7128110e+05
   7.7314997e+05
   7.7337921e+05
   7.7685162e+05
   7.7705788e+05
   7.7716262e+05
   7.7730565e+05
   7.7742511e+05
   7.7759416e+05
   7.7778713e+05
   7.7804074e+05
   7.7817913e+05
   7.7837090e+05
   7.7869825e+05
   7.7882668e+05
   7.7915676e+05
   7.8078001e+05
   7.8269977e+05
   7.8344941e+05
   7.8407342e+05
   7.8438736e+05
   7.8580382e+05
   7.8598882e+05
   7.8637320e+05
   7.8654583e+05
   7.8678530e+05
   7.8723443e+05
   7.8834415e+05
   7.8933862e+05
   7.8957277e+05
   7.9226834e+05
   7.9244883e+05
   7.9296735e+05
   7.9319914e+05
   7.9341701e+05
   7.9365813e+05
   7.9456698e+05
   7.9536314e+05
   7.9593998e+05
   7.9695761e+05
   8.0519797e+05
   8.0703292e+05
   8.0728115e+05
   8.0833199e+05
   8.0871363e+05
   8.0890697e+05
   8.0969965e+05
   8.1014883e+05
   8.1204161e+05
   8.1225887e+05
   8.1266838e+05
   8.1289117e+05
   8.1321893e+05
   8.1371309e+05
   8.1413220e+05
   8.1684886e+05
   8.1940931e+05
   8.1955223e+05
   8.1978710e+05
   8.2020755e+05
   8.2038096e+05
   8.2056175e+05
   8.2087390e+05
   8.2108004e+05
   8.2120608e+05
   8.2141952e+05
   8.2156105e+05
   8.2171945e+05
   8.2187277e+05
   8.2208358e+05
   8.2229738e+05
   8.2249133e+05
   8.2270227e+05
   8.2287076e+05
   8.2303382e+05
   8.2333057e+05
   8.2350847e+05
   8.2373432e+05
   8.2388186e+05
   8.2404606e+05
   8.2418755e+05
   8.2436925e+05
   8.2476710e+05
   8.2497903e+05
   8.2514180e+05
   8.2544825e+05
   8.2583035e+05
   8.2618983e+05
   8.2634605e+05
   8.2647078e+05
   8.2665763e+05
   8.2679314e+05
   8.2696953e+05
   8.2740621e+05
   8.2765542e+05
   8.2787852e+05
   8.2803098e+05
   8.2820354e+05
   8.2844160e+05
   8.2931126e+05
   8.2951058e+05
   8.2994886e+05
   8.3020246e+05
   8.3041512e+05
   8.3058061e+05
   8.3106016e+05
   8.3126328e+05
   8.3167780e+05
   8.3183429e+05
   8.3227613e+05
   8.3239612e+05
   8.3268088e+05
   8.3281583e+05
   8.3295617e+05
   8.3309810e+05
   8.3328713e+05
   8.3347756e+05
   8.3551783e+05
   8.3565765e+05
   8.3582409e+05
   8.3642853e+05
   8.3691725e+05
   8.3721061e+05
   8.3736414e+05
   8.3751661e+05
   8.3771259e+05
   8.3794293e+05
   8.3814371e+05
   8.3891290e+05
   8.3931484e+05
   8.3943362e+05
   8.3966871e+05
   8.3982109e+05
   8.4092242e+05
   8.4108757e+05
   8.4182792e+05
   8.4220427e+05
   8.4250452e+05
   8.4268511e+05
   8.6286819e+05
   8.6305993e+05
   8.6319061e+05
   8.6434818e+05
   8.6465263e+05
   8.6489657e+05
   8.6513869e+05
   8.6545824e+05
   8.6651820e+05
   8.6695227e+05
   8.6720098e+05
   8.6952001e+05
   8.6990487e+05
   8.7408898e+05
   8.7430505e+05
   8.7503261e+05
   8.7588509e+05
   8.7643696e+05
   8.7775503e+05
   8.7796170e+05
   8.7908114e+05
   8.7927266e+05
   8.7961786e+05
   8.8016150e+05
   8.8030197e+05
   8.8045450e+05
   8.8057545e+05
   8.8073094e+05
   8.8088808e+05
   8.8137307e+05
   8.8156775e+05
   8.8179298e+05
   8.8190785e+05
   8.8209740e+05
   8.8220484e+05
   8.8231794e+05
   8.8243529e+05
   8.8254333e+05
   8.8275203e+05
   8.8287366e+05
   8.8322563e+05
   8.8350969e+05
   8.8381073e+05
   8.8392802e+05
   8.8408902e+05
   8.8419268e+05
   8.8437862e+05
   8.8476071e+05
   8.8492188e+05
   8.8503282e+05
   8.8520271e+05
   8.8537845e+05
   8.8553323e+05
   8.8570451e+05
   8.8589018e+05
   8.8661963e+05
   8.8677104e+05
   8.8729205e+05
   8.8771756e+05
   8.8821675e+05
   8.8837160e+05
   8.8860101e+05
   8.8872576e+05
   8.8887603e+05
   8.8904874e+05
   8.8918492e+05
   8.8941476e+05
   8.8966070e+05
   8.8978860e+05
   8.8999605e+05
   8.9023419e+05
   8.9034214e+05
   8.9044508e+05
   8.9058133e+05
   8.9081442e+05
   8.9114760e+05
   8.9176686e+05
   8.9197439e+05
   8.9213592e+05
   8.9233899e+05
   8.9248449e+05
   8.9271731e+05
   8.9300178e+05
   8.9318953e+05
   8.9335529e+05
   8.9352399e+05
   8.9363803e+05
   8.9384360e+05
   8.9427858e+05
   8.9455354e+05
   8.9499727e+05
   8.9513067e+05
   8.9534844e+05
   8.9557914e+05
   8.9573429e+05
   8.9589908e+05
   8.9601521e+05
   8.9621796e+05
   8.9644594e+05
   8.9661583e+05
   8.9684968e+05
   8.9851327e+05
   8.9864420e+05
   8.9896675e+05
   8.9945677e+05
   8.9958719e+05
   8.9988506e+05
   9.0056240e+05
   9.0600275e+05
   9.0650562e+05
   9.0693332e+05
   9.0714154e+05
   9.0753404e+05
   9.0774091e+05
   9.0806484e+05
   9.0837229e+05
   9.0913612e+05
   9.1016938e+05
   9.1063998e+05
   9.1096211e+05
   9.1157571e+05
   9.1226201e+05
   9.1345165e+05
   9.1369154e+05
   9.1637831e+05
   9.1698466e+05
   9.2178184e+05
   9.2211895e+05
   9.2240051e+05
   9.2260283e+05
   9.2298354e+05
   9.2328573e+05
   9.2351858e+05
   9.2394048e+05
   9.2456496e+05
   9.2498053e+05
   9.2515069e+05
   9.2544081e+05
   9.2565468e+05
   9.2597477e+05
   9.2641666e+05
   9.2783159e+05
   9.2811798e+05
   9.2879231e+05
   9.2896420e+05
   9.2953903e+05
   9.2972731e+05
   9.3033546e+05
   9.3060868e+05
   9.3079012e+05
   9.3111419e+05
   9.3142468e+05
   9.3231032e+05
   9.3385314e+05
   9.3411491e+05
   9.3437438e+05
   9.3470664e+05
   9.4013326e+05
   9.4034439e+05
   9.4052124e+05
   9.4064858e+05
   9.4079505e+05
   9.4094809e+05
   9.4103550e+05
   9.4117506e+05
   9.4133158e+05
   9.4180788e+05
   9.4204248e+05
   9.4217383e+05
   9.4249525e+05
   9.4262739e+05
   9.4283458e+05
   9.4300513e+05
   9.4312465e+05
   9.4324777e+05
   9.4337107e+05
   9.4351451e+05
   9.4363052e+05
   9.4378476e+05
   9.4393454e+05
   9.4403182e+05
   9.4418835e+05
   9.4434106e+05
   9.4445067e+05
   9.4462726e+05
   9.4475349e+05
   9.4497014e+05
   9.4512918e+05
   9.4524551e+05
   9.4540071e+05
   9.4550306e+05
   9.4564441e+05
   9.4584654e+05
   9.4597691e+05
   9.4613562e+05
   9.4632788e+05
   9.4665150e+05
   9.4684052e+05
   9.4743781e+05
   9.4780725e+05
   9.4804319e+05
   9.4817999e+05
   9.4846376e+05
   9.4860528e+05
   9.4876823e+05
   9.4902128e+05
   9.4915240e+05
   9.4927157e+05
   9.4947447e+05
   9.4973367e+05
   9.4990685e+05
   9.5008679e+05
   9.5029428e+05
   9.5059676e+05
   9.5071984e+05
   9.5088248e+05
   9.5104851e+05
   9.5118777e+05
   9.5142517e+05
   9.5157521e+05
   9.5175985e+05
   9.5193631e+05
   9.5214547e+05
   9.5233064e+05
   9.5252305e+05
   9.5267904e+05
   9.5283083e+05
   9.5310433e+05
   9.5332437e+05
   9.5847586e+05
   9.5864945e+05
   9.5876160e+05
   9.5888207e+05
   9.5912148e+05
   9.5932349e+05
   9.5988950e+05
   9.6160546e+05
   9.6189447e+05
   9.6222440e+05
   9.6254429e+05
   9.6302854e+05
   9.6322136e+05
   9.6381720e+05
   9.6442548e+05
   9.6619619e+05
   9.6649636e+05
   9.7092006e+05
   9.7106679e+05
   9.7123020e+05
   9.7163251e+05
   9.7184003e+05
   9.7232315e+05
   9.7263662e+05
   9.7287204e+05
   9.7422765e+05
   9.7467604e+05
   9.7548341e+05
   9.7588652e+05
   9.7663680e+05
   9.7697856e+05
   9.7713687e+05
   9.7734642e+05
   9.7774875e+05
   9.7812424e+05
   9.7827660e+05
   9.7859718e+05
   9.7925697e+05
   9.7946649e+05
   9.7977734e+05
   9.8045586e+05
   9.8081606e+05
   9.8112845e+05
   9.8153832e+05
   9.8192371e+05
   9.8246168e+05
   9.8280517e+05
   9.8302268e+05
   9.8333209e+05
   9.8397253e+05
   9.8528412e+05
   9.8550107e+05
   9.8594489e+05
   9.8622103e+05
   9.8664253e+05
   9.8742925e+05
   9.8896981e+05
   9.8983705e+05
   9.9308830e+05
   9.9351091e+05
   9.9386085e+05
   9.9425518e+05
   9.9439344e+05
   9.9465128e+05
   9.9491236e+05
   9.9508685e+05
   9.9530953e+05
   9.9644242e+05
   9.9729114e+05
   9.9753890e+05
   9.9798717e+05
   9.9844242e+05
   9.9895766e+05
   9.9952690e+05
   9.9982472e+05
   1.0001046e+06
   1.0002530e+06
   1.0004120e+06
   1.0007120e+06
   1.0008875e+06
   1.0010546e+06
   1.0011436e+06
   1.0013533e+06
   1.0015908e+06
   1.0017100e+06
   1.0018641e+06
   1.0019705e+06
   1.0024846e+06
   1.0026689e+06
   1.0028557e+06
   1.0030491e+06
   1.0032111e+06
   1.0033656e+06
   1.0034749e+06
   1.0035613e+06
   1.0037001e+06
   1.0040133e+06
   1.0042082e+06
   1.0043793e+06
   1.0046139e+06
   1.0047497e+06
   1.0050248e+06
   1.0051785e+06
   1.0053760e+06
   1.0054802e+06
   1.0056043e+06
   1.0059202e+06
   1.0060171e+06
   1.0061455e+06
   1.0063738e+06
   1.0065587e+06
   1.0067102e+06
   1.0068721e+06
   1.0072282e+06
   1.0074588e+06
   1.0076001e+06
   1.0077150e+06
   1.0078337e+06
   1.0080038e+06
   1.0081462e+06
   1.0082549e+06
   1.0083696e+06
   1.0085330e+06
   1.0086754e+06
   1.0088482e+06
   1.0089932e+06
   1.0091349e+06
   1.0092495e+06
   1.0095971e+06
   1.0097939e+06
   1.0099709e+06
   1.0101129e+06
   1.0102242e+06
   1.0103886e+06
   1.0105832e+06
   1.0107398e+06
   1.0108382e+06
   1.0110517e+06
   1.0112323e+06
   1.0113706e+06
   1.0115771e+06
   1.0119505e+06
   1.0121660e+06
   1.0123490e+06
   1.0126649e+06
   1.0128553e+06
   1.0130402e+06
   1.0131380e+06
   1.0132849e+06
   1.0136703e+06
   1.0139171e+06
   1.0144173e+06
   1.0145723e+06
   1.0146755e+06
   1.0147987e+06
   1.0149339e+06
   1.0150689e+06
   1.0151979e+06
   1.0153522e+06
   1.0155210e+06
   1.0156445e+06
   1.0157622e+06
   1.0159758e+06
   1.0161857e+06
   1.0163442e+06
   1.0165774e+06
   1.0167022e+06
   1.0168170e+06
   1.0169655e+06
   1.0172728e+06
   1.0174073e+06
   1.0175276e+06
   1.0176785e+06
   1.0178781e+06
   1.0180386e+06
   1.0182424e+06
   1.0183388e+06
   1.0184228e+06
   1.0186646e+06
   1.0188397e+06
   1.0190366e+06
   1.0192610e+06
   1.0193991e+06
   1.0195329e+06
   1.0198188e+06
   1.0202982e+06
   1.0207209e+06
   1.0213263e+06
   1.0216370e+06
   1.0232287e+06
   1.0235416e+06
   1.0238427e+06
   1.0241337e+06
   1.0254258e+06
   1.0263563e+06
   1.0270245e+06
   1.0281053e+06
   1.0286210e+06
   1.0287965e+06
   1.0290774e+06
   1.0292693e+06
   1.0293992e+06
   1.0296342e+06
   1.0321854e+06
   1.0328926e+06
   1.0331858e+06
   1.0337779e+06
   1.0340012e+06
   1.0344393e+06
   1.0347514e+06
   1.0351774e+06
   1.0374074e+06
   1.0379599e+06
   1.0381893e+06
   1.0388242e+06
   1.0410003e+06
   1.0417513e+06
   1.0427594e+06
   1.0432000e+06
   1.0445323e+06
   1.0449506e+06
   1.0452291e+06
   1.0461953e+06
   1.0476425e+06
   1.0479795e+06
   1.0490420e+06
   1.0493529e+06
   1.0519033e+06
   1.0533910e+06
   1.0538426e+06
   1.0541772e+06
   1.0551936e+06
   1.0561869e+06
   1.0603562e+06
   1.0604877e+06
   1.0605942e+06
   1.0607280e+06
   1.0608518e+06
   1.0610031e+06
   1.0611195e+06
   1.0613579e+06
   1.0614655e+06
   1.0616129e+06
   1.0617188e+06
   1.0619671e+06
   1.0620908e+06
   1.0622452e+06
   1.0623559e+06
   1.0625357e+06
   1.0626706e+06
   1.0629840e+06
   1.0631097e+06
   1.0633281e+06
   1.0634392e+06
   1.0635264e+06
   1.0639510e+06
   1.0640884e+06
   1.0642717e+06
   1.0644267e+06
   1.0645636e+06
   1.0648598e+06
   1.0651378e+06
   1.0652667e+06
   1.0653713e+06
   1.0654868e+06
   1.0656241e+06
   1.0657240e+06
   1.0659406e+06
   1.0660760e+06
   1.0662756e+06
   1.0664097e+06
   1.0665620e+06
   1.0666999e+06
   1.0671568e+06
   1.0674107e+06
   1.0675325e+06
   1.0676882e+06
   1.0678177e+06
   1.0679369e+06
   1.0680799e+06
   1.0681588e+06
   1.0683749e+06
   1.0685372e+06
   1.0686822e+06
   1.0687888e+06
   1.0689121e+06
   1.0691089e+06
   1.0695141e+06
   1.0696362e+06
   1.0697485e+06
   1.0698558e+06
   1.0700167e+06
   1.0701405e+06
   1.0702648e+06
   1.0704143e+06
   1.0707873e+06
   1.0708944e+06
   1.0718534e+06
   1.0719329e+06
   1.0720503e+06
   1.0722481e+06
   1.0724377e+06
   1.0725380e+06
   1.0727153e+06
   1.0728717e+06
   1.0731047e+06
   1.0733974e+06
   1.0736701e+06
   1.0738062e+06
   1.0739448e+06
   1.0741887e+06
   1.0743610e+06
   1.0747390e+06
   1.0749495e+06
   1.0751197e+06
   1.0752366e+06
   1.0754122e+06
   1.0755328e+06
   1.0756320e+06
   1.0757977e+06
   1.0759099e+06
   1.0760889e+06
   1.0762627e+06
   1.0765043e+06
   1.0768459e+06
   1.0770636e+06
   1.0776368e+06
   1.0777596e+06
   1.0779084e+06
   1.0780638e+06
   1.0782005e+06
   1.0783556e+06
   1.0784886e+06
   1.0789445e+06
   1.0791335e+06
   1.0792557e+06
   1.0793606e+06
   1.0794644e+06
   1.0795678e+06
   1.0797709e+06
   1.0799565e+06
   1.0805970e+06
   1.0815967e+06
   1.0822035e+06
   1.0832484e+06
   1.0905523e+06
   1.0909909e+06
   1.0913070e+06
   1.0915313e+06
   1.0930724e+06
   1.0975003e+06
   1.0994373e+06
   1.0997661e+06
   1.1018215e+06
   1.1021535e+06
   1.1022933e+06
   1.1028290e+06
   1.1033335e+06
   1.1038974e+06
   1.1047925e+06
   1.1059112e+06
   1.1065697e+06
   1.1074007e+06
   1.1083139e+06
   1.1085337e+06
   1.1090356e+06
   1.1093134e+06
   1.1106178e+06
   1.1108637e+06
   1.1120711e+06
   1.1135545e+06
   1.1139387e+06
   1.1152907e+06
   1.1154878e+06
   1.1157262e+06
   1.1165198e+06
   1.1168823e+06
   1.1172954e+06
   1.1176126e+06
   1.1182504e+06
   1.1188990e+06
   1.1190704e+06
   1.1194350e+06
   1.1195935e+06
   1.1201287e+06
   1.1202452e+06
   1.1203655e+06
   1.1204935e+06
   1.1206893e+06
   1.1208119e+06
   1.1209123e+06
   1.1210613e+06
   1.1214113e+06
   1.1215544e+06
   1.1217065e+06
   1.1218496e+06
   1.1219993e+06
   1.1221266e+06
   1.1222462e+06
   1.1223292e+06
   1.1225123e+06
   1.1226103e+06
   1.1227853e+06
   1.1228945e+06
   1.1230646e+06
   1.1231630e+06
   1.1232954e+06
   1.1234119e+06
   1.1235070e+06
   1.1236345e+06
   1.1237932e+06
   1.1239518e+06
   1.1240978e+06
   1.1242279e+06
   1.1246178e+06
   1.1247681e+06
   1.1249891e+06
   1.1250903e+06
   1.1252144e+06
   1.1253768e+06
   1.1255187e+06
   1.1256527e+06
   1.1257641e+06
   1.1259583e+06
   1.1261057e+06
   1.1262701e+06
   1.1263730e+06
   1.1265585e+06
   1.1266996e+06
   1.1267908e+06
   1.1269638e+06
   1.1271661e+06
   1.1272915e+06
   1.1273911e+06
   1.1275065e+06
   1.1275931e+06
   1.1276981e+06
   1.1278606e+06
   1.1279707e+06
   1.1281017e+06
   1.1281893e+06
   1.1282968e+06
   1.1284040e+06
   1.1285070e+06
   1.1286783e+06
   1.1288049e+06
   1.1289425e+06
   1.1290639e+06
   1.1291966e+06
   1.1293849e+06
   1.1295287e+06
   1.1296827e+06
   1.1298321e+06
   1.1299432e+06
   1.1300574e+06
   1.1302135e+06
   1.1304339e+06
   1.1305635e+06
   1.1310385e+06
   1.1311662e+06
   1.1312719e+06
   1.1314119e+06
   1.1315626e+06
   1.1316675e+06
   1.1318192e+06
   1.1319768e+06
   1.1321154e+06
   1.1322077e+06
   1.1323850e+06
   1.1325171e+06
   1.1328148e+06
   1.1329262e+06
   1.1330421e+06
   1.1331390e+06
   1.1337586e+06
   1.1339423e+06
   1.1343146e+06
   1.1344676e+06
   1.1346210e+06
   1.1347295e+06
   1.1348788e+06
   1.1351536e+06
   1.1354087e+06
   1.1356019e+06
   1.1357131e+06
   1.1358300e+06
   1.1361449e+06
   1.1362796e+06
   1.1365839e+06
   1.1367405e+06
   1.1368656e+06
   1.1370109e+06
   1.1372098e+06
   1.1373118e+06
   1.1374260e+06
   1.1375731e+06
   1.1376845e+06
   1.1378497e+06
   1.1379672e+06
   1.1381337e+06
   1.1382451e+06
   1.1383821e+06
   1.1387044e+06
   1.1388180e+06
   1.1390728e+06
   1.1392048e+06
   1.1395229e+06
   1.1396975e+06
   1.1398062e+06
   1.1399421e+06
   1.1403952e+06
   1.1409427e+06
   1.1449050e+06
   1.1466038e+06
   1.1470324e+06
   1.1480463e+06
   1.1484082e+06
   1.1488280e+06
   1.1491046e+06
   1.1495484e+06
   1.1511344e+06
   1.1513549e+06
   1.1516295e+06
   1.1521763e+06
   1.1524087e+06
   1.1526310e+06
   1.1536734e+06
   1.1539547e+06
   1.1558840e+06
   1.1563015e+06
   1.1565230e+06
   1.1568130e+06
   1.1570271e+06
   1.1577909e+06
   1.1590401e+06
   1.1593322e+06
   1.1599321e+06
   1.1603267e+06
   1.1608721e+06
   1.1626644e+06
   1.1629440e+06
   1.1633242e+06
   1.1634867e+06
   1.1637831e+06
   1.1640114e+06
   1.1648531e+06
   1.1679058e+06
   1.1682574e+06
   1.1685371e+06
   1.1688244e+06
   1.1691347e+06
   1.1701776e+06
   1.1705549e+06
   1.1726046e+06
   1.1728791e+06
   1.1737938e+06
   1.1740846e+06
   1.1745651e+06
   1.1748085e+06
   1.1802073e+06
   1.1803951e+06
   1.1804870e+06
   1.1805753e+06
   1.1807366e+06
   1.1808730e+06
   1.1810681e+06
   1.1812036e+06
   1.1813673e+06
   1.1814786e+06
   1.1816150e+06
   1.1817252e+06
   1.1818451e+06
   1.1819895e+06
   1.1820743e+06
   1.1821780e+06
   1.1822968e+06
   1.1824856e+06
   1.1825952e+06
   1.1826930e+06
   1.1830286e+06
   1.1831693e+06
   1.1832675e+06
   1.1833739e+06
   1.1835043e+06
   1.1836689e+06
   1.1837632e+06
   1.1838533e+06
   1.1839851e+06
   1.1841555e+06
   1.1843000e+06
   1.1843953e+06
   1.1844825e+06
   1.1846564e+06
   1.1847456e+06
   1.1848757e+06
   1.1849679e+06
   1.1851383e+06
   1.1852472e+06
   1.1854257e+06
   1.1855640e+06
   1.1856831e+06
   1.1858138e+06
   1.1859147e+06
   1.1860919e+06
   1.1862416e+06
   1.1863537e+06
   1.1864765e+06
   1.1866512e+06
   1.1868753e+06
   1.1869741e+06
   1.1872267e+06
   1.1873306e+06
   1.1874547e+06
   1.1875583e+06
   1.1877690e+06
   1.1879094e+06
   1.1879952e+06
   1.1881428e+06
   1.1882635e+06
   1.1884035e+06
   1.1887645e+06
   1.1889057e+06
   1.1890001e+06
   1.1891572e+06
   1.1892879e+06
   1.1894304e+06
   1.1895365e+06
   1.1896501e+06
   1.1897756e+06
   1.1898966e+06
   1.1900262e+06
   1.1901595e+06
   1.1902620e+06
   1.1905309e+06
   1.1906523e+06
   1.1907743e+06
   1.1909123e+06
   1.1910422e+06
   1.1911866e+06
   1.1913623e+06
   1.1915731e+06
   1.1916869e+06
   1.1918660e+06
   1.1919747e+06
   1.1922433e+06
   1.1923612e+06
   1.1924713e+06
   1.1925694e+06
   1.1926793e+06
   1.1928018e+06
   1.1930060e+06
   1.1930958e+06
   1.1932077e+06
   1.1933180e+06
   1.1934950e+06
   1.1936049e+06
   1.1937687e+06
   1.1938867e+06
   1.1939858e+06
   1.1941760e+06
   1.1943032e+06
   1.1943910e+06
   1.1945321e+06
   1.1946631e+06
   1.1947828e+06
   1.1949583e+06
   1.1951496e+06
   1.1952609e+06
   1.1954365e+06
   1.1955575e+06
   1.1956592e+06
   1.1958108e+06
   1.1960343e+06
   1.1961910e+06
   1.1963205e+06
   1.1964590e+06
   1.1968892e+06
   1.1970508e+06
   1.1972620e+06
   1.1974346e+06
   1.1975367e+06
   1.1976370e+06
   1.1978941e+06
   1.1981927e+06
   1.1982876e+06
   1.1983937e+06
   1.1986386e+06
   1.1987882e+06
   1.1990405e+06
   1.1991453e+06
   1.1992976e+06
   1.1994051e+06
   1.1995946e+06
   1.1997007e+06
   1.1997992e+06
   1.1999046e+06
   1.2015116e+06
   1.2017909e+06
   1.2019746e+06
   1.2024238e+06
   1.2028074e+06
   1.2033521e+06
   1.2037248e+06
   1.2057364e+06
   1.2061148e+06
   1.2063860e+06
   1.2067616e+06
   1.2071685e+06
   1.2076346e+06
   1.2078803e+06
   1.2099885e+06
   1.2109609e+06
   1.2155136e+06
   1.2159846e+06
   1.2175662e+06
   1.2179812e+06
   1.2182238e+06
   1.2186239e+06
   1.2188589e+06
   1.2191476e+06
   1.2193970e+06
   1.2206966e+06
   1.2209286e+06
   1.2212182e+06
   1.2215183e+06
   1.2218136e+06
   1.2248620e+06
   1.2259934e+06
   1.2359729e+06
   1.2373646e+06
   1.2380577e+06
   1.2383430e+06
   1.2398853e+06
   1.2402222e+06
   1.2403239e+06
   1.2405767e+06
   1.2406736e+06
   1.2407719e+06
   1.2408640e+06
   1.2409442e+06
   1.2410578e+06
   1.2412217e+06
   1.2413190e+06
   1.2414149e+06
   1.2415311e+06
   1.2416536e+06
   1.2418566e+06
   1.2420646e+06
   1.2421594e+06
   1.2422579e+06
   1.2423505e+06
   1.2424493e+06
   1.2425385e+06
   1.2427211e+06
   1.2428437e+06
   1.2429402e+06
   1.2430353e+06
   1.2432445e+06
   1.2434059e+06
   1.2434810e+06
   1.2436516e+06
   1.2437590e+06
   1.2439742e+06
   1.2440991e+06
   1.2442188e+06
   1.2443311e+06
   1.2444846e+06
   1.2446472e+06
   1.2447896e+06
   1.2449077e+06
   1.2450770e+06
   1.2451820e+06
   1.2453648e+06
   1.2456473e+06
   1.2457829e+06
   1.2458864e+06
   1.2459731e+06
   1.2460722e+06
   1.2462147e+06
   1.2462981e+06
   1.2463925e+06
   1.2464973e+06
   1.2466240e+06
   1.2467538e+06
   1.2468732e+06
   1.2469700e+06
   1.2472620e+06
   1.2474405e+06
   1.2475342e+06
   1.2476819e+06
   1.2478471e+06
   1.2479779e+06
   1.2481420e+06
   1.2484571e+06
   1.2485572e+06
   1.2486602e+06
   1.2488060e+06
   1.2489663e+06
   1.2491545e+06
   1.2492535e+06
   1.2493820e+06
   1.2495676e+06
   1.2497091e+06
   1.2497869e+06
   1.2498963e+06
   1.2499894e+06
   1.2501879e+06
   1.2503073e+06
   1.2503919e+06
   1.2505730e+06
   1.2506664e+06
   1.2507626e+06
   1.2508585e+06
   1.2510218e+06
   1.2511225e+06
   1.2512218e+06
   1.2515093e+06
   1.2516360e+06
   1.2517469e+06
   1.2519641e+06
   1.2520932e+06
   1.2521857e+06
   1.2524542e+06
   1.2525672e+06
   1.2526830e+06
   1.2528518e+06
   1.2529767e+06
   1.2530692e+06
   1.2531875e+06
   1.2533416e+06
   1.2535032e+06
   1.2536507e+06
   1.2537320e+06
   1.2538527e+06
   1.2539527e+06
   1.2542205e+06
   1.2543339e+06
   1.2544419e+06
   1.2545749e+06
   1.2546987e+06
   1.2547882e+06
   1.2549387e+06
   1.2551158e+06
   1.2552663e+06
   1.2553892e+06
   1.2555005e+06
   1.2555961e+06
   1.2557215e+06
   1.2558473e+06
   1.2561582e+06
   1.2562704e+06
   1.2564008e+06
   1.2565932e+06
   1.2567217e+06
   1.2568278e+06
   1.2571447e+06
   1.2572494e+06
   1.2574169e+06
   1.2575569e+06
   1.2576991e+06
   1.2578724e+06
   1.2579833e+06
   1.2581058e+06
   1.2582289e+06
   1.2583664e+06
   1.2585024e+06
   1.2586187e+06
   1.2587111e+06
   1.2589296e+06
   1.2590427e+06
   1.2591410e+06
   1.2592724e+06
   1.2594048e+06
   1.2595053e+06
   1.2596136e+06
   1.2602346e+06
   1.2614377e+06
   1.2617717e+06
   1.2620819e+06
   1.2622611e+06
   1.2625415e+06
   1.2629501e+06
   1.2632002e+06
   1.2646981e+06
   1.2648886e+06
   1.2653538e+06
   1.2659145e+06
   1.2662483e+06
   1.2665483e+06
   1.2668894e+06
   1.2670480e+06
   1.2676676e+06
   1.2678189e+06
   1.2681198e+06
   1.2706307e+06
   1.2709545e+06
   1.2712207e+06
   1.2715187e+06
   1.2717048e+06
   1.2721774e+06
   1.2731713e+06
   1.2760507e+06
   1.2762594e+06
   1.2765985e+06
   1.2776746e+06
   1.2781207e+06
   1.2784316e+06
   1.2790313e+06
   1.2791925e+06
   1.2798056e+06
   1.2802177e+06
   1.2804771e+06
   1.2807246e+06
   1.2811788e+06
   1.2819770e+06
   1.2823350e+06
   1.2827621e+06
   1.2830393e+06
   1.2832727e+06
   1.2834864e+06
   1.2837447e+06
   1.2839811e+06
   1.2842009e+06
   1.2846080e+06
   1.2850130e+06
   1.2854860e+06
   1.2878123e+06
   1.2880064e+06
   1.2883565e+06
   1.2890654e+06
   1.2903373e+06
   1.2906498e+06
   1.2908519e+06
   1.2912383e+06
   1.2915079e+06
   1.2945713e+06
   1.2959685e+06
   1.2968657e+06
   1.2975175e+06
   1.2976908e+06
   1.2980220e+06
   1.2985160e+06
   1.2998962e+06
   1.3000836e+06
   1.3002541e+06
   1.3003728e+06
   1.3004869e+06
   1.3006366e+06
   1.3007573e+06
   1.3008737e+06
   1.3011156e+06
   1.3012416e+06
   1.3013536e+06
   1.3014653e+06
   1.3015667e+06
   1.3016682e+06
   1.3017508e+06
   1.3019271e+06
   1.3020684e+06
   1.3023311e+06
   1.3024304e+06
   1.3025258e+06
   1.3026533e+06
   1.3027450e+06
   1.3028353e+06
   1.3029858e+06
   1.3030868e+06
   1.3031780e+06
   1.3033178e+06
   1.3035155e+06
   1.3036342e+06
   1.3037448e+06
   1.3039621e+06
   1.3040639e+06
   1.3041550e+06
   1.3042959e+06
   1.3044053e+06
   1.3044997e+06
   1.3046265e+06
   1.3047712e+06
   1.3048863e+06
   1.3049999e+06
   1.3051814e+06
   1.3053183e+06
   1.3054639e+06
   1.3056252e+06
   1.3057549e+06
   1.3059229e+06
   1.3060131e+06
   1.3061285e+06
   1.3062750e+06
   1.3064106e+06
   1.3065320e+06
   1.3066643e+06
   1.3068091e+06
   1.3069242e+06
   1.3072901e+06
   1.3074965e+06
   1.3075863e+06
   1.3077101e+06
   1.3078235e+06
   1.3079327e+06
   1.3081245e+06
   1.3083550e+06
   1.3088855e+06
   1.3091349e+06
   1.3092537e+06
   1.3093656e+06
   1.3094780e+06
   1.3095854e+06
   1.3097477e+06
   1.3099520e+06
   1.3101391e+06
   1.3103190e+06
   1.3104147e+06
   1.3105432e+06
   1.3106533e+06
   1.3108398e+06
   1.3109823e+06
   1.3111219e+06
   1.3112622e+06
   1.3113773e+06
   1.3115436e+06
   1.3116676e+06
   1.3118712e+06
   1.3121967e+06
   1.3123022e+06
   1.3124345e+06
   1.3125513e+06
   1.3127292e+06
   1.3128709e+06
   1.3129754e+06
   1.3130811e+06
   1.3131898e+06
   1.3133928e+06
   1.3134882e+06
   1.3135747e+06
   1.3137763e+06
   1.3139726e+06
   1.3143168e+06
   1.3144475e+06
   1.3145876e+06
   1.3147189e+06
   1.3148744e+06
   1.3149637e+06
   1.3150655e+06
   1.3152427e+06
   1.3153388e+06
   1.3154793e+06
   1.3155808e+06
   1.3157392e+06
   1.3158567e+06
   1.3159933e+06
   1.3161044e+06
   1.3162405e+06
   1.3163958e+06
   1.3165451e+06
   1.3166929e+06
   1.3168330e+06
   1.3170702e+06
   1.3172010e+06
   1.3173305e+06
   1.3174927e+06
   1.3175864e+06
   1.3177057e+06
   1.3179965e+06
   1.3181922e+06
   1.3183222e+06
   1.3184227e+06
   1.3185393e+06
   1.3186412e+06
   1.3188096e+06
   1.3189376e+06
   1.3190572e+06
   1.3191713e+06
   1.3193879e+06
   1.3195172e+06
   1.3197164e+06
   1.3198200e+06
   1.3199410e+06
   1.3214279e+06
   1.3225045e+06
   1.3228711e+06
   1.3231207e+06
   1.3233477e+06
   1.3236958e+06
   1.3240679e+06
   1.3249439e+06
   1.3252120e+06
   1.3265909e+06
   1.3271584e+06
   1.3277166e+06
   1.3284140e+06
   1.3287931e+06
   1.3289828e+06
   1.3295205e+06
   1.3296848e+06
   1.3301541e+06
   1.3306812e+06
   1.3309899e+06
   1.3315178e+06
   1.3317124e+06
   1.3320757e+06
   1.3323502e+06
   1.3327776e+06
   1.3335407e+06
   1.3341158e+06
   1.3343834e+06
   1.3347638e+06
   1.3352808e+06
   1.3356095e+06
   1.3358491e+06
   1.3362653e+06
   1.3379338e+06
   1.3389833e+06
   1.3391641e+06
   1.3397924e+06
   1.3414408e+06
   1.3417033e+06
   1.3542007e+06
   1.3545428e+06
   1.3547025e+06
   1.3566894e+06
   1.3590309e+06
   1.3593469e+06
   1.3596379e+06
   1.3598514e+06
   1.3600991e+06
   1.3602075e+06
   1.3603468e+06
   1.3604550e+06
   1.3606210e+06
   1.3607486e+06
   1.3608630e+06
   1.3610987e+06
   1.3611970e+06
   1.3613510e+06
   1.3614667e+06
   1.3615490e+06
   1.3616503e+06
   1.3618014e+06
   1.3618838e+06
   1.3620107e+06
   1.3621661e+06
   1.3622523e+06
   1.3623573e+06
   1.3625792e+06
   1.3627214e+06
   1.3628470e+06
   1.3629747e+06
   1.3630726e+06
   1.3631924e+06
   1.3634098e+06
   1.3635180e+06
   1.3636460e+06
   1.3637193e+06
   1.3638185e+06
   1.3639361e+06
   1.3640560e+06
   1.3642440e+06
   1.3643623e+06
   1.3644519e+06
   1.3645981e+06
   1.3646919e+06
   1.3647785e+06
   1.3648900e+06
   1.3649641e+06
   1.3650322e+06
   1.3651088e+06
   1.3652101e+06
   1.3653607e+06
   1.3654677e+06
   1.3656240e+06
   1.3657325e+06
   1.3658789e+06
   1.3660095e+06
   1.3661543e+06
   1.3662587e+06
   1.3663805e+06
   1.3665024e+06
   1.3666044e+06
   1.3666886e+06
   1.3668365e+06
   1.3669803e+06
   1.3671593e+06
   1.3672997e+06
   1.3674267e+06
   1.3675347e+06
   1.3676618e+06
   1.3677732e+06
   1.3678824e+06
   1.3679834e+06
   1.3681082e+06
   1.3682908e+06
   1.3683888e+06
   1.3685063e+06
   1.3686317e+06
   1.3687609e+06
   1.3688627e+06
   1.3690025e+06
   1.3691158e+06
   1.3692422e+06
   1.3693390e+06
   1.3694509e+06
   1.3695925e+06
   1.3697192e+06
   1.3698096e+06
   1.3699171e+06
   1.3699822e+06
   1.3700771e+06
   1.3701762e+06
   1.3702744e+06
   1.3704255e+06
   1.3706319e+06
   1.3707444e+06
   1.3709028e+06
   1.3710191e+06
   1.3711344e+06
   1.3712480e+06
   1.3713443e+06
   1.3715016e+06
   1.3716047e+06
   1.3717228e+06
   1.3718365e+06
   1.3720128e+06
   1.3721588e+06
   1.3723018e+06
   1.3724010e+06
   1.3725013e+06
   1.3726252e+06
   1.3727228e+06
   1.3728193e+06
   1.3729338e+06
   1.3730130e+06
   1.3731168e+06
   1.3731898e+06
   1.3733028e+06
   1.3733838e+06
   1.3735238e+06
   1.3736703e+06
   1.3737675e+06
   1.3741169e+06
   1.3742229e+06
   1.3743356e+06
   1.3744823e+06
   1.3746206e+06
   1.3747899e+06
   1.3749009e+06
   1.3751062e+06
   1.3752143e+06
   1.3753066e+06
   1.3754189e+06
   1.3755559e+06
   1.3756697e+06
   1.3758130e+06
   1.3760329e+06
   1.3761794e+06
   1.3762978e+06
   1.3764253e+06
   1.3765237e+06
   1.3766105e+06
   1.3767335e+06
   1.3768073e+06
   1.3769280e+06
   1.3770357e+06
   1.3772520e+06
   1.3773490e+06
   1.3774935e+06
   1.3776126e+06
   1.3777953e+06
   1.3779480e+06
   1.3780619e+06
   1.3781824e+06
   1.3783128e+06
   1.3784344e+06
   1.3785933e+06
   1.3786832e+06
   1.3788105e+06
   1.3789552e+06
   1.3790819e+06
   1.3792183e+06
   1.3793144e+06
   1.3794377e+06
   1.3795390e+06
   1.3796650e+06
   1.3797703e+06
   1.3799347e+06
   1.3803465e+06
   1.3807028e+06
   1.3810588e+06
   1.3813138e+06
   1.3814566e+06
   1.3821205e+06
   1.3823595e+06
   1.3825534e+06
   1.3829870e+06
   1.3836081e+06
   1.3840379e+06
   1.3843382e+06
   1.3859028e+06
   1.3863352e+06
   1.3868243e+06
   1.3876717e+06
   1.3878905e+06
   1.3881084e+06
   1.3883916e+06
   1.3897023e+06
   1.3899990e+06
   1.3905553e+06
   1.3908958e+06
   1.3913820e+06
   1.3962393e+06
   1.3965264e+06
   1.3969253e+06
   1.3977008e+06
   1.3983770e+06
   1.3987005e+06
   1.4076646e+06
   1.4080839e+06
   1.4082663e+06
   1.4086450e+06
   1.4093285e+06
   1.4096503e+06
   1.4101557e+06
   1.4105562e+06
   1.4108044e+06
   1.4113406e+06
   1.4115832e+06
   1.4119168e+06
   1.4121579e+06
   1.4147380e+06
   1.4149437e+06
   1.4163589e+06
   1.4166459e+06
   1.4167981e+06
   1.4188338e+06
   1.4200852e+06
   1.4201826e+06
   1.4202815e+06
   1.4203632e+06
   1.4205091e+06
   1.4206078e+06
   1.4207208e+06
   1.4207995e+06
   1.4208686e+06
   1.4209867e+06
   1.4210880e+06
   1.4211706e+06
   1.4212766e+06
   1.4214115e+06
   1.4215242e+06
   1.4216835e+06
   1.4217854e+06
   1.4218781e+06
   1.4219737e+06
   1.4220632e+06
   1.4221417e+06
   1.4222070e+06
   1.4222954e+06
   1.4224033e+06
   1.4224850e+06
   1.4226135e+06
   1.4227094e+06
   1.4227940e+06
   1.4228982e+06
   1.4229807e+06
   1.4230736e+06
   1.4231692e+06
   1.4232606e+06
   1.4233459e+06
   1.4234481e+06
   1.4235679e+06
   1.4236865e+06
   1.4238088e+06
   1.4239053e+06
   1.4239888e+06
   1.4240984e+06
   1.4241985e+06
   1.4242906e+06
   1.4243669e+06
   1.4244880e+06
   1.4245703e+06
   1.4246951e+06
   1.4247757e+06
   1.4248518e+06
   1.4250098e+06
   1.4251161e+06
   1.4251959e+06
   1.4252982e+06
   1.4253834e+06
   1.4255164e+06
   1.4256027e+06
   1.4257208e+06
   1.4258129e+06
   1.4259521e+06
   1.4260788e+06
   1.4261610e+06
   1.4262569e+06
   1.4264006e+06
   1.4265079e+06
   1.4265913e+06
   1.4266937e+06
   1.4268740e+06
   1.4269891e+06
   1.4272743e+06
   1.4273693e+06
   1.4274619e+06
   1.4275569e+06
   1.4276672e+06
   1.4277807e+06
   1.4279161e+06
   1.4280155e+06
   1.4281622e+06
   1.4283093e+06
   1.4284225e+06
   1.4285307e+06
   1.4286784e+06
   1.4287768e+06
   1.4288702e+06
   1.4290212e+06
   1.4291241e+06
   1.4293224e+06
   1.4294154e+06
   1.4295313e+06
   1.4296978e+06
   1.4299212e+06
   1.4300439e+06
   1.4302150e+06
   1.4303056e+06
   1.4304627e+06
   1.4306207e+06
   1.4307017e+06
   1.4308412e+06
   1.4309923e+06
   1.4311140e+06
   1.4312494e+06
   1.4314034e+06
   1.4315354e+06
   1.4316634e+06
   1.4318007e+06
   1.4318840e+06
   1.4319530e+06
   1.4321823e+06
   1.4322888e+06
   1.4324122e+06
   1.4325934e+06
   1.4326762e+06
   1.4327939e+06
   1.4329092e+06
   1.4330257e+06
   1.4331141e+06
   1.4332320e+06
   1.4334366e+06
   1.4335194e+06
   1.4336257e+06
   1.4337369e+06
   1.4338721e+06
   1.4339998e+06
   1.4342445e+06
   1.4343468e+06
   1.4344367e+06
   1.4345316e+06
   1.4346260e+06
   1.4347288e+06
   1.4348385e+06
   1.4349410e+06
   1.4350723e+06
   1.4351450e+06
   1.4352228e+06
   1.4353147e+06
   1.4354130e+06
   1.4355514e+06
   1.4356765e+06
   1.4357458e+06
   1.4358634e+06
   1.4360509e+06
   1.4361275e+06
   1.4362293e+06
   1.4363358e+06
   1.4364183e+06
   1.4365525e+06
   1.4366884e+06
   1.4367750e+06
   1.4368734e+06
   1.4369664e+06
   1.4370700e+06
   1.4371598e+06
   1.4372725e+06
   1.4374482e+06
   1.4375359e+06
   1.4376611e+06
   1.4377575e+06
   1.4378370e+06
   1.4379188e+06
   1.4380174e+06
   1.4381992e+06
   1.4383149e+06
   1.4384273e+06
   1.4385342e+06
   1.4386880e+06
   1.4388442e+06
   1.4389356e+06
   1.4390358e+06
   1.4391594e+06
   1.4392619e+06
   1.4393822e+06
   1.4394871e+06
   1.4396527e+06
   1.4397814e+06
   1.4398880e+06
   1.4403651e+06
   1.4405762e+06
   1.4444610e+06
   1.4446293e+06
   1.4452354e+06
   1.4456366e+06
   1.4462113e+06
   1.4465531e+06
   1.4471248e+06
   1.4476447e+06
   1.4499194e+06
   1.4531703e+06
   1.4537859e+06
   1.4542254e+06
   1.4555875e+06
   1.4559749e+06
   1.4564737e+06
   1.4573027e+06
   1.4574162e+06
   1.4577641e+06
   1.4581900e+06
   1.4600426e+06
   1.4604765e+06
   1.4626863e+06
   1.4760715e+06
   1.4764665e+06
   1.4770367e+06
   1.4778354e+06
   1.4781070e+06
   1.4785616e+06
   1.4790883e+06
   1.4799984e+06
   1.4800769e+06
   1.4801790e+06
   1.4802573e+06
   1.4803494e+06
   1.4804320e+06
   1.4805189e+06
   1.4806085e+06
   1.4807666e+06
   1.4808589e+06
   1.4809678e+06
   1.4810491e+06
   1.4811379e+06
   1.4812448e+06
   1.4813476e+06
   1.4814484e+06
   1.4815620e+06
   1.4816466e+06
   1.4817392e+06
   1.4818887e+06
   1.4819731e+06
   1.4820560e+06
   1.4821531e+06
   1.4822389e+06
   1.4823689e+06
   1.4824625e+06
   1.4825399e+06
   1.4825990e+06
   1.4827141e+06
   1.4827992e+06
   1.4828987e+06
   1.4830049e+06
   1.4830924e+06
   1.4831814e+06
   1.4832954e+06
   1.4833713e+06
   1.4834538e+06
   1.4835525e+06
   1.4836472e+06
   1.4837457e+06
   1.4839213e+06
   1.4840486e+06
   1.4841565e+06
   1.4842628e+06
   1.4843792e+06
   1.4844885e+06
   1.4845713e+06
   1.4846749e+06
   1.4847889e+06
   1.4849332e+06
   1.4850171e+06
   1.4851570e+06
   1.4852850e+06
   1.4854061e+06
   1.4855476e+06
   1.4856513e+06
   1.4857888e+06
   1.4858656e+06
   1.4859880e+06
   1.4861008e+06
   1.4862059e+06
   1.4863015e+06
   1.4864009e+06
   1.4865988e+06
   1.4866945e+06
   1.4868215e+06
   1.4869517e+06
   1.4871425e+06
   1.4872720e+06
   1.4873589e+06
   1.4874418e+06
   1.4875326e+06
   1.4876103e+06
   1.4877036e+06
   1.4878924e+06
   1.4880409e+06
   1.4881490e+06
   1.4882456e+06
   1.4883433e+06
   1.4884411e+06
   1.4885273e+06
   1.4886343e+06
   1.4887533e+06
   1.4888349e+06
   1.4889488e+06
   1.4890264e+06
   1.4891468e+06
   1.4892430e+06
   1.4893319e+06
   1.4894264e+06
   1.4894959e+06
   1.4896172e+06
   1.4897149e+06
   1.4898007e+06
   1.4898955e+06
   1.4899846e+06
   1.4901560e+06
   1.4902480e+06
   1.4903461e+06
   1.4904945e+06
   1.4906485e+06
   1.4907453e+06
   1.4908770e+06
   1.4909649e+06
   1.4910682e+06
   1.4911695e+06
   1.4912843e+06
   1.4913811e+06
   1.4914713e+06
   1.4915692e+06
   1.4917496e+06
   1.4918798e+06
   1.4920445e+06
   1.4921399e+06
   1.4922624e+06
   1.4923844e+06
   1.4924585e+06
   1.4926093e+06
   1.4927037e+06
   1.4927875e+06
   1.4928859e+06
   1.4929707e+06
   1.4931048e+06
   1.4932192e+06
   1.4933452e+06
   1.4934464e+06
   1.4935199e+06
   1.4936184e+06
   1.4937174e+06
   1.4938185e+06
   1.4939132e+06
   1.4941375e+06
   1.4942166e+06
   1.4943060e+06
   1.4943922e+06
   1.4945047e+06
   1.4946299e+06
   1.4947494e+06
   1.4948699e+06
   1.4949563e+06
   1.4950476e+06
   1.4951484e+06
   1.4952636e+06
   1.4953867e+06
   1.4954956e+06
   1.4955850e+06
   1.4956687e+06
   1.4957755e+06
   1.4959042e+06
   1.4960142e+06
   1.4961594e+06
   1.4962623e+06
   1.4963470e+06
   1.4964623e+06
   1.4965450e+06
   1.4966805e+06
   1.4967734e+06
   1.4969444e+06
   1.4970339e+06
   1.4971357e+06
   1.4972900e+06
   1.4973816e+06
   1.4974918e+06
   1.4975944e+06
   1.4976968e+06
   1.4977784e+06
   1.4978852e+06
   1.4979685e+06
   1.4980535e+06
   1.4981866e+06
   1.4982736e+06
   1.4983759e+06
   1.4984855e+06
   1.4986038e+06
   1.4987216e+06
   1.4988628e+06
   1.4989966e+06
   1.4990774e+06
   1.4991796e+06
   1.4993016e+06
   1.4993904e+06
   1.4995072e+06
   1.4995893e+06
   1.4996858e+06
   1.4998207e+06
   1.4999125e+06
   1.4999935e+06
   1.5001597e+06
   1.5012231e+06
   1.5014068e+06
   1.5358454e+06
   1.5363149e+06
   1.5366933e+06
   1.5369751e+06
   1.5373697e+06
   1.5376280e+06
   1.5378928e+06
   1.5385664e+06
   1.5391571e+06
   1.5396466e+06
   1.5398779e+06
   1.5400914e+06
   1.5402192e+06
   1.5403110e+06
   1.5404036e+06
   1.5405154e+06
   1.5406093e+06
   1.5406988e+06
   1.5408142e+06
   1.5408976e+06
   1.5409850e+06
   1.5410640e+06
   1.5411462e+06
   1.5412395e+06
   1.5413213e+06
   1.5414403e+06
   1.5415162e+06
   1.5416067e+06
   1.5416736e+06
   1.5417593e+06
   1.5418630e+06
   1.5419842e+06
   1.5421120e+06
   1.5421870e+06
   1.5422742e+06
   1.5423450e+06
   1.5424418e+06
   1.5425112e+06
   1.5426104e+06
   1.5426810e+06
   1.5428191e+06
   1.5429179e+06
   1.5429887e+06
   1.5430709e+06
   1.5431600e+06
   1.5432387e+06
   1.5433448e+06
   1.5434414e+06
   1.5435269e+06
   1.5436105e+06
   1.5436954e+06
   1.5437637e+06
   1.5438637e+06
   1.5439343e+06
   1.5440755e+06
   1.5441809e+06
   1.5442709e+06
   1.5443855e+06
   1.5444925e+06
   1.5445725e+06
   1.5446766e+06
   1.5447535e+06
   1.5448436e+06
   1.5449170e+06
   1.5449885e+06
   1.5450807e+06
   1.5451646e+06
   1.5452704e+06
   1.5453630e+06
   1.5454464e+06
   1.5456083e+06
   1.5456939e+06
   1.5457717e+06
   1.5458615e+06
   1.5459459e+06
   1.5460462e+06
   1.5461287e+06
   1.5462408e+06
   1.5463256e+06
   1.5464103e+06
   1.5465198e+06
   1.5465925e+06
   1.5467184e+06
   1.5468126e+06
   1.5469237e+06
   1.5471559e+06
   1.5472839e+06
   1.5473906e+06
   1.5475342e+06
   1.5476405e+06
   1.5477269e+06
   1.5478475e+06
   1.5479414e+06
   1.5480376e+06
   1.5480995e+06
   1.5481938e+06
   1.5482814e+06
   1.5483694e+06
   1.5484591e+06
   1.5485973e+06
   1.5487084e+06
   1.5488192e+06
   1.5489343e+06
   1.5490415e+06
   1.5491933e+06
   1.5493320e+06
   1.5494359e+06
   1.5495098e+06
   1.5496011e+06
   1.5496993e+06
   1.5497832e+06
   1.5499107e+06
   1.5499866e+06
   1.5501407e+06
   1.5502684e+06
   1.5503556e+06
   1.5504656e+06
   1.5505637e+06
   1.5506406e+06
   1.5507561e+06
   1.5508989e+06
   1.5510041e+06
   1.5511072e+06
   1.5511877e+06
   1.5513605e+06
   1.5514361e+06
   1.5515242e+06
   1.5515842e+06
   1.5517108e+06
   1.5518065e+06
   1.5519210e+06
   1.5521480e+06
   1.5522552e+06
   1.5523888e+06
   1.5525119e+06
   1.5526073e+06
   1.5527416e+06
   1.5528297e+06
   1.5529271e+06
   1.5530231e+06
   1.5531360e+06
   1.5532530e+06
   1.5533358e+06
   1.5534318e+06
   1.5535433e+06
   1.5536412e+06
   1.5537492e+06
   1.5538299e+06
   1.5539422e+06
   1.5541274e+06
   1.5542266e+06
   1.5543510e+06
   1.5544528e+06
   1.5545582e+06
   1.5546544e+06
   1.5547455e+06
   1.5548227e+06
   1.5549201e+06
   1.5550143e+06
   1.5551133e+06
   1.5551858e+06
   1.5552972e+06
   1.5554041e+06
   1.5554878e+06
   1.5556010e+06
   1.5557030e+06
   1.5558072e+06
   1.5559449e+06
   1.5560599e+06
   1.5561478e+06
   1.5562456e+06
   1.5563920e+06
   1.5565180e+06
   1.5566043e+06
   1.5566773e+06
   1.5568085e+06
   1.5569658e+06
   1.5570713e+06
   1.5571403e+06
   1.5572649e+06
   1.5573551e+06
   1.5574407e+06
   1.5575421e+06
   1.5576642e+06
   1.5577867e+06
   1.5578762e+06
   1.5579523e+06
   1.5580272e+06
   1.5581257e+06
   1.5582360e+06
   1.5583632e+06
   1.5584469e+06
   1.5585219e+06
   1.5586006e+06
   1.5586931e+06
   1.5587731e+06
   1.5589165e+06
   1.5589911e+06
   1.5590807e+06
   1.5591653e+06
   1.5592486e+06
   1.5593647e+06
   1.5594689e+06
   1.5595766e+06
   1.5596770e+06
   1.5597807e+06
   1.5598886e+06
   1.5602807e+06
   1.5626036e+06
   1.5630062e+06
   1.5635448e+06
   1.5637932e+06
   1.5645456e+06
   1.5648638e+06
   1.5653326e+06
   1.5656612e+06
   1.5659306e+06
   1.5661752e+06
   1.5667475e+06
   1.5671301e+06
   1.5676754e+06
   1.5680285e+06
   1.5683618e+06
   1.5686293e+06
   1.5696631e+06
   1.5700193e+06
   1.5702358e+06
   1.5703907e+06
   1.5710518e+06
   1.5725546e+06
   1.5731710e+06
   1.5739741e+06
   1.5741983e+06
   1.5744879e+06
   1.5749669e+06
   1.5790051e+06
   1.5802758e+06
   1.5806101e+06
   1.5831427e+06
   1.5833034e+06
   1.5885369e+06
   1.5887926e+06
   1.5903641e+06
   1.5905304e+06
   1.5924227e+06
   1.6001070e+06
   1.6001959e+06
   1.6002839e+06
   1.6003796e+06
   1.6004372e+06
   1.6005524e+06
   1.6006669e+06
   1.6007526e+06
   1.6008260e+06
   1.6009349e+06
   1.6010156e+06
   1.6011163e+06
   1.6012217e+06
   1.6013015e+06
   1.6013990e+06
   1.6014898e+06
   1.6015760e+06
   1.6016838e+06
   1.6017646e+06
   1.6018611e+06
   1.6019470e+06
   1.6020297e+06
   1.6021139e+06
   1.6021842e+06
   1.6022815e+06
   1.6023975e+06
   1.6024842e+06
   1.6025601e+06
   1.6026359e+06
   1.6027153e+06
   1.6027989e+06
   1.6028660e+06
   1.6029600e+06
   1.6030430e+06
   1.6031496e+06
   1.6032131e+06
   1.6032803e+06
   1.6033616e+06
   1.6034517e+06
   1.6035791e+06
   1.6036803e+06
   1.6037720e+06
   1.6038403e+06
   1.6039424e+06
   1.6040260e+06
   1.6040958e+06
   1.6042338e+06
   1.6043216e+06
   1.6044224e+06
   1.6044948e+06
   1.6045804e+06
   1.6046779e+06
   1.6047565e+06
   1.6048934e+06
   1.6049729e+06
   1.6050940e+06
   1.6051786e+06
   1.6052586e+06
   1.6054042e+06
   1.6054811e+06
   1.6056224e+06
   1.6056963e+06
   1.6057843e+06
   1.6058775e+06
   1.6060170e+06
   1.6060959e+06
   1.6061886e+06
   1.6062893e+06
   1.6063733e+06
   1.6064596e+06
   1.6065560e+06
   1.6066653e+06
   1.6067684e+06
   1.6068657e+06
   1.6069324e+06
   1.6071314e+06
   1.6072268e+06
   1.6073251e+06
   1.6074410e+06
   1.6075149e+06
   1.6076149e+06
   1.6077060e+06
   1.6077990e+06
   1.6078878e+06
   1.6079648e+06
   1.6080456e+06
   1.6081346e+06
   1.6082363e+06
   1.6083515e+06
   1.6084351e+06
   1.6085272e+06
   1.6086843e+06
   1.6087661e+06
   1.6088314e+06
   1.6089125e+06
   1.6089823e+06
   1.6090474e+06
   1.6091400e+06
   1.6092220e+06
   1.6093165e+06
   1.6093890e+06
   1.6094882e+06
   1.6096020e+06
   1.6096688e+06
   1.6097500e+06
   1.6098739e+06
   1.6099992e+06
   1.6100849e+06
   1.6102109e+06
   1.6102867e+06
   1.6104466e+06
   1.6105479e+06
   1.6106221e+06
   1.6108012e+06
   1.6109665e+06
   1.6110656e+06
   1.6111505e+06
   1.6112244e+06
   1.6113219e+06
   1.6114054e+06
   1.6114987e+06
   1.6116035e+06
   1.6117074e+06
   1.6117970e+06
   1.6119082e+06
   1.6120389e+06
   1.6121337e+06
   1.6122057e+06
   1.6122943e+06
   1.6124170e+06
   1.6125349e+06
   1.6126272e+06
   1.6126991e+06
   1.6127825e+06
   1.6128552e+06
   1.6129235e+06
   1.6130113e+06
   1.6131345e+06
   1.6132084e+06
   1.6133023e+06
   1.6134009e+06
   1.6134870e+06
   1.6135541e+06
   1.6136514e+06
   1.6137625e+06
   1.6138512e+06
   1.6139293e+06
   1.6141964e+06
   1.6142979e+06
   1.6143785e+06
   1.6144845e+06
   1.6145845e+06
   1.6147209e+06
   1.6148030e+06
   1.6148936e+06
   1.6149814e+06
   1.6150987e+06
   1.6151953e+06
   1.6153340e+06
   1.6154358e+06
   1.6155263e+06
   1.6156166e+06
   1.6157301e+06
   1.6158206e+06
   1.6159141e+06
   1.6159920e+06
   1.6160749e+06
   1.6161895e+06
   1.6162966e+06
   1.6163833e+06
   1.6164784e+06
   1.6165759e+06
   1.6166653e+06
   1.6167412e+06
   1.6168270e+06
   1.6169166e+06
   1.6170665e+06
   1.6172114e+06
   1.6173088e+06
   1.6174141e+06
   1.6175240e+06
   1.6176219e+06
   1.6177341e+06
   1.6178579e+06
   1.6179487e+06
   1.6180570e+06
   1.6181656e+06
   1.6182894e+06
   1.6183745e+06
   1.6184763e+06
   1.6186025e+06
   1.6186976e+06
   1.6188219e+06
   1.6189058e+06
   1.6190305e+06
   1.6191192e+06
   1.6192041e+06
   1.6192931e+06
   1.6194088e+06
   1.6195292e+06
   1.6196457e+06
   1.6197991e+06
   1.6199127e+06
   1.6199959e+06
   1.6217784e+06
   1.6226650e+06
   1.6229270e+06
   1.6237906e+06
   1.6240876e+06
   1.6258071e+06
   1.6262682e+06
   1.6267473e+06
   1.6269955e+06
   1.6271505e+06
   1.6286734e+06
   1.6292962e+06
   1.6296341e+06
   1.6298392e+06
   1.6449446e+06
   1.6454339e+06
   1.6459764e+06
   1.6470581e+06
   1.6473043e+06
   1.6476944e+06
   1.6500789e+06
   1.6504329e+06
   1.6507889e+06
   1.6515057e+06
   1.6518526e+06
   1.6522813e+06
   1.6527487e+06
   1.6534566e+06
   1.6540333e+06
   1.6545544e+06
   1.6551696e+06
   1.6587106e+06
   1.6596930e+06
   1.6600871e+06
   1.6601780e+06
   1.6602802e+06
   1.6603578e+06
   1.6604516e+06
   1.6605286e+06
   1.6606261e+06
   1.6607058e+06
   1.6607841e+06
   1.6608587e+06
   1.6609541e+06
   1.6610389e+06
   1.6611488e+06
   1.6612342e+06
   1.6613165e+06
   1.6613998e+06
   1.6615402e+06
   1.6616356e+06
   1.6617831e+06
   1.6618755e+06
   1.6619478e+06
   1.6620532e+06
   1.6621344e+06
   1.6622298e+06
   1.6622938e+06
   1.6624240e+06
   1.6625341e+06
   1.6626342e+06
   1.6627733e+06
   1.6629266e+06
   1.6630613e+06
   1.6632234e+06
   1.6633098e+06
   1.6633854e+06
   1.6634663e+06
   1.6635432e+06
   1.6636338e+06
   1.6637297e+06
   1.6638376e+06
   1.6639247e+06
   1.6640269e+06
   1.6641122e+06
   1.6641785e+06
   1.6642810e+06
   1.6643531e+06
   1.6644337e+06
   1.6645127e+06
   1.6645950e+06
   1.6646732e+06
   1.6647579e+06
   1.6648374e+06
   1.6649210e+06
   1.6650054e+06
   1.6650736e+06
   1.6651405e+06
   1.6652367e+06
   1.6653422e+06
   1.6654239e+06
   1.6655202e+06
   1.6655987e+06
   1.6657000e+06
   1.6657941e+06
   1.6658817e+06
   1.6659803e+06
   1.6660849e+06
   1.6661697e+06
   1.6662787e+06
   1.6663655e+06
   1.6664527e+06
   1.6665432e+06
   1.6666234e+06
   1.6667137e+06
   1.6668075e+06
   1.6669053e+06
   1.6669960e+06
   1.6671683e+06
   1.6672747e+06
   1.6673878e+06
   1.6674766e+06
   1.6675599e+06
   1.6676726e+06
   1.6677613e+06
   1.6678335e+06
   1.6679268e+06
   1.6680096e+06
   1.6680862e+06
   1.6682139e+06
   1.6683005e+06
   1.6684309e+06
   1.6685655e+06
   1.6686918e+06
   1.6687739e+06
   1.6688550e+06
   1.6689413e+06
   1.6690284e+06
   1.6691172e+06
   1.6692321e+06
   1.6693123e+06
   1.6694018e+06
   1.6694697e+06
   1.6695428e+06
   1.6696241e+06
   1.6697086e+06
   1.6697810e+06
   1.6698643e+06
   1.6699511e+06
   1.6700416e+06
   1.6701079e+06
   1.6701965e+06
   1.6702757e+06
   1.6703498e+06
   1.6704572e+06
   1.6705521e+06
   1.6706336e+06
   1.6707613e+06
   1.6708821e+06
   1.6709811e+06
   1.6710509e+06
   1.6711756e+06
   1.6712631e+06
   1.6713784e+06
   1.6714499e+06
   1.6715531e+06
   1.6716548e+06
   1.6717284e+06
   1.6718709e+06
   1.6719663e+06
   1.6720518e+06
   1.6721415e+06
   1.6722432e+06
   1.6723316e+06
   1.6724243e+06
   1.6725096e+06
   1.6727017e+06
   1.6728349e+06
   1.6729283e+06
   1.6730107e+06
   1.6731009e+06
   1.6731830e+06
   1.6732752e+06
   1.6733634e+06
   1.6734940e+06
   1.6735858e+06
   1.6736885e+06
   1.6737864e+06
   1.6738535e+06
   1.6739600e+06
   1.6741829e+06
   1.6743018e+06
   1.6744332e+06
   1.6745255e+06
   1.6746056e+06
   1.6746942e+06
   1.6747776e+06
   1.6748623e+06
   1.6749471e+06
   1.6750635e+06
   1.6752574e+06
   1.6753376e+06
   1.6754237e+06
   1.6755036e+06
   1.6756348e+06
   1.6757440e+06
   1.6758499e+06
   1.6759231e+06
   1.6760063e+06
   1.6761619e+06
   1.6762553e+06
   1.6763642e+06
   1.6765506e+06
   1.6766195e+06
   1.6767218e+06
   1.6768326e+06
   1.6769134e+06
   1.6769926e+06
   1.6771070e+06
   1.6772145e+06
   1.6773221e+06
   1.6774425e+06
   1.6775742e+06
   1.6776604e+06
   1.6777639e+06
   1.6778808e+06
   1.6780649e+06
   1.6781632e+06
   1.6782856e+06
   1.6784000e+06
   1.6784826e+06
   1.6785879e+06
   1.6786726e+06
   1.6787455e+06
   1.6788680e+06
   1.6789437e+06
   1.6790321e+06
   1.6791576e+06
   1.6792452e+06
   1.6793695e+06
   1.6794506e+06
   1.6795308e+06
   1.6796327e+06
   1.6797444e+06
   1.6798486e+06
   1.6799567e+06
   1.6816017e+06
   1.6823358e+06
   1.6825433e+06
   1.6833197e+06
   1.6837345e+06
   1.6922932e+06
   1.6934045e+06
   1.6939797e+06
   1.6945510e+06
   1.6949556e+06
   1.7010693e+06
   1.7024451e+06
   1.7030068e+06
   1.7033964e+06
   1.7039311e+06
   1.7041826e+06
   1.7044580e+06
   1.7053381e+06
   1.7056882e+06
   1.7059647e+06
   1.7070342e+06
   1.7071620e+06
   1.7075146e+06
   1.7078313e+06
   1.7080696e+06
   1.7094812e+06
   1.7097040e+06
   1.7122429e+06
   1.7124971e+06
   1.7126472e+06
   1.7130678e+06
   1.7133231e+06
   1.7142248e+06
   1.7152154e+06
   1.7155168e+06
   1.7158557e+06
   1.7169025e+06
   1.7171218e+06
   1.7174354e+06
   1.7179381e+06
   1.7185537e+06
   1.7200999e+06
   1.7201930e+06
   1.7202707e+06
   1.7203709e+06
   1.7204476e+06
   1.7205287e+06
   1.7206368e+06
   1.7207092e+06
   1.7207896e+06
   1.7208676e+06
   1.7209468e+06
   1.7210370e+06
   1.7211445e+06
   1.7212401e+06
   1.7213186e+06
   1.7213856e+06
   1.7214532e+06
   1.7215186e+06
   1.7216287e+06
   1.7217427e+06
   1.7218158e+06
   1.7219990e+06
   1.7220918e+06
   1.7221792e+06
   1.7222644e+06
   1.7223533e+06
   1.7224326e+06
   1.7225481e+06
   1.7226624e+06
   1.7227312e+06
   1.7228196e+06
   1.7229022e+06
   1.7229884e+06
   1.7230716e+06
   1.7231470e+06
   1.7232110e+06
   1.7232851e+06
   1.7233920e+06
   1.7234621e+06
   1.7235523e+06
   1.7236786e+06
   1.7237589e+06
   1.7238481e+06
   1.7239236e+06
   1.7239931e+06
   1.7240816e+06
   1.7241978e+06
   1.7242521e+06
   1.7243298e+06
   1.7244418e+06
   1.7245352e+06
   1.7246440e+06
   1.7247334e+06
   1.7248110e+06
   1.7248803e+06
   1.7249486e+06
   1.7250259e+06
   1.7251249e+06
   1.7252018e+06
   1.7252885e+06
   1.7253547e+06
   1.7254585e+06
   1.7255633e+06
   1.7256417e+06
   1.7257265e+06
   1.7258103e+06
   1.7258905e+06
   1.7259605e+06
   1.7260402e+06
   1.7261291e+06
   1.7262048e+06
   1.7263198e+06
   1.7264387e+06
   1.7265191e+06
   1.7265921e+06
   1.7267032e+06
   1.7268091e+06
   1.7269000e+06
   1.7271228e+06
   1.7271876e+06
   1.7272771e+06
   1.7273605e+06
   1.7274473e+06
   1.7275135e+06
   1.7276325e+06
   1.7277283e+06
   1.7278125e+06
   1.7279151e+06
   1.7280272e+06
   1.7281069e+06
   1.7281966e+06
   1.7282781e+06
   1.7283850e+06
   1.7284625e+06
   1.7285636e+06
   1.7286412e+06
   1.7287185e+06
   1.7288052e+06
   1.7288861e+06
   1.7289707e+06
   1.7290528e+06
   1.7291384e+06
   1.7292085e+06
   1.7293061e+06
   1.7293770e+06
   1.7294714e+06
   1.7295408e+06
   1.7296844e+06
   1.7298231e+06
   1.7299361e+06
   1.7300284e+06
   1.7301599e+06
   1.7302542e+06
   1.7303220e+06
   1.7304222e+06
   1.7305162e+06
   1.7305937e+06
   1.7306894e+06
   1.7307709e+06
   1.7308386e+06
   1.7309301e+06
   1.7310044e+06
   1.7310743e+06
   1.7311523e+06
   1.7312440e+06
   1.7313309e+06
   1.7314011e+06
   1.7314981e+06
   1.7316224e+06
   1.7317059e+06
   1.7318004e+06
   1.7318841e+06
   1.7319753e+06
   1.7320426e+06
   1.7321268e+06
   1.7322254e+06
   1.7323123e+06
   1.7323994e+06
   1.7324699e+06
   1.7325858e+06
   1.7326676e+06
   1.7327503e+06
   1.7328277e+06
   1.7328985e+06
   1.7329936e+06
   1.7330736e+06
   1.7331761e+06
   1.7332642e+06
   1.7333598e+06
   1.7334526e+06
   1.7335345e+06
   1.7336145e+06
   1.7337145e+06
   1.7338181e+06
   1.7339189e+06
   1.7339878e+06
   1.7341901e+06
   1.7342671e+06
   1.7343784e+06
   1.7344566e+06
   1.7345260e+06
   1.7346046e+06
   1.7346898e+06
   1.7347751e+06
   1.7348538e+06
   1.7349331e+06
   1.7349960e+06
   1.7350761e+06
   1.7351530e+06
   1.7352496e+06
   1.7353836e+06
   1.7355086e+06
   1.7356265e+06
   1.7357010e+06
   1.7357944e+06
   1.7358855e+06
   1.7359915e+06
   1.7360686e+06
   1.7361564e+06
   1.7362514e+06
   1.7363232e+06
   1.7363950e+06
   1.7364841e+06
   1.7365755e+06
   1.7366539e+06
   1.7367600e+06
   1.7368248e+06
   1.7369183e+06
   1.7370216e+06
   1.7371327e+06
   1.7372165e+06
   1.7372914e+06
   1.7374195e+06
   1.7375174e+06
   1.7376152e+06
   1.7377851e+06
   1.7378941e+06
   1.7379788e+06
   1.7381446e+06
   1.7382234e+06
   1.7383099e+06
   1.7383910e+06
   1.7384691e+06
   1.7385676e+06
   1.7386534e+06
   1.7387680e+06
   1.7388614e+06
   1.7389454e+06
   1.7390167e+06
   1.7391088e+06
   1.7392175e+06
   1.7392910e+06
   1.7393896e+06
   1.7394605e+06
   1.7395503e+06
   1.7396577e+06
   1.7397218e+06
   1.7398223e+06
   1.7399076e+06
   1.7403521e+06
   1.7412810e+06
   1.7433594e+06
   1.7439422e+06
   1.7448978e+06
   1.7453699e+06
   1.7455143e+06
   1.7459923e+06
   1.7463230e+06
   1.7468917e+06
   1.7471075e+06
   1.7478101e+06
   1.7480604e+06
   1.7490366e+06
   1.7493406e+06
   1.7499227e+06
   1.7503365e+06
   1.7506081e+06
   1.7509168e+06
   1.7517017e+06
   1.7518880e+06
   1.7522616e+06
   1.7527327e+06
   1.7537678e+06
   1.7540949e+06
   1.7664423e+06
   1.7665852e+06
   1.7668082e+06
   1.7691903e+06
   1.7694963e+06
   1.7696777e+06
   1.7699933e+06
   1.7704725e+06
   1.7711191e+06
   1.7717860e+06
   1.7725092e+06
   1.7730965e+06
   1.7732711e+06
   1.7736342e+06
   1.7744728e+06
   1.7747719e+06
   1.7751937e+06
   1.7754069e+06
   1.7764179e+06
   1.7767727e+06
   1.7774841e+06
   1.7785151e+06
   1.7788993e+06
   1.7792121e+06
   1.7800672e+06
   1.7801343e+06
   1.7801995e+06
   1.7802965e+06
   1.7803694e+06
   1.7804530e+06
   1.7805190e+06
   1.7805869e+06
   1.7806583e+06
   1.7807650e+06
   1.7808517e+06
   1.7809217e+06
   1.7810019e+06
   1.7810691e+06
   1.7811526e+06
   1.7812944e+06
   1.7813519e+06
   1.7814425e+06
   1.7815287e+06
   1.7816076e+06
   1.7816735e+06
   1.7817472e+06
   1.7818264e+06
   1.7819233e+06
   1.7820225e+06
   1.7821007e+06
   1.7821968e+06
   1.7822673e+06
   1.7823753e+06
   1.7824433e+06
   1.7825161e+06
   1.7825943e+06
   1.7826587e+06
   1.7827224e+06
   1.7827892e+06
   1.7828705e+06
   1.7829647e+06
   1.7830538e+06
   1.7831649e+06
   1.7832441e+06
   1.7833042e+06
   1.7833773e+06
   1.7834562e+06
   1.7835454e+06
   1.7836045e+06
   1.7836728e+06
   1.7837558e+06
   1.7838578e+06
   1.7839448e+06
   1.7840346e+06
   1.7841534e+06
   1.7842516e+06
   1.7843098e+06
   1.7843798e+06
   1.7844675e+06
   1.7845375e+06
   1.7846279e+06
   1.7847283e+06
   1.7848120e+06
   1.7849002e+06
   1.7849636e+06
   1.7850472e+06
   1.7851281e+06
   1.7851946e+06
   1.7852819e+06
   1.7853758e+06
   1.7854632e+06
   1.7855375e+06
   1.7856196e+06
   1.7856904e+06
   1.7857950e+06
   1.7858924e+06
   1.7859625e+06
   1.7860306e+06
   1.7861013e+06
   1.7861809e+06
   1.7862685e+06
   1.7863423e+06
   1.7864159e+06
   1.7864900e+06
   1.7865744e+06
   1.7866514e+06
   1.7867247e+06
   1.7868001e+06
   1.7868822e+06
   1.7869591e+06
   1.7871100e+06
   1.7871978e+06
   1.7872979e+06
   1.7873786e+06
   1.7874429e+06
   1.7875129e+06
   1.7875814e+06
   1.7877139e+06
   1.7877995e+06
   1.7878844e+06
   1.7879694e+06
   1.7880412e+06
   1.7881375e+06
   1.7882094e+06
   1.7882997e+06
   1.7883652e+06
   1.7884591e+06
   1.7885458e+06
   1.7886586e+06
   1.7887165e+06
   1.7888002e+06
   1.7888698e+06
   1.7889932e+06
   1.7890864e+06
   1.7891870e+06
   1.7892985e+06
   1.7893670e+06
   1.7894375e+06
   1.7895107e+06
   1.7895845e+06
   1.7896506e+06
   1.7897322e+06
   1.7897850e+06
   1.7898641e+06
   1.7899773e+06
   1.7900854e+06
   1.7901756e+06
   1.7902519e+06
   1.7903806e+06
   1.7904823e+06
   1.7905652e+06
   1.7906404e+06
   1.7907141e+06
   1.7908049e+06
   1.7908811e+06
   1.7909729e+06
   1.7910666e+06
   1.7911987e+06
   1.7912844e+06
   1.7913665e+06
   1.7914601e+06
   1.7915320e+06
   1.7916044e+06
   1.7916799e+06
   1.7917698e+06
   1.7918488e+06
   1.7919383e+06
   1.7920093e+06
   1.7920897e+06
   1.7921792e+06
   1.7922592e+06
   1.7923583e+06
   1.7924878e+06
   1.7925757e+06
   1.7926527e+06
   1.7927387e+06
   1.7928261e+06
   1.7929309e+06
   1.7930065e+06
   1.7930852e+06
   1.7931668e+06
   1.7932549e+06
   1.7933549e+06
   1.7935089e+06
   1.7935675e+06
   1.7936396e+06
   1.7937044e+06
   1.7938036e+06
   1.7938824e+06
   1.7939449e+06
   1.7941032e+06
   1.7941747e+06
   1.7942571e+06
   1.7943387e+06
   1.7944143e+06
   1.7944802e+06
   1.7945510e+06
   1.7946749e+06
   1.7947623e+06
   1.7948663e+06
   1.7949264e+06
   1.7950290e+06
   1.7951165e+06
   1.7952167e+06
   1.7952873e+06
   1.7953647e+06
   1.7954320e+06
   1.7955227e+06
   1.7956157e+06
   1.7956990e+06
   1.7957842e+06
   1.7958889e+06
   1.7959762e+06
   1.7960487e+06
   1.7961319e+06
   1.7962232e+06
   1.7963214e+06
   1.7964076e+06
   1.7964967e+06
   1.7965701e+06
   1.7966795e+06
   1.7967714e+06
   1.7968826e+06
   1.7969608e+06
   1.7970845e+06
   1.7972098e+06
   1.7972920e+06
   1.7973868e+06
   1.7974741e+06
   1.7975795e+06
   1.7976495e+06
   1.7977062e+06
   1.7977783e+06
   1.7978810e+06
   1.7979499e+06
   1.7980266e+06
   1.7981120e+06
   1.7982221e+06
   1.7983133e+06
   1.7984069e+06
   1.7984918e+06
   1.7986216e+06
   1.7986994e+06
   1.7987750e+06
   1.7988662e+06
   1.7989800e+06
   1.7990593e+06
   1.7991295e+06
   1.7992360e+06
   1.7993176e+06
   1.7994055e+06
   1.7994830e+06
   1.7995758e+06
   1.7996389e+06
   1.7997065e+06
   1.7997840e+06
   1.7998672e+06
   1.7999637e+06
   1.8009662e+06
   1.8011256e+06
   1.8028801e+06
   1.8033758e+06
   1.8045424e+06
   1.8047363e+06
   1.8054066e+06
   1.8057316e+06
   1.8063149e+06
   1.8071804e+06
   1.8074841e+06
   1.8076557e+06
   1.8107680e+06
   1.8111962e+06
   1.8303260e+06
   1.8307377e+06
   1.8315821e+06
   1.8323606e+06
   1.8328246e+06
   1.8371350e+06
   1.8375364e+06
   1.8383365e+06
   1.8385039e+06
   1.8400738e+06
   1.8401480e+06
   1.8402135e+06
   1.8402630e+06
   1.8403365e+06
   1.8404363e+06
   1.8405132e+06
   1.8405872e+06
   1.8406566e+06
   1.8407195e+06
   1.8407928e+06
   1.8408462e+06
   1.8409136e+06
   1.8410036e+06
   1.8410747e+06
   1.8411454e+06
   1.8412565e+06
   1.8413402e+06
   1.8414090e+06
   1.8415074e+06
   1.8415709e+06
   1.8416470e+06
   1.8417228e+06
   1.8417958e+06
   1.8418753e+06
   1.8419522e+06
   1.8420078e+06
   1.8420741e+06
   1.8421680e+06
   1.8422471e+06
   1.8423457e+06
   1.8424115e+06
   1.8424926e+06
   1.8425620e+06
   1.8426356e+06
   1.8427287e+06
   1.8427937e+06
   1.8428876e+06
   1.8429527e+06
   1.8430341e+06
   1.8431018e+06
   1.8431687e+06
   1.8432404e+06
   1.8433156e+06
   1.8434025e+06
   1.8434656e+06
   1.8435496e+06
   1.8436195e+06
   1.8436969e+06
   1.8437838e+06
   1.8438661e+06
   1.8439288e+06
   1.8440108e+06
   1.8440720e+06
   1.8441571e+06
   1.8442204e+06
   1.8442881e+06
   1.8443605e+06
   1.8444386e+06
   1.8444988e+06
   1.8445646e+06
   1.8446394e+06
   1.8447170e+06
   1.8447874e+06
   1.8448799e+06
   1.8449453e+06
   1.8450220e+06
   1.8451061e+06
   1.8451706e+06
   1.8452628e+06
   1.8453349e+06
   1.8454061e+06
   1.8454790e+06
   1.8455568e+06
   1.8456290e+06
   1.8457129e+06
   1.8457905e+06
   1.8458711e+06
   1.8459481e+06
   1.8460223e+06
   1.8461037e+06
   1.8461713e+06
   1.8462579e+06
   1.8463505e+06
   1.8464280e+06
   1.8464951e+06
   1.8466361e+06
   1.8467210e+06
   1.8467796e+06
   1.8468691e+06
   1.8469484e+06
   1.8471766e+06
   1.8472636e+06
   1.8473513e+06
   1.8474398e+06
   1.8475275e+06
   1.8476057e+06
   1.8476766e+06
   1.8477575e+06
   1.8478652e+06
   1.8479263e+06
   1.8480405e+06
   1.8481313e+06
   1.8482216e+06
   1.8483523e+06
   1.8484096e+06
   1.8484891e+06
   1.8485679e+06
   1.8486439e+06
   1.8487314e+06
   1.8487900e+06
   1.8488672e+06
   1.8489371e+06
   1.8490016e+06
   1.8490780e+06
   1.8491570e+06
   1.8492362e+06
   1.8493027e+06
   1.8493839e+06
   1.8494824e+06
   1.8495534e+06
   1.8496285e+06
   1.8496940e+06
   1.8497800e+06
   1.8498428e+06
   1.8499304e+06
   1.8500083e+06
   1.8500833e+06
   1.8501503e+06
   1.8502085e+06
   1.8502908e+06
   1.8503559e+06
   1.8504341e+06
   1.8505348e+06
   1.8506312e+06
   1.8507201e+06
   1.8508195e+06
   1.8508924e+06
   1.8509558e+06
   1.8510092e+06
   1.8510890e+06
   1.8511738e+06
   1.8512374e+06
   1.8512970e+06
   1.8514101e+06
   1.8514774e+06
   1.8515468e+06
   1.8516129e+06
   1.8516908e+06
   1.8517830e+06
   1.8518518e+06
   1.8519078e+06
   1.8520050e+06
   1.8520678e+06
   1.8521361e+06
   1.8522152e+06
   1.8522889e+06
   1.8523709e+06
   1.8524496e+06
   1.8525187e+06
   1.8525804e+06
   1.8526528e+06
   1.8527390e+06
   1.8528236e+06
   1.8528980e+06
   1.8529778e+06
   1.8530424e+06
   1.8531933e+06
   1.8532542e+06
   1.8533405e+06
   1.8534434e+06
   1.8535107e+06
   1.8535994e+06
   1.8536962e+06
   1.8537753e+06
   1.8538511e+06
   1.8539728e+06
   1.8541349e+06
   1.8542127e+06
   1.8542776e+06
   1.8543644e+06
   1.8544273e+06
   1.8544915e+06
   1.8545872e+06
   1.8546542e+06
   1.8547332e+06
   1.8548105e+06
   1.8548901e+06
   1.8549798e+06
   1.8550495e+06
   1.8551375e+06
   1.8552242e+06
   1.8553056e+06
   1.8553946e+06
   1.8554757e+06
   1.8555619e+06
   1.8556442e+06
   1.8557143e+06
   1.8557882e+06
   1.8558600e+06
   1.8559477e+06
   1.8560144e+06
   1.8560722e+06
   1.8561796e+06
   1.8562676e+06
   1.8563332e+06
   1.8564083e+06
   1.8564892e+06
   1.8565684e+06
   1.8566579e+06
   1.8567426e+06
   1.8568168e+06
   1.8568839e+06
   1.8569665e+06
   1.8570360e+06
   1.8571168e+06
   1.8571932e+06
   1.8572762e+06
   1.8573594e+06
   1.8574332e+06
   1.8575216e+06
   1.8575939e+06
   1.8577404e+06
   1.8578206e+06
   1.8579055e+06
   1.8579913e+06
   1.8580753e+06
   1.8581599e+06
   1.8582419e+06
   1.8583376e+06
   1.8584292e+06
   1.8585005e+06
   1.8585708e+06
   1.8586472e+06
   1.8587272e+06
   1.8588088e+06
   1.8588807e+06
   1.8589950e+06
   1.8590671e+06
   1.8591654e+06
   1.8592615e+06
   1.8593390e+06
   1.8594354e+06
   1.8595135e+06
   1.8595689e+06
   1.8596721e+06
   1.8597766e+06
   1.8598562e+06
   1.8599296e+06
   1.8599946e+06
   1.8610134e+06
   1.8612638e+06
   1.8617562e+06
   1.8854107e+06
   1.8858373e+06
   1.8866451e+06
   1.8869951e+06
   1.8872577e+06
   1.8874953e+06
   1.8882762e+06
   1.8885011e+06
   1.8890885e+06
   1.8911892e+06
   1.8954623e+06
   1.8956163e+06
   1.9000904e+06
   1.9001563e+06
   1.9002197e+06
   1.9003013e+06
   1.9003729e+06
   1.9004375e+06
   1.9004967e+06
   1.9005561e+06
   1.9006241e+06
   1.9007143e+06
   1.9007808e+06
   1.9008321e+06
   1.9009109e+06
   1.9009699e+06
   1.9010354e+06
   1.9011248e+06
   1.9011859e+06
   1.9012498e+06
   1.9013285e+06
   1.9013970e+06
   1.9014616e+06
   1.9015340e+06
   1.9016268e+06
   1.9017056e+06
   1.9018003e+06
   1.9018606e+06
   1.9019192e+06
   1.9020220e+06
   1.9020812e+06
   1.9021419e+06
   1.9022104e+06
   1.9022632e+06
   1.9023320e+06
   1.9024051e+06
   1.9024654e+06
   1.9025257e+06
   1.9026042e+06
   1.9026868e+06
   1.9027531e+06
   1.9028229e+06
   1.9029090e+06
   1.9029669e+06
   1.9030347e+06
   1.9031223e+06
   1.9031927e+06
   1.9032444e+06
   1.9033027e+06
   1.9033720e+06
   1.9034293e+06
   1.9034989e+06
   1.9035935e+06
   1.9036992e+06
   1.9037635e+06
   1.9038530e+06
   1.9039083e+06
   1.9039803e+06
   1.9040427e+06
   1.9041092e+06
   1.9041692e+06
   1.9042346e+06
   1.9043293e+06
   1.9043913e+06
   1.9044800e+06
   1.9045622e+06
   1.9046398e+06
   1.9047155e+06
   1.9047888e+06
   1.9048572e+06
   1.9049175e+06
   1.9049828e+06
   1.9050706e+06
   1.9051464e+06
   1.9052124e+06
   1.9052887e+06
   1.9053754e+06
   1.9054426e+06
   1.9055121e+06
   1.9055836e+06
   1.9056574e+06
   1.9057207e+06
   1.9057972e+06
   1.9058648e+06
   1.9059226e+06
   1.9059962e+06
   1.9060791e+06
   1.9061529e+06
   1.9062294e+06
   1.9062960e+06
   1.9063677e+06
   1.9064288e+06
   1.9064905e+06
   1.9065500e+06
   1.9066107e+06
   1.9066809e+06
   1.9067411e+06
   1.9068126e+06
   1.9068701e+06
   1.9069576e+06
   1.9070950e+06
   1.9071605e+06
   1.9072413e+06
   1.9073182e+06
   1.9074300e+06
   1.9075063e+06
   1.9075789e+06
   1.9076376e+06
   1.9077223e+06
   1.9077942e+06
   1.9078646e+06
   1.9079441e+06
   1.9080336e+06
   1.9081094e+06
   1.9081822e+06
   1.9082653e+06
   1.9083443e+06
   1.9084043e+06
   1.9084774e+06
   1.9085505e+06
   1.9086231e+06
   1.9086863e+06
   1.9087688e+06
   1.9088414e+06
   1.9089138e+06
   1.9090066e+06
   1.9090887e+06
   1.9091584e+06
   1.9092170e+06
   1.9093089e+06
   1.9093815e+06
   1.9094784e+06
   1.9095534e+06
   1.9096064e+06
   1.9096730e+06
   1.9097408e+06
   1.9098048e+06
   1.9098746e+06
   1.9099587e+06
   1.9100274e+06
   1.9101077e+06
   1.9101737e+06
   1.9102438e+06
   1.9103176e+06
   1.9103882e+06
   1.9104965e+06
   1.9105754e+06
   1.9106426e+06
   1.9107198e+06
   1.9107844e+06
   1.9108603e+06
   1.9109243e+06
   1.9109890e+06
   1.9110759e+06
   1.9111430e+06
   1.9112208e+06
   1.9112819e+06
   1.9113556e+06
   1.9114612e+06
   1.9115602e+06
   1.9116185e+06
   1.9116952e+06
   1.9117771e+06
   1.9118383e+06
   1.9119220e+06
   1.9119840e+06
   1.9120551e+06
   1.9121262e+06
   1.9122113e+06
   1.9123018e+06
   1.9123739e+06
   1.9124417e+06
   1.9125902e+06
   1.9126619e+06
   1.9127508e+06
   1.9128153e+06
   1.9128916e+06
   1.9129537e+06
   1.9130191e+06
   1.9130943e+06
   1.9131667e+06
   1.9132322e+06
   1.9133086e+06
   1.9133817e+06
   1.9134549e+06
   1.9135263e+06
   1.9135900e+06
   1.9136535e+06
   1.9137242e+06
   1.9137858e+06
   1.9138825e+06
   1.9139586e+06
   1.9141131e+06
   1.9141892e+06
   1.9142692e+06
   1.9143732e+06
   1.9144448e+06
   1.9145138e+06
   1.9145872e+06
   1.9146668e+06
   1.9147755e+06
   1.9148710e+06
   1.9149548e+06
   1.9150444e+06
   1.9151152e+06
   1.9151777e+06
   1.9152322e+06
   1.9153258e+06
   1.9154207e+06
   1.9155108e+06
   1.9156059e+06
   1.9156338e+06
   1.9156741e+06
   1.9156751e+06
   1.9156829e+06
   1.9157050e+06
   1.9157465e+06
   1.9157777e+06
   1.9157798e+06
   1.9157820e+06
   1.9158341e+06
   1.9158533e+06
   1.9158593e+06
   1.9158703e+06
   1.9159159e+06
   1.9159332e+06
   1.9159383e+06
   1.9159444e+06
   1.9159805e+06
   1.9160010e+06
   1.9160045e+06
   1.9160249e+06
   1.9160642e+06
   1.9160681e+06
   1.9160840e+06
   1.9160923e+06
   1.9161479e+06
   1.9161484e+06
   1.9161549e+06
   1.9161585e+06
   1.9162101e+06
   1.9162201e+06
   1.9162219e+06
   1.9162304e+06
   1.9162871e+06
   1.9162886e+06
   1.9163014e+06
   1.9163037e+06
   1.9163600e+06
   1.9163765e+06
   1.9163808e+06
   1.9163885e+06
   1.9164501e+06
   1.9164539e+06
   1.9164698e+06
   1.9164916e+06
   1.9165233e+06
   1.9165323e+06
   1.9165572e+06
   1.9165645e+06
   1.9165872e+06
   1.9166039e+06
   1.9166331e+06
   1.9166647e+06
   1.9166756e+06
   1.9166793e+06
   1.9167116e+06
   1.9167409e+06
   1.9167578e+06
   1.9167717e+06
   1.9167818e+06
   1.9168018e+06
   1.9168410e+06
   1.9168726e+06
   1.9168765e+06
   1.9168813e+06
   1.9169237e+06
   1.9169494e+06
   1.9169527e+06
   1.9169564e+06
   1.9170110e+06
   1.9170164e+06
   1.9170278e+06
   1.9170410e+06
   1.9170933e+06
   1.9170983e+06
   1.9171006e+06
   1.9171176e+06
   1.9171604e+06
   1.9171693e+06
   1.9171821e+06
   1.9172256e+06
   1.9172266e+06
   1.9172477e+06
   1.9172690e+06
   1.9172996e+06
   1.9173017e+06
   1.9173341e+06
   1.9173494e+06
   1.9173797e+06
   1.9173955e+06
   1.9174124e+06
   1.9174305e+06
   1.9174514e+06
   1.9174774e+06
   1.9174947e+06
   1.9175104e+06
   1.9175253e+06
   1.9175492e+06
   1.9175706e+06
   1.9175860e+06
   1.9175914e+06
   1.9176165e+06
   1.9176370e+06
   1.9176597e+06
   1.9176788e+06
   1.9176965e+06
   1.9177085e+06
   1.9177478e+06
   1.9177615e+06
   1.9177753e+06
   1.9177774e+06
   1.9178228e+06
   1.9178369e+06
   1.9178457e+06
   1.9178463e+06
   1.9179031e+06
   1.9179150e+06
   1.9179239e+06
   1.9179308e+06
   1.9179795e+06
   1.9179942e+06
   1.9179980e+06
   1.9180036e+06
   1.9180378e+06
   1.9180746e+06
   1.9180806e+06
   1.9180809e+06
   1.9181037e+06
   1.9181514e+06
   1.9181556e+06
   1.9181629e+06
   1.9181934e+06
   1.9182259e+06
   1.9182294e+06
   1.9182368e+06
   1.9182712e+06
   1.9182996e+06
   1.9183165e+06
   1.9183315e+06
   1.9183447e+06
   1.9183625e+06
   1.9183848e+06
   1.9184086e+06
   1.9184129e+06
   1.9184610e+06
   1.9184627e+06
   1.9184802e+06
   1.9185335e+06
   1.9185422e+06
   1.9185438e+06
   1.9185520e+06
   1.9186104e+06
   1.9186119e+06
   1.9186191e+06
   1.9186363e+06
   1.9186790e+06
   1.9186915e+06
   1.9186923e+06
   1.9187031e+06
   1.9187372e+06
   1.9187570e+06
   1.9187748e+06
   1.9187777e+06
   1.9188092e+06
   1.9188303e+06
   1.9188360e+06
   1.9188572e+06
   1.9188685e+06
   1.9188944e+06
   1.9189135e+06
   1.9189230e+06
   1.9189350e+06
   1.9189810e+06
   1.9189950e+06
   1.9190013e+06
   1.9190403e+06
   1.9190490e+06
   1.9190672e+06
   1.9190703e+06
   1.9191159e+06
   1.9191231e+06
   1.9191321e+06
   1.9191337e+06
   1.9191891e+06
   1.9191922e+06
   1.9191953e+06
   1.9192061e+06
   1.9192627e+06
   1.9192645e+06
   1.9192851e+06
   1.9192860e+06
   1.9193283e+06
   1.9193363e+06
   1.9193544e+06
   1.9193546e+06
   1.9194045e+06
   1.9194140e+06
   1.9194255e+06
   1.9194454e+06
   1.9194959e+06
   1.9194984e+06
   1.9195126e+06
   1.9195331e+06
   1.9195715e+06
   1.9195779e+06
   1.9195864e+06
   1.9196111e+06
   1.9196525e+06
   1.9196603e+06
   1.9196624e+06
   1.9196913e+06
   1.9197205e+06
   1.9197375e+06
   1.9197510e+06
   1.9197699e+06
   1.9197971e+06
   1.9198099e+06
   1.9198442e+06
   1.9198548e+06
   1.9198583e+06
   1.9198839e+06
   1.9199169e+06
   1.9199312e+06
   1.9199447e+06
   1.9199570e+06
