   9.4930111e+02
   2.6418209e+03
   3.0724688e+03
   3.7005628e+03
   4.1558527e+03
   5.1671148e+03
   5.4175978e+03
   5.7899404e+03
   6.5879892e+03
   6.7878037e+03
   1.3196578e+04
   1.3897278e+04
   1.4303731e+04
   1.4610051e+04
   1.6829942e+04
   1.7124280e+04
   1.7560384e+04
   1.8351048e+04
   1.8747526e+04
   1.9188258e+04
   1.9558476e+04
   2.0673654e+04
   2.1109604e+04
   2.1441618e+04
   2.2792755e+04
   2.3715794e+04
   2.4012604e+04
   2.4520728e+04
   2.4773438e+04
   2.5597225e+04
   2.5820983e+04
   2.6066824e+04
   2.7898070e+04
   2.8130005e+04
   2.9365558e+04
   4.0259706e+04
   4.0436416e+04
   4.0674634e+04
   4.1298886e+04
   4.1791493e+04
   4.2085384e+04
   4.2690327e+04
   4.2864072e+04
   4.3242536e+04
   4.3627832e+04
   4.3942301e+04
   4.4161917e+04
   4.4821370e+04
   4.4998907e+04
   4.5337834e+04
   4.5739664e+04
   4.5984819e+04
   4.6835643e+04
   4.7235113e+04
   4.7401873e+04
   4.7803415e+04
   4.8096162e+04
   4.8768311e+04
   4.8958848e+04
   4.9611290e+04
   5.0870944e+04
   5.1328081e+04
   5.1589188e+04
   5.2004642e+04
   5.2355760e+04
   5.2558486e+04
   5.5168449e+04
   5.5343526e+04
   5.5490851e+04
   5.5787619e+04
   5.6016672e+04
   5.6219474e+04
   5.6604157e+04
   5.6856429e+04
   5.7199558e+04
   5.7422122e+04
   5.7591991e+04
   5.7726649e+04
   5.7919957e+04
   5.8119162e+04
   5.8279504e+04
   5.8504757e+04
   5.8701961e+04
   5.8890427e+04
   5.9013348e+04
   5.9207780e+04
   5.9420539e+04
   5.9672489e+04
   5.9912985e+04
   6.0536936e+04
   6.0927193e+04
   6.1311946e+04
   6.1987459e+04
   6.2499317e+04
   6.2957544e+04
   6.4501337e+04
   6.4818296e+04
   6.5230879e+04
   6.5533059e+04
   6.6362085e+04
   6.6862856e+04
   6.7074582e+04
   6.7979513e+04
   6.8430794e+04
   6.9179116e+04
   6.9947771e+04
   7.0319565e+04
   7.0743710e+04
   7.1084930e+04
   7.1418189e+04
   7.1727122e+04
   7.2521100e+04
   7.2921470e+04
   7.3659652e+04
   7.4061263e+04
   7.4563585e+04
   7.4753086e+04
   7.4967393e+04
   7.5690670e+04
   7.7229125e+04
   7.8671985e+04
   7.9131954e+04
   8.2439206e+04
   8.3008080e+04
   8.3241797e+04
   8.3931397e+04
   8.4301841e+04
   8.4524700e+04
   8.4931172e+04
   8.5273547e+04
   8.5763100e+04
   8.7449234e+04
   8.8669291e+04
   8.8999428e+04
   8.9243761e+04
   8.9936504e+04
   9.0588998e+04
   9.2261786e+04
   9.2668694e+04
   9.2916075e+04
   9.3624472e+04
   9.4034923e+04
   9.4372028e+04
   9.5186990e+04
   9.5644163e+04
   9.6504864e+04
   9.6789614e+04
   9.7399455e+04
   9.7749894e+04
   9.7992797e+04
   9.9469637e+04
   9.9811520e+04
   1.0012589e+05
   1.0034771e+05
   1.0046868e+05
   1.0065813e+05
   1.0087280e+05
   1.0102153e+05
   1.0121025e+05
   1.0144158e+05
   1.0172033e+05
   1.0193578e+05
   1.0226172e+05
   1.0247855e+05
   1.0265284e+05
   1.0278987e+05
   1.0297079e+05
   1.0316610e+05
   1.0340596e+05
   1.0358014e+05
   1.0382228e+05
   1.0408647e+05
   1.0428451e+05
   1.0452028e+05
   1.0467082e+05
   1.0487394e+05
   1.0500697e+05
   1.0520851e+05
   1.0540432e+05
   1.0559074e+05
   1.0575609e+05
   1.0599611e+05
   1.0610034e+05
   1.0626652e+05
   1.0641854e+05
   1.0676716e+05
   1.0689056e+05
   1.0720469e+05
   1.0734781e+05
   1.0760017e+05
   1.0776596e+05
   1.0793409e+05
   1.0822281e+05
   1.0849217e+05
   1.0863001e+05
   1.0884226e+05
   1.0905468e+05
   1.0917441e+05
   1.0933393e+05
   1.0964029e+05
   1.0979250e+05
   1.0996016e+05
   1.1019851e+05
   1.1042224e+05
   1.1054875e+05
   1.1076796e+05
   1.1098185e+05
   1.1113807e+05
   1.1145211e+05
   1.1159754e+05
   1.1177523e+05
   1.1205773e+05
   1.1223063e+05
   1.1240719e+05
   1.1266631e+05
   1.1284491e+05
   1.1306334e+05
   1.1360075e+05
   1.1383009e+05
   1.1437716e+05
   1.1463913e+05
   1.1506433e+05
   1.1527141e+05
   1.1558816e+05
   1.1580572e+05
   1.1617627e+05
   1.1646119e+05
   1.1668219e+05
   1.1691080e+05
   1.1713551e+05
   1.1740058e+05
   1.1761559e+05
   1.1785348e+05
   1.1810676e+05
   1.1838146e+05
   1.1886600e+05
   1.1934649e+05
   1.1961044e+05
   1.1987974e+05
   1.2251458e+05
   1.2292358e+05
   1.2336059e+05
   1.2379090e+05
   1.2424929e+05
   1.2474567e+05
   1.2500099e+05
   1.2536848e+05
   1.2607816e+05
   1.2639885e+05
   1.2669952e+05
   1.2778454e+05
   1.2828726e+05
   1.2853743e+05
   1.2873913e+05
   1.2954031e+05
   1.2977990e+05
   1.3020713e+05
   1.3103898e+05
   1.4240531e+05
   1.5508315e+05
   1.5558835e+05
   1.5581234e+05
   1.5665886e+05
   1.5689963e+05
   1.5731411e+05
   1.5875377e+05
   1.5902358e+05
   1.5990161e+05
   1.6016484e+05
   1.6034255e+05
   1.6050946e+05
   1.6071123e+05
   1.6095088e+05
   1.6119885e+05
   1.6142211e+05
   1.6165963e+05
   1.6182285e+05
   1.6202522e+05
   1.6220088e+05
   1.6236035e+05
   1.6251473e+05
   1.6267336e+05
   1.6287022e+05
   1.6311516e+05
   1.6334881e+05
   1.6366016e+05
   1.6386800e+05
   1.6419036e+05
   1.6437108e+05
   1.6456790e+05
   1.6478352e+05
   1.6499793e+05
   1.6531341e+05
   1.6567922e+05
   1.6584769e+05
   1.6606978e+05
   1.6624788e+05
   1.6641866e+05
   1.6656360e+05
   1.6680868e+05
   1.6722494e+05
   1.6745651e+05
   1.6763471e+05
   1.6781816e+05
   1.6801557e+05
   1.6827586e+05
   1.6862407e+05
   1.6878069e+05
   1.6895238e+05
   1.6914363e+05
   1.6938291e+05
   1.6965657e+05
   1.7009916e+05
   1.7028912e+05
   1.7046573e+05
   1.7068431e+05
   1.7100669e+05
   1.7142382e+05
   1.7162381e+05
   1.7174644e+05
   1.7193942e+05
   1.7217935e+05
   1.7231793e+05
   1.7262060e+05
   1.7281116e+05
   1.7310446e+05
   1.7323144e+05
   1.7362091e+05
   1.7379203e+05
   1.7392737e+05
   1.7437057e+05
   1.7470587e+05
   1.7518236e+05
   1.7552263e+05
   1.7571000e+05
   1.7596204e+05
   1.7665047e+05
   1.7685491e+05
   1.7702202e+05
   1.7720922e+05
   1.7746848e+05
   1.7777673e+05
   1.7799903e+05
   1.7817094e+05
   1.7842628e+05
   1.7885629e+05
   1.7916637e+05
   1.7946212e+05
   1.8031479e+05
   1.8102797e+05
   1.8138080e+05
   1.8185161e+05
   1.8299569e+05
   1.8335061e+05
   1.8407328e+05
   1.8465489e+05
   1.8528062e+05
   1.8559313e+05
   1.8585674e+05
   1.8631830e+05
   2.0898997e+05
   2.0946670e+05
   2.0984281e+05
   2.1283254e+05
   2.1318881e+05
   2.1534683e+05
   2.1620187e+05
   2.1672585e+05
   2.1761202e+05
   2.1819203e+05
   2.2021250e+05
   2.2056704e+05
   2.2097958e+05
   2.2135510e+05
   2.2190186e+05
   2.2229507e+05
   2.2611847e+05
   2.2758478e+05
   2.2792146e+05
   2.2808477e+05
   2.2826699e+05
   2.2843511e+05
   2.2855965e+05
   2.2917308e+05
   2.2931761e+05
   2.2948786e+05
   2.2961076e+05
   2.2975305e+05
   2.2998583e+05
   2.3016837e+05
   2.3045504e+05
   2.3058146e+05
   2.3075407e+05
   2.3090623e+05
   2.3108207e+05
   2.3122628e+05
   2.3143361e+05
   2.3161498e+05
   2.3175197e+05
   2.3194835e+05
   2.3212949e+05
   2.3237898e+05
   2.3257409e+05
   2.3281342e+05
   2.3297281e+05
   2.3309477e+05
   2.3327302e+05
   2.3340535e+05
   2.3355756e+05
   2.3436445e+05
   2.3457658e+05
   2.3483390e+05
   2.3501351e+05
   2.3557070e+05
   2.3573203e+05
   2.3595576e+05
   2.3613937e+05
   2.3630667e+05
   2.3654892e+05
   2.3688326e+05
   2.3714968e+05
   2.3739634e+05
   2.3760506e+05
   2.3781873e+05
   2.3812220e+05
   2.3836027e+05
   2.3853455e+05
   2.3872410e+05
   2.3894156e+05
   2.3914906e+05
   2.3936274e+05
   2.3953670e+05
   2.3970482e+05
   2.3997384e+05
   2.4054715e+05
   2.4133162e+05
   2.4349592e+05
   2.4371359e+05
   2.4415300e+05
   2.4474321e+05
   2.4511601e+05
   2.4568642e+05
   2.4595507e+05
   2.4677863e+05
   2.4712343e+05
   2.4746451e+05
   2.4765681e+05
   2.4787274e+05
   2.4809235e+05
   2.4840570e+05
   2.4898796e+05
   2.4939447e+05
   2.4994642e+05
   2.5022067e+05
   2.5084291e+05
   2.5112009e+05
   2.5131781e+05
   2.5192539e+05
   2.5651840e+05
   2.5706170e+05
   2.5757258e+05
   2.5785530e+05
   2.5876983e+05
   2.6502395e+05
   2.6566947e+05
   2.6599394e+05
   2.6698314e+05
   2.6748746e+05
   2.6779724e+05
   2.6821790e+05
   2.6859505e+05
   2.6938189e+05
   2.6964883e+05
   2.6991923e+05
   2.7036381e+05
   2.7073931e+05
   2.7103496e+05
   2.7144503e+05
   2.7319253e+05
   2.7361728e+05
   2.7401643e+05
   2.7931869e+05
   2.7963054e+05
   2.8018628e+05
   2.8049830e+05
   2.8072104e+05
   2.8089448e+05
   2.8132261e+05
   2.8160558e+05
   2.8193404e+05
   2.8223005e+05
   2.8258413e+05
   2.8270408e+05
   2.8296422e+05
   2.8313118e+05
   2.8329701e+05
   2.8374051e+05
   2.8392420e+05
   2.8418062e+05
   2.8441111e+05
   2.8550505e+05
   2.8591535e+05
   2.8625342e+05
   2.8641899e+05
   2.8679076e+05
   2.8762754e+05
   2.8876349e+05
   2.8955071e+05
   2.8982663e+05
   2.9075393e+05
   2.9155936e+05
   2.9195065e+05
   2.9281358e+05
   2.9317242e+05
   2.9454273e+05
   2.9490925e+05
   2.9554695e+05
   2.9580255e+05
   2.9600926e+05
   2.9645623e+05
   2.9687997e+05
   2.9769087e+05
   2.9817105e+05
   2.9846006e+05
   2.9877875e+05
   2.9917564e+05
   2.9961328e+05
   3.0032561e+05
   3.0128128e+05
   3.0187927e+05
   3.0396625e+05
   3.0431719e+05
   3.0489003e+05
   3.0512234e+05
   3.0534260e+05
   3.0583076e+05
   3.0607656e+05
   3.1473402e+05
   3.1587631e+05
   3.1633494e+05
   3.1656432e+05
   3.1704192e+05
   3.1747207e+05
   3.1776201e+05
   3.1805459e+05
   3.1842724e+05
   3.1966771e+05
   3.1995594e+05
   3.2050237e+05
   3.2104977e+05
   3.2234818e+05
   3.2270873e+05
   3.2320780e+05
   3.2369188e+05
   3.2573031e+05
   3.2697399e+05
   3.2753217e+05
   3.2796962e+05
   3.2826595e+05
   3.2859368e+05
   3.2911889e+05
   3.2980927e+05
   3.3130307e+05
   3.3180394e+05
   3.3215219e+05
   3.3238227e+05
   3.3294811e+05
   3.3323724e+05
   3.3478528e+05
   3.3536973e+05
   3.3571745e+05
   3.3606567e+05
   3.3654303e+05
   3.3684321e+05
   3.3724331e+05
   3.3750278e+05
   3.3812204e+05
   3.3841159e+05
   3.3863312e+05
   3.3909151e+05
   3.3939632e+05
   3.4023085e+05
   3.4049210e+05
   3.4084598e+05
   3.4117078e+05
   3.4142445e+05
   3.4400795e+05
   3.4439259e+05
   3.4474397e+05
   3.4536236e+05
   3.4587156e+05
   3.4644536e+05
   3.4719616e+05
   3.4734194e+05
   3.4754087e+05
   3.4764765e+05
   3.4778654e+05
   3.4790064e+05
   3.4805725e+05
   3.4822866e+05
   3.4834709e+05
   3.4849365e+05
   3.4873559e+05
   3.4892172e+05
   3.4916474e+05
   3.4936237e+05
   3.4949695e+05
   3.4965535e+05
   3.4978414e+05
   3.5000178e+05
   3.5015040e+05
   3.5030588e+05
   3.5048500e+05
   3.5063008e+05
   3.5075420e+05
   3.5089592e+05
   3.5104983e+05
   3.5129133e+05
   3.5144853e+05
   3.5165917e+05
   3.5188274e+05
   3.5198734e+05
   3.5214405e+05
   3.5240425e+05
   3.5253972e+05
   3.5273978e+05
   3.5295258e+05
   3.5315743e+05
   3.5336407e+05
   3.5349956e+05
   3.5368153e+05
   3.5383886e+05
   3.5425156e+05
   3.5441497e+05
   3.5457266e+05
   3.5474367e+05
   3.5493791e+05
   3.5512445e+05
   3.5528155e+05
   3.5541069e+05
   3.5556191e+05
   3.5569739e+05
   3.5589429e+05
   3.5602408e+05
   3.5618623e+05
   3.5631919e+05
   3.5648768e+05
   3.5661423e+05
   3.5672300e+05
   3.5685904e+05
   3.5705821e+05
   3.5721841e+05
   3.5744951e+05
   3.5758216e+05
   3.5772759e+05
   3.5785339e+05
   3.5802249e+05
   3.5818093e+05
   3.5842247e+05
   3.5862407e+05
   3.5878033e+05
   3.5891012e+05
   3.5905303e+05
   3.5917097e+05
   3.5933067e+05
   3.5948510e+05
   3.5966419e+05
   3.5987201e+05
   3.6040866e+05
   3.6213593e+05
   3.6240780e+05
   3.6274155e+05
   3.6442904e+05
   3.6472774e+05
   3.6717890e+05
   3.6757985e+05
   3.6907544e+05
   3.6948242e+05
   3.6979023e+05
   3.7011910e+05
   3.7069375e+05
   3.7100285e+05
   3.7129918e+05
   3.7177876e+05
   3.7282739e+05
   3.7307126e+05
   3.8881241e+05
   3.8923896e+05
   3.9106714e+05
   3.9133406e+05
   3.9161467e+05
   3.9209076e+05
   3.9264284e+05
   3.9576008e+05
   3.9632000e+05
   3.9666987e+05
   3.9700523e+05
   3.9808198e+05
   3.9914561e+05
   3.9951183e+05
   3.9992262e+05
   4.0257028e+05
   4.0341188e+05
   4.0378483e+05
   4.0403468e+05
   4.0442030e+05
   4.0498667e+05
   4.0524645e+05
   4.0558368e+05
   4.0668585e+05
   4.0693653e+05
   4.0804025e+05
   4.0819485e+05
   4.0833799e+05
   4.0852028e+05
   4.0866771e+05
   4.0882738e+05
   4.0904068e+05
   4.0927127e+05
   4.0947672e+05
   4.0962689e+05
   4.0978119e+05
   4.1006361e+05
   4.1023391e+05
   4.1059398e+05
   4.1073234e+05
   4.1099014e+05
   4.1113074e+05
   4.1128093e+05
   4.1147684e+05
   4.1165840e+05
   4.1183422e+05
   4.1206177e+05
   4.1231405e+05
   4.1273841e+05
   4.1294775e+05
   4.1318071e+05
   4.1338290e+05
   4.1350977e+05
   4.1371260e+05
   4.1462503e+05
   4.1674209e+05
   4.1709643e+05
   4.1766054e+05
   4.1822043e+05
   4.1848733e+05
   4.1894831e+05
   4.1919385e+05
   4.1939474e+05
   4.1960563e+05
   4.1984035e+05
   4.2137211e+05
   4.2186696e+05
   4.2204646e+05
   4.2235503e+05
   4.2380593e+05
   4.2427186e+05
   4.2495650e+05
   4.2701624e+05
   4.2745365e+05
   4.2815991e+05
   4.2882356e+05
   4.2930333e+05
   4.2977854e+05
   4.3022169e+05
   4.3053523e+05
   4.3143185e+05
   4.3204202e+05
   4.3309708e+05
   4.3340156e+05
   4.3375285e+05
   4.3395844e+05
   4.3430070e+05
   4.3818310e+05
   4.3871043e+05
   4.3902569e+05
   4.3936233e+05
   4.4014017e+05
   4.4047693e+05
   4.4095292e+05
   4.4157723e+05
   4.4204867e+05
   4.4277140e+05
   4.4416887e+05
   4.4453390e+05
   4.4589960e+05
   4.6040393e+05
   4.6106889e+05
   4.6163182e+05
   4.6380602e+05
   4.6459916e+05
   4.6503862e+05
   4.6581246e+05
   4.6989038e+05
   4.7006032e+05
   4.7024974e+05
   4.7041223e+05
   4.7059114e+05
   4.7070440e+05
   4.7084531e+05
   4.7098953e+05
   4.7124312e+05
   4.7138306e+05
   4.7154291e+05
   4.7180757e+05
   4.7201791e+05
   4.7222762e+05
   4.7237216e+05
   4.7261446e+05
   4.7275302e+05
   4.7289620e+05
   4.7311086e+05
   4.7344392e+05
   4.7360695e+05
   4.7378953e+05
   4.7397517e+05
   4.7440595e+05
   4.7464230e+05
   4.7499938e+05
   4.7524638e+05
   4.7549489e+05
   4.7566238e+05
   4.7582075e+05
   4.7607250e+05
   4.7628500e+05
   4.7644824e+05
   4.7665181e+05
   4.7684607e+05
   4.7705778e+05
   4.7724784e+05
   4.7747223e+05
   4.7766229e+05
   4.7784588e+05
   4.7808986e+05
   4.7833185e+05
   4.7860796e+05
   4.7938397e+05
   4.7965614e+05
   4.7986923e+05
   4.8043879e+05
   4.8098058e+05
   4.8135624e+05
   4.8160804e+05
   4.8187604e+05
   4.8232079e+05
   4.8307670e+05
   4.8517972e+05
   4.8995091e+05
   4.9056088e+05
   4.9081014e+05
   4.9154409e+05
   4.9260785e+05
   4.9683120e+05
   4.9752606e+05
   4.9804722e+05
   5.0052375e+05
   5.0095892e+05
   5.0152278e+05
   5.0224841e+05
   5.0286932e+05
   5.0336283e+05
   5.0370927e+05
   5.0398054e+05
   5.0444034e+05
   5.0470770e+05
   5.0512728e+05
   5.0975932e+05
   5.1032009e+05
   5.1102034e+05
   5.1192175e+05
   5.1350645e+05
   5.1503071e+05
   5.1584840e+05
   5.1614710e+05
   5.2014571e+05
   5.2038007e+05
   5.2053471e+05
   5.2072850e+05
   5.2088968e+05
   5.2103108e+05
   5.2115720e+05
   5.2136110e+05
   5.2158141e+05
   5.2193823e+05
   5.2211061e+05
   5.2224028e+05
   5.2246968e+05
   5.2261356e+05
   5.2282614e+05
   5.2294630e+05
   5.2307643e+05
   5.2325056e+05
   5.2348142e+05
   5.2366698e+05
   5.2386075e+05
   5.2400621e+05
   5.2416773e+05
   5.2435582e+05
   5.2450662e+05
   5.2464305e+05
   5.2478894e+05
   5.2493831e+05
   5.2512353e+05
   5.2537017e+05
   5.2553291e+05
   5.2566289e+05
   5.2584216e+05
   5.2607620e+05
   5.2640962e+05
   5.2658938e+05
   5.2672757e+05
   5.2690479e+05
   5.2727897e+05
   5.2745223e+05
   5.2766668e+05
   5.2785068e+05
   5.2810851e+05
   5.2828361e+05
   5.2860947e+05
   5.2898613e+05
   5.2925135e+05
   5.2945467e+05
   5.2964874e+05
   5.2986356e+05
   5.3026104e+05
   5.3065280e+05
   5.3101065e+05
   5.3120714e+05
   5.3146582e+05
   5.3165938e+05
   5.3204452e+05
   5.3249689e+05
   5.3271733e+05
   5.3289097e+05
   5.3321843e+05
   5.3346277e+05
   5.3483159e+05
   5.3512974e+05
   5.3631294e+05
   5.3670712e+05
   5.3756832e+05
   5.3785779e+05
   5.3800367e+05
   5.3845789e+05
   5.3867359e+05
   5.3897101e+05
   5.4051152e+05
   5.4111017e+05
   5.4167543e+05
   5.4199899e+05
   5.4264863e+05
   5.4385792e+05
   5.4920175e+05
   5.4949489e+05
   5.5030319e+05
   5.5085427e+05
   5.5125947e+05
   5.5157964e+05
   5.5210533e+05
   5.5246082e+05
   5.5267817e+05
   5.5396789e+05
   5.5954302e+05
   5.5995160e+05
   5.6051622e+05
   5.6104358e+05
   5.6154602e+05
   5.6190286e+05
   5.6266673e+05
   5.6311181e+05
   5.6342581e+05
   5.6411962e+05
   5.6446867e+05
   5.6530017e+05
   5.6567194e+05
   5.6630190e+05
   5.6690532e+05
   5.6735673e+05
   5.6767947e+05
   5.6869213e+05
   5.7000129e+05
   5.7032154e+05
   5.7079622e+05
   5.7303883e+05
   5.7377501e+05
   5.7469536e+05
   5.7541515e+05
   5.7966863e+05
   5.8029834e+05
   5.8051511e+05
   5.8084879e+05
   5.8113544e+05
   5.8127077e+05
   5.8143072e+05
   5.8162542e+05
   5.8173910e+05
   5.8189865e+05
   5.8204982e+05
   5.8222033e+05
   5.8236866e+05
   5.8255669e+05
   5.8290449e+05
   5.8310108e+05
   5.8324438e+05
   5.8343374e+05
   5.8383567e+05
   5.8401294e+05
   5.8425194e+05
   5.8440255e+05
   5.8454549e+05
   5.8471014e+05
   5.8496106e+05
   5.8517838e+05
   5.8532548e+05
   5.8560424e+05
   5.8578645e+05
   5.8604304e+05
   5.8626395e+05
   5.8639011e+05
   5.8661323e+05
   5.8685295e+05
   5.8757738e+05
   5.8787845e+05
   5.8828086e+05
   5.8850630e+05
   5.8868707e+05
   5.8964928e+05
   5.8992516e+05
   5.9013882e+05
   5.9078168e+05
   5.9118705e+05
   5.9143823e+05
   5.9165841e+05
   5.9213288e+05
   5.9316129e+05
   5.9351815e+05
   5.9374513e+05
   5.9398962e+05
   5.9465109e+05
   5.9636040e+05
   5.9661088e+05
   5.9705299e+05
   5.9726932e+05
   5.9757511e+05
   5.9780645e+05
   5.9803501e+05
   5.9852340e+05
   5.9880969e+05
   5.9915616e+05
   5.9942106e+05
   6.0030774e+05
   6.2203226e+05
   6.2225093e+05
   6.2274909e+05
   6.2312206e+05
   6.2357635e+05
   6.2397016e+05
   6.2429143e+05
   6.2858955e+05
   6.2884986e+05
   6.3157554e+05
   6.3263843e+05
   6.3317699e+05
   6.3362787e+05
   6.3398764e+05
   6.3465838e+05
   6.3491705e+05
   6.3572515e+05
   6.3664860e+05
   6.4266392e+05
   6.4298492e+05
   6.4321560e+05
   6.4602030e+05
   6.4658054e+05
   6.4750518e+05
   6.4893101e+05
   6.4935663e+05
   6.5064894e+05
   6.5090248e+05
   6.5138873e+05
   6.5185200e+05
   6.5840145e+05
   6.5927579e+05
   6.6065801e+05
   6.6146262e+05
   6.6172663e+05
   6.6207284e+05
   6.6235297e+05
   6.6273164e+05
   6.6393753e+05
   7.2066751e+05
   7.2089331e+05
   7.2134343e+05
   7.2150207e+05
   7.2243755e+05
   7.2344310e+05
   7.2433369e+05
   7.2515498e+05
   7.2550742e+05
   7.2591745e+05
   7.2614200e+05
   7.2703691e+05
   7.3090551e+05
   7.3114131e+05
   7.3179884e+05
   7.3255479e+05
   7.3306379e+05
   7.3344035e+05
   7.3371745e+05
   7.3440177e+05
   7.3540956e+05
   7.3597076e+05
   7.3704685e+05
   7.3747797e+05
   7.4197276e+05
   7.4275784e+05
   7.4298311e+05
   7.4329236e+05
   7.4403065e+05
   7.4433287e+05
   7.4474891e+05
   7.4514796e+05
   7.4535866e+05
   7.4550622e+05
   7.4752897e+05
   7.4808815e+05
   7.5000028e+05
   7.5053431e+05
   7.5075828e+05
   7.5104606e+05
   7.5294610e+05
   7.5325736e+05
   7.5351081e+05
   7.5375581e+05
   7.5409445e+05
   7.6016014e+05
   7.6054719e+05
   7.6094028e+05
   7.6126258e+05
   7.6153662e+05
   7.6179031e+05
   7.6190002e+05
   7.6218338e+05
   7.6232514e+05
   7.6315390e+05
   7.6336842e+05
   7.6357673e+05
   7.6382057e+05
   7.6402821e+05
   7.6424327e+05
   7.6445408e+05
   7.6469768e+05
   7.6483008e+05
   7.6496693e+05
   7.6509835e+05
   7.6521868e+05
   7.6543575e+05
   7.6557211e+05
   7.6585383e+05
   7.6616228e+05
   7.6643202e+05
   7.6657662e+05
   7.6681769e+05
   7.6743621e+05
   7.7639700e+05
   7.7668002e+05
   7.7693402e+05
   7.7744362e+05
   7.7769924e+05
   7.7935604e+05
   7.7957196e+05
   7.8268818e+05
   7.8718781e+05
   7.8751399e+05
   7.9119997e+05
   7.9174088e+05
   7.9201739e+05
   7.9223307e+05
   7.9260032e+05
   7.9308166e+05
   7.9352656e+05
   7.9425255e+05
   7.9489425e+05
   7.9519749e+05
   7.9547876e+05
   7.9596961e+05
   7.9666062e+05
   7.9682177e+05
   7.9741713e+05
   7.9768824e+05
   7.9798714e+05
   7.9821116e+05
   7.9872141e+05
   7.9912534e+05
   8.0066486e+05
   8.0142818e+05
   8.0231647e+05
   8.0473144e+05
   8.0545620e+05
   8.0579603e+05
   8.0598112e+05
   8.0640987e+05
   8.0731535e+05
   8.0947097e+05
   8.0968254e+05
   8.0993659e+05
   8.1481310e+05
   8.1544969e+05
   8.1592548e+05
   8.1645150e+05
   8.1695182e+05
   8.1812694e+05
   8.1837403e+05
   8.1858119e+05
   8.1976874e+05
   8.2015672e+05
   8.2029929e+05
   8.2046956e+05
   8.2095773e+05
   8.2121286e+05
   8.2137415e+05
   8.2151285e+05
   8.2166364e+05
   8.2196717e+05
   8.2217087e+05
   8.2234671e+05
   8.2268628e+05
   8.2296337e+05
   8.2321948e+05
   8.2337755e+05
   8.2357277e+05
   8.2395257e+05
   8.2407953e+05
   8.2423682e+05
   8.2452807e+05
   8.2476252e+05
   8.2492764e+05
   8.2511218e+05
   8.2530947e+05
   8.2542953e+05
   8.2562532e+05
   8.2574110e+05
   8.2586431e+05
   8.2598091e+05
   8.2616197e+05
   8.2637340e+05
   8.2657690e+05
   8.2670450e+05
   8.2686430e+05
   8.2698220e+05
   8.2724493e+05
   8.2750029e+05
   8.2765709e+05
   8.2781180e+05
   8.2804331e+05
   8.2832321e+05
   8.2851358e+05
   8.2874667e+05
   8.2887745e+05
   8.2944815e+05
   8.2958439e+05
   8.2976817e+05
   8.2995275e+05
   8.3012307e+05
   8.3032542e+05
   8.3050193e+05
   8.3071767e+05
   8.3090877e+05
   8.3159407e+05
   8.3250349e+05
   8.3261881e+05
   8.3271375e+05
   8.3284533e+05
   8.3310736e+05
   8.3346445e+05
   8.3364552e+05
   8.3379913e+05
   8.3395380e+05
   8.3445629e+05
   8.3474903e+05
   8.3487604e+05
   8.3504720e+05
   8.3524616e+05
   8.3536870e+05
   8.3548868e+05
   8.3563470e+05
   8.3579067e+05
   8.3611337e+05
   8.3635049e+05
   8.3735428e+05
   8.4398645e+05
   8.4426531e+05
   8.4464636e+05
   8.4495391e+05
   8.4537002e+05
   8.4557416e+05
   8.4594306e+05
   8.4659506e+05
   8.4684968e+05
   8.4721667e+05
   8.4741213e+05
   8.4788033e+05
   8.4952985e+05
   8.5139242e+05
   8.5211993e+05
   8.5237082e+05
   8.5270881e+05
   8.5300998e+05
   8.5328930e+05
   8.5370143e+05
   8.5395988e+05
   8.5434709e+05
   8.5479739e+05
   8.5587769e+05
   8.5685480e+05
   8.5736440e+05
   8.5764382e+05
   8.5787529e+05
   8.5888753e+05
   8.5940467e+05
   8.5961602e+05
   8.6042282e+05
   8.6076513e+05
   8.6097993e+05
   8.6165956e+05
   8.6311268e+05
   8.6371902e+05
   8.6467900e+05
   8.6531885e+05
   8.6590429e+05
   8.6615696e+05
   8.6640696e+05
   8.6921121e+05
   8.6949169e+05
   8.6975577e+05
   8.7023108e+05
   8.7044309e+05
   8.7139865e+05
   8.7187790e+05
   8.7206219e+05
   8.7249354e+05
   8.7270272e+05
   8.7387804e+05
   8.7437812e+05
   8.7456508e+05
   8.7562352e+05
   8.7611954e+05
   8.7632203e+05
   8.7877226e+05
   8.7963140e+05
   8.8010066e+05
   8.8025454e+05
   8.8035591e+05
   8.8059831e+05
   8.8082615e+05
   8.8121638e+05
   8.8137861e+05
   8.8153966e+05
   8.8166891e+05
   8.8208995e+05
   8.8232444e+05
   8.8240979e+05
   8.8284117e+05
   8.8320821e+05
   8.8339771e+05
   8.8350993e+05
   8.8364626e+05
   8.8381620e+05
   8.8392625e+05
   8.8413131e+05
   8.8438257e+05
   8.8459888e+05
   8.8532444e+05
   8.8563124e+05
   8.8576123e+05
   8.8588920e+05
   8.8609680e+05
   8.8626137e+05
   8.8635757e+05
   8.8649559e+05
   8.8670750e+05
   8.8724199e+05
   8.8741499e+05
   8.8769247e+05
   8.8791658e+05
   8.8812163e+05
   8.8832182e+05
   8.8850937e+05
   8.8866737e+05
   8.8880535e+05
   8.8897362e+05
   8.8925078e+05
   8.8949771e+05
   8.8976122e+05
   8.8995529e+05
   8.9024597e+05
   8.9039652e+05
   8.9056092e+05
   8.9107805e+05
   8.9128369e+05
   8.9149372e+05
   8.9164601e+05
   8.9177786e+05
   8.9224250e+05
   8.9247488e+05
   8.9269147e+05
   8.9284015e+05
   8.9320459e+05
   8.9335017e+05
   8.9349407e+05
   8.9364304e+05
   8.9376977e+05
   8.9424203e+05
   8.9446500e+05
   8.9463023e+05
   8.9496600e+05
   8.9508527e+05
   8.9551433e+05
   8.9571105e+05
   8.9589210e+05
   8.9599718e+05
   8.9617058e+05
   8.9652869e+05
   8.9669084e+05
   8.9682015e+05
   8.9705017e+05
   8.9715941e+05
   8.9729910e+05
   8.9750324e+05
   8.9778668e+05
   8.9799399e+05
   8.9816448e+05
   8.9832947e+05
   8.9850632e+05
   8.9865105e+05
   8.9877089e+05
   8.9894161e+05
   8.9909697e+05
   8.9930589e+05
   8.9944881e+05
   8.9968915e+05
   8.9995168e+05
   9.0116509e+05
   9.0137066e+05
   9.0166382e+05
   9.0216613e+05
   9.0258461e+05
   9.0297892e+05
   9.0357380e+05
   9.0381532e+05
   9.0418677e+05
   9.0844282e+05
   9.0867873e+05
   9.0909880e+05
   9.1073738e+05
   9.1137607e+05
   9.1156553e+05
   9.1182416e+05
   9.1228582e+05
   9.1305128e+05
   9.1475007e+05
   9.1539564e+05
   9.1619349e+05
   9.1719615e+05
   9.1748973e+05
   9.1784953e+05
   9.1838425e+05
   9.1860269e+05
   9.1890364e+05
   9.1996848e+05
   9.2044837e+05
   9.2067264e+05
   9.2108640e+05
   9.3982344e+05
   9.4015951e+05
   9.4039981e+05
   9.4055284e+05
   9.4067403e+05
   9.4100875e+05
   9.4117019e+05
   9.4134933e+05
   9.4164367e+05
   9.4174438e+05
   9.4188613e+05
   9.4227030e+05
   9.4238161e+05
   9.4251536e+05
   9.4264350e+05
   9.4277296e+05
   9.4302404e+05
   9.4322076e+05
   9.4333085e+05
   9.4350049e+05
   9.4403678e+05
   9.4415340e+05
   9.4433035e+05
   9.4442725e+05
   9.4460891e+05
   9.4475639e+05
   9.4490527e+05
   9.4508046e+05
   9.4524685e+05
   9.4535971e+05
   9.4549449e+05
   9.4565025e+05
   9.4584559e+05
   9.4597098e+05
   9.4605393e+05
   9.4618535e+05
   9.4632823e+05
   9.4658104e+05
   9.4673882e+05
   9.4691001e+05
   9.4730825e+05
   9.4744897e+05
   9.4757327e+05
   9.4773056e+05
   9.4791379e+05
   9.4840718e+05
   9.4856294e+05
   9.4878737e+05
   9.4902481e+05
   9.4930129e+05
   9.4948061e+05
   9.4969894e+05
   9.4990350e+05
   9.5004800e+05
   9.5023151e+05
   9.5037532e+05
   9.5054534e+05
   9.5067371e+05
   9.5086931e+05
   9.5108545e+05
   9.5122550e+05
   9.5138723e+05
   9.5168579e+05
   9.5186027e+05
   9.5200969e+05
   9.5220916e+05
   9.5236234e+05
   9.5247813e+05
   9.5265939e+05
   9.5277950e+05
   9.5292791e+05
   9.5331108e+05
   9.5348823e+05
   9.5360171e+05
   9.5381387e+05
   9.5396884e+05
   9.5442531e+05
   9.5472990e+05
   9.5484357e+05
   9.5497429e+05
   9.5543833e+05
   9.5559192e+05
   9.5571804e+05
   9.5585489e+05
   9.5674324e+05
   9.5688034e+05
   9.5701932e+05
   9.5739992e+05
   9.5759861e+05
   9.5788635e+05
   9.5807965e+05
   9.5833591e+05
   9.5854052e+05
   9.5874744e+05
   9.5907105e+05
   9.5921485e+05
   9.5962299e+05
   9.5972644e+05
   9.5987433e+05
   9.6034394e+05
   9.6100534e+05
   9.6221234e+05
   9.6245113e+05
   9.6283359e+05
   9.6372781e+05
   9.6449644e+05
   9.6484038e+05
   9.7251288e+05
   9.8260650e+05
   9.8514354e+05
   9.8539546e+05
   9.8594250e+05
   9.8630441e+05
   9.8671668e+05
   9.8694857e+05
   9.8716434e+05
   9.8756249e+05
   9.8831832e+05
   9.8860457e+05
   9.8983107e+05
   9.9007033e+05
   9.9045158e+05
   9.9090443e+05
   9.9152798e+05
   9.9215605e+05
   9.9255728e+05
   9.9271638e+05
   9.9305455e+05
   9.9777653e+05
   9.9817311e+05
   9.9845228e+05
   9.9885208e+05
   9.9904786e+05
   9.9951962e+05
   9.9994187e+05
   1.0001441e+06
   1.0002822e+06
   1.0003808e+06
   1.0005457e+06
   1.0007823e+06
   1.0009321e+06
   1.0025491e+06
   1.0027114e+06
   1.0027951e+06
   1.0028974e+06
   1.0031854e+06
   1.0034587e+06
   1.0041498e+06
   1.0042760e+06
   1.0044149e+06
   1.0046094e+06
   1.0047169e+06
   1.0048581e+06
   1.0049721e+06
   1.0051318e+06
   1.0053207e+06
   1.0054654e+06
   1.0056896e+06
   1.0058921e+06
   1.0060512e+06
   1.0062933e+06
   1.0063781e+06
   1.0065915e+06
   1.0068199e+06
   1.0073016e+06
   1.0075607e+06
   1.0077335e+06
   1.0078794e+06
   1.0080643e+06
   1.0082151e+06
   1.0084000e+06
   1.0085169e+06
   1.0086317e+06
   1.0087750e+06
   1.0089971e+06
   1.0091475e+06
   1.0092845e+06
   1.0094253e+06
   1.0095844e+06
   1.0099587e+06
   1.0100532e+06
   1.0102005e+06
   1.0105877e+06
   1.0107426e+06
   1.0110110e+06
   1.0111704e+06
   1.0114153e+06
   1.0116285e+06
   1.0117396e+06
   1.0119400e+06
   1.0120712e+06
   1.0121747e+06
   1.0123520e+06
   1.0125108e+06
   1.0126639e+06
   1.0127949e+06
   1.0129283e+06
   1.0131199e+06
   1.0132850e+06
   1.0133965e+06
   1.0136662e+06
   1.0137797e+06
   1.0138887e+06
   1.0141589e+06
   1.0142954e+06
   1.0144309e+06
   1.0145914e+06
   1.0148046e+06
   1.0149901e+06
   1.0153571e+06
   1.0154845e+06
   1.0157014e+06
   1.0158893e+06
   1.0160598e+06
   1.0161769e+06
   1.0163208e+06
   1.0164722e+06
   1.0166210e+06
   1.0167587e+06
   1.0171749e+06
   1.0173168e+06
   1.0174863e+06
   1.0177200e+06
   1.0179030e+06
   1.0180429e+06
   1.0181463e+06
   1.0183431e+06
   1.0185541e+06
   1.0188012e+06
   1.0190365e+06
   1.0191929e+06
   1.0193964e+06
   1.0195745e+06
   1.0196735e+06
   1.0197857e+06
   1.0199600e+06
   1.0238414e+06
   1.0242813e+06
   1.0244473e+06
   1.0251203e+06
   1.0258355e+06
   1.0261620e+06
   1.0263615e+06
   1.0267817e+06
   1.0282219e+06
   1.0284953e+06
   1.0290327e+06
   1.0292948e+06
   1.0318832e+06
   1.0323347e+06
   1.0326423e+06
   1.0333819e+06
   1.0337215e+06
   1.0339836e+06
   1.0342213e+06
   1.0355676e+06
   1.0358687e+06
   1.0366004e+06
   1.0369019e+06
   1.0373125e+06
   1.0378691e+06
   1.0380394e+06
   1.0414500e+06
   1.0421028e+06
   1.0424015e+06
   1.0448435e+06
   1.0452680e+06
   1.0456147e+06
   1.0458981e+06
   1.0461683e+06
   1.0474410e+06
   1.0476803e+06
   1.0478619e+06
   1.0480338e+06
   1.0482999e+06
   1.0485366e+06
   1.0492504e+06
   1.0497844e+06
   1.0500860e+06
   1.0601476e+06
   1.0602946e+06
   1.0603888e+06
   1.0606990e+06
   1.0608605e+06
   1.0609638e+06
   1.0611710e+06
   1.0613804e+06
   1.0615271e+06
   1.0617546e+06
   1.0618531e+06
   1.0619371e+06
   1.0620835e+06
   1.0623162e+06
   1.0624388e+06
   1.0625810e+06
   1.0626967e+06
   1.0628500e+06
   1.0631559e+06
   1.0632732e+06
   1.0634042e+06
   1.0636507e+06
   1.0638096e+06
   1.0639870e+06
   1.0642094e+06
   1.0643850e+06
   1.0644979e+06
   1.0646861e+06
   1.0648422e+06
   1.0650347e+06
   1.0652416e+06
   1.0654776e+06
   1.0656063e+06
   1.0657315e+06
   1.0658307e+06
   1.0659829e+06
   1.0663695e+06
   1.0665130e+06
   1.0666474e+06
   1.0668032e+06
   1.0669584e+06
   1.0671819e+06
   1.0672877e+06
   1.0676509e+06
   1.0678583e+06
   1.0679753e+06
   1.0681203e+06
   1.0683573e+06
   1.0684528e+06
   1.0686037e+06
   1.0687656e+06
   1.0688890e+06
   1.0690235e+06
   1.0693119e+06
   1.0694081e+06
   1.0696649e+06
   1.0697740e+06
   1.0699627e+06
   1.0700947e+06
   1.0703509e+06
   1.0704917e+06
   1.0706125e+06
   1.0707253e+06
   1.0708981e+06
   1.0710975e+06
   1.0712672e+06
   1.0715064e+06
   1.0717175e+06
   1.0718940e+06
   1.0720155e+06
   1.0722091e+06
   1.0723229e+06
   1.0724749e+06
   1.0725714e+06
   1.0727591e+06
   1.0729862e+06
   1.0731247e+06
   1.0732218e+06
   1.0733179e+06
   1.0734645e+06
   1.0735961e+06
   1.0737421e+06
   1.0738453e+06
   1.0739483e+06
   1.0742047e+06
   1.0743713e+06
   1.0744856e+06
   1.0746244e+06
   1.0748608e+06
   1.0749732e+06
   1.0750909e+06
   1.0752006e+06
   1.0753015e+06
   1.0754289e+06
   1.0755921e+06
   1.0757165e+06
   1.0759955e+06
   1.0761304e+06
   1.0762541e+06
   1.0764075e+06
   1.0765625e+06
   1.0768298e+06
   1.0769666e+06
   1.0770810e+06
   1.0773159e+06
   1.0774872e+06
   1.0777594e+06
   1.0779334e+06
   1.0780832e+06
   1.0784665e+06
   1.0786944e+06
   1.0788681e+06
   1.0789788e+06
   1.0792038e+06
   1.0794073e+06
   1.0795354e+06
   1.0796620e+06
   1.0797486e+06
   1.0798532e+06
   1.0799453e+06
   1.0802993e+06
   1.0808911e+06
   1.0817218e+06
   1.0828967e+06
   1.0831430e+06
   1.0843163e+06
   1.0846150e+06
   1.0851196e+06
   1.0950525e+06
   1.0998718e+06
   1.1006524e+06
   1.1018774e+06
   1.1023020e+06
   1.1027012e+06
   1.1028667e+06
   1.1031157e+06
   1.1035868e+06
   1.1045316e+06
   1.1049474e+06
   1.1056607e+06
   1.1064352e+06
   1.1070925e+06
   1.1073258e+06
   1.1081372e+06
   1.1083865e+06
   1.1085862e+06
   1.1091255e+06
   1.1096624e+06
   1.1101446e+06
   1.1103231e+06
   1.1109982e+06
   1.1115287e+06
   1.1138056e+06
   1.1141478e+06
   1.1143168e+06
   1.1146372e+06
   1.1151189e+06
   1.1153684e+06
   1.1157670e+06
   1.1160705e+06
   1.1165883e+06
   1.1170343e+06
   1.1174695e+06
   1.1178008e+06
   1.1180680e+06
   1.1183140e+06
   1.1185478e+06
   1.1192177e+06
   1.1194398e+06
   1.1200832e+06
   1.1201872e+06
   1.1202887e+06
   1.1203849e+06
   1.1205319e+06
   1.1206747e+06
   1.1208124e+06
   1.1209107e+06
   1.1211119e+06
   1.1214230e+06
   1.1215358e+06
   1.1216472e+06
   1.1217795e+06
   1.1218848e+06
   1.1220006e+06
   1.1221022e+06
   1.1222235e+06
   1.1223371e+06
   1.1224442e+06
   1.1226502e+06
   1.1228760e+06
   1.1229668e+06
   1.1231557e+06
   1.1233460e+06
   1.1234746e+06
   1.1235673e+06
   1.1236834e+06
   1.1237722e+06
   1.1238500e+06
   1.1239444e+06
   1.1240472e+06
   1.1241841e+06
   1.1242692e+06
   1.1244508e+06
   1.1251957e+06
   1.1252998e+06
   1.1254097e+06
   1.1254966e+06
   1.1255923e+06
   1.1256801e+06
   1.1257984e+06
   1.1258967e+06
   1.1260757e+06
   1.1262662e+06
   1.1263572e+06
   1.1265259e+06
   1.1266747e+06
   1.1267823e+06
   1.1269312e+06
   1.1272898e+06
   1.1274707e+06
   1.1276027e+06
   1.1277409e+06
   1.1280238e+06
   1.1281615e+06
   1.1283011e+06
   1.1284002e+06
   1.1285349e+06
   1.1286920e+06
   1.1288799e+06
   1.1290150e+06
   1.1291898e+06
   1.1293157e+06
   1.1294736e+06
   1.1298736e+06
   1.1301695e+06
   1.1303295e+06
   1.1304787e+06
   1.1306756e+06
   1.1308374e+06
   1.1309408e+06
   1.1310862e+06
   1.1312030e+06
   1.1313780e+06
   1.1314738e+06
   1.1315932e+06
   1.1317121e+06
   1.1319378e+06
   1.1320353e+06
   1.1321400e+06
   1.1322544e+06
   1.1325130e+06
   1.1326005e+06
   1.1327982e+06
   1.1329357e+06
   1.1331242e+06
   1.1332847e+06
   1.1334459e+06
   1.1336348e+06
   1.1337916e+06
   1.1338961e+06
   1.1342573e+06
   1.1347045e+06
   1.1349272e+06
   1.1351130e+06
   1.1352109e+06
   1.1356536e+06
   1.1358561e+06
   1.1361359e+06
   1.1362929e+06
   1.1363997e+06
   1.1365524e+06
   1.1368242e+06
   1.1369233e+06
   1.1370569e+06
   1.1372211e+06
   1.1374364e+06
   1.1375748e+06
   1.1377233e+06
   1.1378858e+06
   1.1381689e+06
   1.1382962e+06
   1.1384312e+06
   1.1385630e+06
   1.1387906e+06
   1.1389512e+06
   1.1390853e+06
   1.1392949e+06
   1.1394970e+06
   1.1396482e+06
   1.1397615e+06
   1.1398811e+06
   1.1399963e+06
   1.1403228e+06
   1.1405568e+06
   1.1408573e+06
   1.1410274e+06
   1.1416376e+06
   1.1419406e+06
   1.1431162e+06
   1.1540445e+06
   1.1652892e+06
   1.1674627e+06
   1.1679425e+06
   1.1699987e+06
   1.1703044e+06
   1.1704488e+06
   1.1722426e+06
   1.1725689e+06
   1.1727279e+06
   1.1730821e+06
   1.1733126e+06
   1.1748493e+06
   1.1753998e+06
   1.1755323e+06
   1.1760387e+06
   1.1762560e+06
   1.1800979e+06
   1.1801823e+06
   1.1803192e+06
   1.1804475e+06
   1.1806582e+06
   1.1808406e+06
   1.1809960e+06
   1.1811177e+06
   1.1812297e+06
   1.1813612e+06
   1.1814819e+06
   1.1816057e+06
   1.1818342e+06
   1.1819382e+06
   1.1820710e+06
   1.1822824e+06
   1.1824321e+06
   1.1825549e+06
   1.1826477e+06
   1.1828236e+06
   1.1829776e+06
   1.1830834e+06
   1.1832890e+06
   1.1834123e+06
   1.1835903e+06
   1.1836935e+06
   1.1837815e+06
   1.1838760e+06
   1.1840029e+06
   1.1841417e+06
   1.1842340e+06
   1.1843735e+06
   1.1845708e+06
   1.1846745e+06
   1.1848215e+06
   1.1849412e+06
   1.1850302e+06
   1.1851498e+06
   1.1853788e+06
   1.1855208e+06
   1.1857080e+06
   1.1858168e+06
   1.1859096e+06
   1.1860049e+06
   1.1861289e+06
   1.1863430e+06
   1.1864447e+06
   1.1865263e+06
   1.1866750e+06
   1.1867728e+06
   1.1868534e+06
   1.1869330e+06
   1.1872786e+06
   1.1874358e+06
   1.1875152e+06
   1.1876171e+06
   1.1877681e+06
   1.1879737e+06
   1.1881124e+06
   1.1883188e+06
   1.1885752e+06
   1.1887471e+06
   1.1888892e+06
   1.1892013e+06
   1.1893501e+06
   1.1894855e+06
   1.1896055e+06
   1.1897322e+06
   1.1898234e+06
   1.1899663e+06
   1.1900659e+06
   1.1902386e+06
   1.1903740e+06
   1.1904866e+06
   1.1906616e+06
   1.1907405e+06
   1.1908866e+06
   1.1909890e+06
   1.1911391e+06
   1.1912253e+06
   1.1913376e+06
   1.1914466e+06
   1.1916098e+06
   1.1917057e+06
   1.1918048e+06
   1.1924818e+06
   1.1926199e+06
   1.1927372e+06
   1.1928533e+06
   1.1930633e+06
   1.1931884e+06
   1.1933376e+06
   1.1935095e+06
   1.1936273e+06
   1.1937840e+06
   1.1939329e+06
   1.1941522e+06
   1.1942786e+06
   1.1944614e+06
   1.1946007e+06
   1.1947132e+06
   1.1948911e+06
   1.1950014e+06
   1.1952356e+06
   1.1953939e+06
   1.1954836e+06
   1.1956786e+06
   1.1958497e+06
   1.1960288e+06
   1.1961706e+06
   1.1963438e+06
   1.1964714e+06
   1.1967374e+06
   1.1968923e+06
   1.1970510e+06
   1.1971335e+06
   1.1973570e+06
   1.1974904e+06
   1.1977282e+06
   1.1979002e+06
   1.1981540e+06
   1.1982566e+06
   1.1983336e+06
   1.1984844e+06
   1.1985950e+06
   1.1987052e+06
   1.1988238e+06
   1.1990152e+06
   1.1991630e+06
   1.1993258e+06
   1.1994245e+06
   1.1995479e+06
   1.1997251e+06
   1.1998851e+06
   1.2004366e+06
   1.2008764e+06
   1.2011538e+06
   1.2015843e+06
   1.2019034e+06
   1.2022761e+06
   1.2027673e+06
   1.2034336e+06
   1.2049801e+06
   1.2058825e+06
   1.2062421e+06
   1.2102312e+06
   1.2109289e+06
   1.2111144e+06
   1.2113491e+06
   1.2115212e+06
   1.2157605e+06
   1.2162774e+06
   1.2191886e+06
   1.2201845e+06
   1.2205245e+06
   1.2218700e+06
   1.2234564e+06
   1.2237098e+06
   1.2244961e+06
   1.2248056e+06
   1.2252011e+06
   1.2258268e+06
   1.2286881e+06
   1.2296391e+06
   1.2301937e+06
   1.2307830e+06
   1.2341585e+06
   1.2401141e+06
   1.2402384e+06
   1.2403433e+06
   1.2404724e+06
   1.2405752e+06
   1.2407153e+06
   1.2408156e+06
   1.2409255e+06
   1.2410239e+06
   1.2411645e+06
   1.2412562e+06
   1.2413315e+06
   1.2414596e+06
   1.2417006e+06
   1.2418449e+06
   1.2420255e+06
   1.2421585e+06
   1.2422603e+06
   1.2423955e+06
   1.2424931e+06
   1.2425977e+06
   1.2427313e+06
   1.2428657e+06
   1.2431322e+06
   1.2432136e+06
   1.2433137e+06
   1.2434572e+06
   1.2435746e+06
   1.2437140e+06
   1.2438288e+06
   1.2439503e+06
   1.2440603e+06
   1.2442385e+06
   1.2443402e+06
   1.2444636e+06
   1.2445717e+06
   1.2446774e+06
   1.2447698e+06
   1.2448655e+06
   1.2450722e+06
   1.2451884e+06
   1.2453853e+06
   1.2455743e+06
   1.2456787e+06
   1.2458386e+06
   1.2459456e+06
   1.2461113e+06
   1.2462115e+06
   1.2463330e+06
   1.2464121e+06
   1.2468046e+06
   1.2469350e+06
   1.2471823e+06
   1.2472888e+06
   1.2473743e+06
   1.2474999e+06
   1.2476055e+06
   1.2477984e+06
   1.2479288e+06
   1.2480431e+06
   1.2482546e+06
   1.2483373e+06
   1.2485047e+06
   1.2487008e+06
   1.2487731e+06
   1.2488871e+06
   1.2489944e+06
   1.2491455e+06
   1.2492748e+06
   1.2494058e+06
   1.2495095e+06
   1.2496638e+06
   1.2497840e+06
   1.2499770e+06
   1.2501323e+06
   1.2503405e+06
   1.2504707e+06
   1.2507810e+06
   1.2509099e+06
   1.2510072e+06
   1.2511198e+06
   1.2512298e+06
   1.2513555e+06
   1.2514261e+06
   1.2515463e+06
   1.2516933e+06
   1.2517914e+06
   1.2518710e+06
   1.2519673e+06
   1.2522021e+06
   1.2523333e+06
   1.2525688e+06
   1.2526901e+06
   1.2528880e+06
   1.2530296e+06
   1.2531334e+06
   1.2532475e+06
   1.2534247e+06
   1.2535810e+06
   1.2536831e+06
   1.2538641e+06
   1.2539785e+06
   1.2542742e+06
   1.2544407e+06
   1.2545204e+06
   1.2546025e+06
   1.2547638e+06
   1.2548935e+06
   1.2549982e+06
   1.2551223e+06
   1.2552143e+06
   1.2553324e+06
   1.2554480e+06
   1.2555394e+06
   1.2556480e+06
   1.2557636e+06
   1.2558763e+06
   1.2559716e+06
   1.2561257e+06
   1.2563329e+06
   1.2564354e+06
   1.2565681e+06
   1.2568786e+06
   1.2569671e+06
   1.2570613e+06
   1.2573191e+06
   1.2574295e+06
   1.2575306e+06
   1.2576163e+06
   1.2578681e+06
   1.2579903e+06
   1.2580925e+06
   1.2582504e+06
   1.2583574e+06
   1.2584743e+06
   1.2585842e+06
   1.2587221e+06
   1.2590536e+06
   1.2591396e+06
   1.2592803e+06
   1.2594034e+06
   1.2595263e+06
   1.2596455e+06
   1.2597695e+06
   1.2599059e+06
   1.2599984e+06
   1.2605673e+06
   1.2610645e+06
   1.2612748e+06
   1.2615392e+06
   1.2622668e+06
   1.2630096e+06
   1.2635230e+06
   1.2637956e+06
   1.2641437e+06
   1.2675340e+06
   1.2686448e+06
   1.2691492e+06
   1.2709875e+06
   1.2716154e+06
   1.2720038e+06
   1.2722315e+06
   1.2724994e+06
   1.2727333e+06
   1.2729645e+06
   1.2732510e+06
   1.2738640e+06
   1.2744978e+06
   1.2747231e+06
   1.2751590e+06
   1.2753256e+06
   1.2755514e+06
   1.2760090e+06
   1.2763047e+06
   1.2777693e+06
   1.2784587e+06
   1.2824824e+06
   1.2828745e+06
   1.2831860e+06
   1.2835593e+06
   1.2838352e+06
   1.2841032e+06
   1.2851690e+06
   1.2854383e+06
   1.2869532e+06
   1.2872483e+06
   1.2885878e+06
   1.2890051e+06
   1.2899669e+06
   1.2909047e+06
   1.2912521e+06
   1.3001059e+06
   1.3002413e+06
   1.3003670e+06
   1.3004799e+06
   1.3006550e+06
   1.3007722e+06
   1.3008919e+06
   1.3010277e+06
   1.3011513e+06
   1.3012811e+06
   1.3014207e+06
   1.3015203e+06
   1.3016653e+06
   1.3018230e+06
   1.3019781e+06
   1.3020980e+06
   1.3022061e+06
   1.3022805e+06
   1.3023698e+06
   1.3024975e+06
   1.3026065e+06
   1.3027231e+06
   1.3028352e+06
   1.3029598e+06
   1.3030357e+06
   1.3031124e+06
   1.3032467e+06
   1.3033633e+06
   1.3034797e+06
   1.3036614e+06
   1.3037528e+06
   1.3038341e+06
   1.3039254e+06
   1.3040347e+06
   1.3041540e+06
   1.3043247e+06
   1.3044206e+06
   1.3045218e+06
   1.3046549e+06
   1.3047674e+06
   1.3048916e+06
   1.3049998e+06
   1.3051039e+06
   1.3052129e+06
   1.3053107e+06
   1.3054422e+06
   1.3055320e+06
   1.3056452e+06
   1.3057423e+06
   1.3058424e+06
   1.3059610e+06
   1.3061024e+06
   1.3061979e+06
   1.3062859e+06
   1.3064426e+06
   1.3065743e+06
   1.3067532e+06
   1.3068851e+06
   1.3069971e+06
   1.3072097e+06
   1.3073341e+06
   1.3074733e+06
   1.3075955e+06
   1.3077334e+06
   1.3078987e+06
   1.3081091e+06
   1.3082262e+06
   1.3083304e+06
   1.3084977e+06
   1.3086234e+06
   1.3087321e+06
   1.3088295e+06
   1.3090867e+06
   1.3091948e+06
   1.3093153e+06
   1.3094690e+06
   1.3095640e+06
   1.3097071e+06
   1.3098444e+06
   1.3099567e+06
   1.3102056e+06
   1.3103646e+06
   1.3104831e+06
   1.3105813e+06
   1.3107412e+06
   1.3109545e+06
   1.3110758e+06
   1.3112376e+06
   1.3113491e+06
   1.3114392e+06
   1.3116140e+06
   1.3117394e+06
   1.3118491e+06
   1.3120655e+06
   1.3121906e+06
   1.3122828e+06
   1.3124539e+06
   1.3125516e+06
   1.3127384e+06
   1.3128649e+06
   1.3129895e+06
   1.3131655e+06
   1.3133700e+06
   1.3135681e+06
   1.3136787e+06
   1.3138966e+06
   1.3141511e+06
   1.3142600e+06
   1.3144085e+06
   1.3145052e+06
   1.3146178e+06
   1.3148861e+06
   1.3150115e+06
   1.3151479e+06
   1.3152365e+06
   1.3153501e+06
   1.3155146e+06
   1.3156080e+06
   1.3157418e+06
   1.3159085e+06
   1.3160183e+06
   1.3161476e+06
   1.3163633e+06
   1.3165139e+06
   1.3166229e+06
   1.3167199e+06
   1.3168541e+06
   1.3169585e+06
   1.3172092e+06
   1.3173240e+06
   1.3174213e+06
   1.3175228e+06
   1.3176305e+06
   1.3178659e+06
   1.3180013e+06
   1.3181459e+06
   1.3182342e+06
   1.3184217e+06
   1.3185148e+06
   1.3186925e+06
   1.3188200e+06
   1.3189886e+06
   1.3191287e+06
   1.3192127e+06
   1.3195369e+06
   1.3197819e+06
   1.3199113e+06
   1.3202566e+06
   1.3221692e+06
   1.3226995e+06
   1.3241743e+06
   1.3248789e+06
   1.3250910e+06
   1.3252459e+06
   1.3255141e+06
   1.3258163e+06
   1.3260754e+06
   1.3281335e+06
   1.3284253e+06
   1.3289450e+06
   1.3293022e+06
   1.3359280e+06
   1.3371391e+06
   1.3376185e+06
   1.3385843e+06
   1.3389669e+06
   1.3396612e+06
   1.3404159e+06
   1.3410958e+06
   1.3441958e+06
   1.3446246e+06
   1.3450342e+06
   1.3490254e+06
   1.3493465e+06
   1.3495508e+06
   1.3498678e+06
   1.3505309e+06
   1.3508877e+06
   1.3510809e+06
   1.3516996e+06
   1.3519215e+06
   1.3601448e+06
   1.3602708e+06
   1.3603759e+06
   1.3604838e+06
   1.3606349e+06
   1.3607235e+06
   1.3608199e+06
   1.3609815e+06
   1.3611087e+06
   1.3613141e+06
   1.3614279e+06
   1.3615313e+06
   1.3616276e+06
   1.3617282e+06
   1.3618439e+06
   1.3619860e+06
   1.3621452e+06
   1.3622789e+06
   1.3623621e+06
   1.3624651e+06
   1.3625764e+06
   1.3626786e+06
   1.3627851e+06
   1.3628944e+06
   1.3630329e+06
   1.3631386e+06
   1.3632842e+06
   1.3633755e+06
   1.3635200e+06
   1.3636351e+06
   1.3637135e+06
   1.3638180e+06
   1.3639105e+06
   1.3640073e+06
   1.3641391e+06
   1.3642494e+06
   1.3643297e+06
   1.3645162e+06
   1.3646098e+06
   1.3647098e+06
   1.3648089e+06
   1.3649178e+06
   1.3650127e+06
   1.3651104e+06
   1.3652167e+06
   1.3653216e+06
   1.3654309e+06
   1.3655568e+06
   1.3656453e+06
   1.3657586e+06
   1.3659066e+06
   1.3660044e+06
   1.3660901e+06
   1.3662004e+06
   1.3663194e+06
   1.3664331e+06
   1.3665768e+06
   1.3667751e+06
   1.3668668e+06
   1.3669810e+06
   1.3672078e+06
   1.3673164e+06
   1.3674537e+06
   1.3675803e+06
   1.3678210e+06
   1.3679129e+06
   1.3680082e+06
   1.3680995e+06
   1.3682665e+06
   1.3683726e+06
   1.3685701e+06
   1.3686888e+06
   1.3688340e+06
   1.3689168e+06
   1.3690388e+06
   1.3692437e+06
   1.3695322e+06
   1.3696142e+06
   1.3697409e+06
   1.3698402e+06
   1.3699409e+06
   1.3700789e+06
   1.3701739e+06
   1.3702886e+06
   1.3703922e+06
   1.3705669e+06
   1.3706723e+06
   1.3707798e+06
   1.3708998e+06
   1.3710524e+06
   1.3711482e+06
   1.3712874e+06
   1.3714828e+06
   1.3715860e+06
   1.3716714e+06
   1.3717750e+06
   1.3719034e+06
   1.3720664e+06
   1.3722237e+06
   1.3723366e+06
   1.3724264e+06
   1.3725214e+06
   1.3726077e+06
   1.3727972e+06
   1.3729080e+06
   1.3730132e+06
   1.3731122e+06
   1.3732194e+06
   1.3733278e+06
   1.3734378e+06
   1.3735467e+06
   1.3736402e+06
   1.3737561e+06
   1.3738648e+06
   1.3741292e+06
   1.3742819e+06
   1.3743661e+06
   1.3745276e+06
   1.3746397e+06
   1.3747328e+06
   1.3749231e+06
   1.3750819e+06
   1.3752200e+06
   1.3753678e+06
   1.3755316e+06
   1.3756560e+06
   1.3757920e+06
   1.3758721e+06
   1.3759992e+06
   1.3761036e+06
   1.3762448e+06
   1.3763992e+06
   1.3765270e+06
   1.3766769e+06
   1.3768388e+06
   1.3770077e+06
   1.3771180e+06
   1.3772808e+06
   1.3775236e+06
   1.3776144e+06
   1.3777264e+06
   1.3778560e+06
   1.3780597e+06
   1.3781778e+06
   1.3784673e+06
   1.3785887e+06
   1.3787083e+06
   1.3788687e+06
   1.3789489e+06
   1.3790410e+06
   1.3791636e+06
   1.3793090e+06
   1.3794277e+06
   1.3795743e+06
   1.3798146e+06
   1.3798963e+06
   1.3805136e+06
   1.3808655e+06
   1.3814496e+06
   1.3816351e+06
   1.3820830e+06
   1.3827380e+06
   1.3831290e+06
   1.3839219e+06
   1.3841830e+06
   1.3850093e+06
   1.3856584e+06
   1.3871167e+06
   1.3883088e+06
   1.3896097e+06
   1.3899943e+06
   1.3904180e+06
   1.3906207e+06
   1.3909431e+06
   1.3914694e+06
   1.3974443e+06
   1.3980464e+06
   1.3983657e+06
   1.3988250e+06
   1.3991177e+06
   1.3994602e+06
   1.4000826e+06
   1.4003522e+06
   1.4008884e+06
   1.4012207e+06
   1.4032322e+06
   1.4076208e+06
   1.4081624e+06
   1.4088130e+06
   1.4109616e+06
   1.4113021e+06
   1.4116526e+06
   1.4120706e+06
   1.4124191e+06
   1.4132120e+06
   1.4162630e+06
   1.4165003e+06
   1.4167817e+06
   1.4171461e+06
   1.4178269e+06
   1.4180285e+06
   1.4190068e+06
   1.4193276e+06
   1.4195338e+06
   1.4200847e+06
   1.4201805e+06
   1.4202868e+06
   1.4204255e+06
   1.4205068e+06
   1.4206395e+06
   1.4207289e+06
   1.4208441e+06
   1.4209433e+06
   1.4210273e+06
   1.4210956e+06
   1.4212093e+06
   1.4213270e+06
   1.4214215e+06
   1.4216015e+06
   1.4216843e+06
   1.4218180e+06
   1.4219032e+06
   1.4220258e+06
   1.4221371e+06
   1.4222317e+06
   1.4223333e+06
   1.4224425e+06
   1.4225843e+06
   1.4227294e+06
   1.4228362e+06
   1.4229403e+06
   1.4231231e+06
   1.4232068e+06
   1.4232992e+06
   1.4234243e+06
   1.4236100e+06
   1.4237202e+06
   1.4238469e+06
   1.4239455e+06
   1.4240255e+06
   1.4241242e+06
   1.4242433e+06
   1.4243817e+06
   1.4245447e+06
   1.4246568e+06
   1.4247629e+06
   1.4248689e+06
   1.4249743e+06
   1.4250715e+06
   1.4251691e+06
   1.4252635e+06
   1.4253922e+06
   1.4255435e+06
   1.4256799e+06
   1.4258026e+06
   1.4259126e+06
   1.4260120e+06
   1.4260786e+06
   1.4261728e+06
   1.4262977e+06
   1.4264326e+06
   1.4265949e+06
   1.4266717e+06
   1.4268537e+06
   1.4269501e+06
   1.4271300e+06
   1.4272557e+06
   1.4274252e+06
   1.4276122e+06
   1.4277179e+06
   1.4278433e+06
   1.4279889e+06
   1.4281216e+06
   1.4282066e+06
   1.4283302e+06
   1.4284164e+06
   1.4285222e+06
   1.4286136e+06
   1.4287595e+06
   1.4288684e+06
   1.4289738e+06
   1.4290651e+06
   1.4291559e+06
   1.4292602e+06
   1.4293763e+06
   1.4295080e+06
   1.4296176e+06
   1.4297715e+06
   1.4299416e+06
   1.4300219e+06
   1.4301357e+06
   1.4302483e+06
   1.4303291e+06
   1.4304152e+06
   1.4305038e+06
   1.4306549e+06
   1.4307579e+06
   1.4308657e+06
   1.4309688e+06
   1.4311012e+06
   1.4312443e+06
   1.4313636e+06
   1.4314864e+06
   1.4316174e+06
   1.4317172e+06
   1.4318291e+06
   1.4319332e+06
   1.4320952e+06
   1.4322648e+06
   1.4324549e+06
   1.4325631e+06
   1.4327353e+06
   1.4328274e+06
   1.4329026e+06
   1.4329877e+06
   1.4330794e+06
   1.4331768e+06
   1.4333127e+06
   1.4334033e+06
   1.4335145e+06
   1.4336233e+06
   1.4337572e+06
   1.4338818e+06
   1.4339725e+06
   1.4341908e+06
   1.4343147e+06
   1.4344491e+06
   1.4346105e+06
   1.4346999e+06
   1.4348019e+06
   1.4349019e+06
   1.4350108e+06
   1.4352214e+06
   1.4353520e+06
   1.4354621e+06
   1.4356074e+06
   1.4356903e+06
   1.4358266e+06
   1.4359304e+06
   1.4360181e+06
   1.4361179e+06
   1.4362461e+06
   1.4363482e+06
   1.4364142e+06
   1.4366631e+06
   1.4367677e+06
   1.4368911e+06
   1.4370039e+06
   1.4371091e+06
   1.4372308e+06
   1.4373415e+06
   1.4374436e+06
   1.4376032e+06
   1.4377557e+06
   1.4378827e+06
   1.4379926e+06
   1.4381428e+06
   1.4382298e+06
   1.4384158e+06
   1.4385229e+06
   1.4387175e+06
   1.4388025e+06
   1.4388844e+06
   1.4389659e+06
   1.4391223e+06
   1.4392490e+06
   1.4393781e+06
   1.4395347e+06
   1.4396717e+06
   1.4397890e+06
   1.4399106e+06
   1.4399964e+06
   1.4402975e+06
   1.4408855e+06
   1.4413285e+06
   1.4415625e+06
   1.4423844e+06
   1.4425968e+06
   1.4430618e+06
   1.4455007e+06
   1.4458821e+06
   1.4460878e+06
   1.4465194e+06
   1.4468181e+06
   1.4479889e+06
   1.4483167e+06
   1.4486959e+06
   1.4492337e+06
   1.4502500e+06
   1.4504256e+06
   1.4506999e+06
   1.4509432e+06
   1.4513134e+06
   1.4515535e+06
   1.4524326e+06
   1.4525963e+06
   1.4529028e+06
   1.4532771e+06
   1.4536074e+06
   1.4538521e+06
   1.4540624e+06
   1.4546762e+06
   1.4549611e+06
   1.4552911e+06
   1.4582972e+06
   1.4585366e+06
   1.4591603e+06
   1.4593762e+06
   1.4611297e+06
   1.4615988e+06
   1.4618869e+06
   1.4624953e+06
   1.4626838e+06
   1.4656501e+06
   1.4658617e+06
   1.4661212e+06
   1.4662870e+06
   1.4668826e+06
   1.4671809e+06
   1.4675401e+06
   1.4695823e+06
   1.4710677e+06
   1.4719832e+06
   1.4723135e+06
   1.4730571e+06
   1.4733681e+06
   1.4800972e+06
   1.4802004e+06
   1.4802996e+06
   1.4804043e+06
   1.4805191e+06
   1.4806731e+06
   1.4807488e+06
   1.4808288e+06
   1.4809671e+06
   1.4810499e+06
   1.4811632e+06
   1.4812848e+06
   1.4813830e+06
   1.4814881e+06
   1.4815732e+06
   1.4816568e+06
   1.4817568e+06
   1.4818523e+06
   1.4819554e+06
   1.4820850e+06
   1.4821725e+06
   1.4822694e+06
   1.4823660e+06
   1.4824401e+06
   1.4825491e+06
   1.4826573e+06
   1.4827343e+06
   1.4828216e+06
   1.4829145e+06
   1.4829901e+06
   1.4830838e+06
   1.4832033e+06
   1.4832959e+06
   1.4833723e+06
   1.4834635e+06
   1.4835542e+06
   1.4836416e+06
   1.4837494e+06
   1.4838384e+06
   1.4839338e+06
   1.4840190e+06
   1.4841142e+06
   1.4842055e+06
   1.4843209e+06
   1.4844152e+06
   1.4844946e+06
   1.4845898e+06
   1.4847291e+06
   1.4848226e+06
   1.4849324e+06
   1.4850320e+06
   1.4851485e+06
   1.4852412e+06
   1.4853618e+06
   1.4854449e+06
   1.4855354e+06
   1.4856164e+06
   1.4857013e+06
   1.4857804e+06
   1.4858707e+06
   1.4860337e+06
   1.4861285e+06
   1.4862886e+06
   1.4864169e+06
   1.4865286e+06
   1.4866205e+06
   1.4867086e+06
   1.4867755e+06
   1.4868424e+06
   1.4869494e+06
   1.4872030e+06
   1.4873067e+06
   1.4873972e+06
   1.4875040e+06
   1.4875904e+06
   1.4877238e+06
   1.4878026e+06
   1.4879174e+06
   1.4880619e+06
   1.4881984e+06
   1.4882902e+06
   1.4884035e+06
   1.4885064e+06
   1.4885924e+06
   1.4886805e+06
   1.4887871e+06
   1.4888711e+06
   1.4889584e+06
   1.4890743e+06
   1.4891652e+06
   1.4893443e+06
   1.4894429e+06
   1.4895813e+06
   1.4897298e+06
   1.4898316e+06
   1.4899131e+06
   1.4899941e+06
   1.4900845e+06
   1.4901892e+06
   1.4902635e+06
   1.4903595e+06
   1.4904458e+06
   1.4905353e+06
   1.4906203e+06
   1.4907250e+06
   1.4908393e+06
   1.4909631e+06
   1.4910697e+06
   1.4911676e+06
   1.4912856e+06
   1.4913914e+06
   1.4915266e+06
   1.4916190e+06
   1.4917020e+06
   1.4917850e+06
   1.4919210e+06
   1.4920248e+06
   1.4921168e+06
   1.4921914e+06
   1.4922996e+06
   1.4924192e+06
   1.4925168e+06
   1.4926465e+06
   1.4927606e+06
   1.4928915e+06
   1.4929732e+06
   1.4930588e+06
   1.4931472e+06
   1.4932118e+06
   1.4933442e+06
   1.4935280e+06
   1.4936351e+06
   1.4937142e+06
   1.4938045e+06
   1.4938942e+06
   1.4941083e+06
   1.4942071e+06
   1.4943804e+06
   1.4945151e+06
   1.4946026e+06
   1.4947330e+06
   1.4948224e+06
   1.4949374e+06
   1.4950095e+06
   1.4951288e+06
   1.4952252e+06
   1.4953596e+06
   1.4954503e+06
   1.4955560e+06
   1.4956400e+06
   1.4957278e+06
   1.4958824e+06
   1.4960203e+06
   1.4961428e+06
   1.4962679e+06
   1.4963545e+06
   1.4964827e+06
   1.4965844e+06
   1.4967079e+06
   1.4968028e+06
   1.4968969e+06
   1.4969721e+06
   1.4971178e+06
   1.4972639e+06
   1.4973711e+06
   1.4974767e+06
   1.4976001e+06
   1.4976771e+06
   1.4977530e+06
   1.4978495e+06
   1.4979819e+06
   1.4980533e+06
   1.4981420e+06
   1.4982338e+06
   1.4983084e+06
   1.4984185e+06
   1.4985217e+06
   1.4986047e+06
   1.4987283e+06
   1.4988369e+06
   1.4989790e+06
   1.4990587e+06
   1.4991574e+06
   1.4993003e+06
   1.4994161e+06
   1.4995131e+06
   1.4996032e+06
   1.4996973e+06
   1.4998245e+06
   1.4999344e+06
   1.5004360e+06
   1.5010841e+06
   1.5013795e+06
   1.5021583e+06
   1.5024046e+06
   1.5029770e+06
   1.5034417e+06
   1.5051364e+06
   1.5061056e+06
   1.5065125e+06
   1.5069133e+06
   1.5073616e+06
   1.5075977e+06
   1.5078272e+06
   1.5081736e+06
   1.5088963e+06
   1.5093496e+06
   1.5094821e+06
   1.5099114e+06
   1.5101745e+06
   1.5107120e+06
   1.5117415e+06
   1.5120617e+06
   1.5130590e+06
   1.5138534e+06
   1.5146132e+06
   1.5149391e+06
   1.5152059e+06
   1.5178148e+06
   1.5183600e+06
   1.5188953e+06
   1.5192851e+06
   1.5200390e+06
   1.5204854e+06
   1.5207380e+06
   1.5209752e+06
   1.5213526e+06
   1.5218310e+06
   1.5228378e+06
   1.5288542e+06
   1.5291921e+06
   1.5297619e+06
   1.5299888e+06
   1.5318167e+06
   1.5320600e+06
   1.5337000e+06
   1.5343568e+06
   1.5347499e+06
   1.5355995e+06
   1.5400832e+06
   1.5402014e+06
   1.5403244e+06
   1.5404142e+06
   1.5405120e+06
   1.5406575e+06
   1.5407436e+06
   1.5408204e+06
   1.5409117e+06
   1.5409950e+06
   1.5410784e+06
   1.5411665e+06
   1.5412760e+06
   1.5413875e+06
   1.5414900e+06
   1.5415788e+06
   1.5416854e+06
   1.5417652e+06
   1.5418495e+06
   1.5419459e+06
   1.5420391e+06
   1.5421567e+06
   1.5422973e+06
   1.5423821e+06
   1.5424802e+06
   1.5425701e+06
   1.5426550e+06
   1.5427804e+06
   1.5428762e+06
   1.5430104e+06
   1.5431378e+06
   1.5432325e+06
   1.5433348e+06
   1.5434494e+06
   1.5435251e+06
   1.5436228e+06
   1.5437582e+06
   1.5439490e+06
   1.5441232e+06
   1.5442349e+06
   1.5443281e+06
   1.5444136e+06
   1.5445672e+06
   1.5446708e+06
   1.5447436e+06
   1.5448426e+06
   1.5449583e+06
   1.5450635e+06
   1.5451646e+06
   1.5452760e+06
   1.5453672e+06
   1.5454362e+06
   1.5455128e+06
   1.5456247e+06
   1.5457317e+06
   1.5458191e+06
   1.5459139e+06
   1.5460092e+06
   1.5461193e+06
   1.5462134e+06
   1.5463134e+06
   1.5464007e+06
   1.5465316e+06
   1.5466422e+06
   1.5467259e+06
   1.5468593e+06
   1.5469487e+06
   1.5472104e+06
   1.5473115e+06
   1.5474880e+06
   1.5475926e+06
   1.5477112e+06
   1.5477791e+06
   1.5479293e+06
   1.5480741e+06
   1.5481368e+06
   1.5482802e+06
   1.5483769e+06
   1.5484860e+06
   1.5485597e+06
   1.5486661e+06
   1.5487799e+06
   1.5488663e+06
   1.5489776e+06
   1.5490565e+06
   1.5491731e+06
   1.5492664e+06
   1.5493661e+06
   1.5494639e+06
   1.5495842e+06
   1.5496830e+06
   1.5497658e+06
   1.5498771e+06
   1.5499787e+06
   1.5501688e+06
   1.5502762e+06
   1.5503642e+06
   1.5504641e+06
   1.5505930e+06
   1.5506928e+06
   1.5508019e+06
   1.5509075e+06
   1.5510064e+06
   1.5511177e+06
   1.5512113e+06
   1.5513237e+06
   1.5514338e+06
   1.5516432e+06
   1.5517622e+06
   1.5518524e+06
   1.5519151e+06
   1.5519912e+06
   1.5521008e+06
   1.5521659e+06
   1.5523003e+06
   1.5524042e+06
   1.5525255e+06
   1.5526481e+06
   1.5527453e+06
   1.5529068e+06
   1.5530577e+06
   1.5531770e+06
   1.5532803e+06
   1.5533816e+06
   1.5534570e+06
   1.5535690e+06
   1.5536885e+06
   1.5537831e+06
   1.5538542e+06
   1.5539279e+06
   1.5541407e+06
   1.5542281e+06
   1.5543053e+06
   1.5544080e+06
   1.5544983e+06
   1.5546228e+06
   1.5547065e+06
   1.5548222e+06
   1.5549316e+06
   1.5550450e+06
   1.5551853e+06
   1.5552717e+06
   1.5553541e+06
   1.5554563e+06
   1.5555689e+06
   1.5556502e+06
   1.5557522e+06
   1.5558327e+06
   1.5559335e+06
   1.5560474e+06
   1.5561614e+06
   1.5562519e+06
   1.5563666e+06
   1.5564838e+06
   1.5565850e+06
   1.5566761e+06
   1.5567644e+06
   1.5568568e+06
   1.5569226e+06
   1.5570011e+06
   1.5571076e+06
   1.5572013e+06
   1.5573002e+06
   1.5574747e+06
   1.5575936e+06
   1.5576945e+06
   1.5578375e+06
   1.5579473e+06
   1.5580496e+06
   1.5581748e+06
   1.5582948e+06
   1.5583955e+06
   1.5584713e+06
   1.5585660e+06
   1.5586460e+06
   1.5587715e+06
   1.5589207e+06
   1.5590532e+06
   1.5591505e+06
   1.5592458e+06
   1.5593431e+06
   1.5594397e+06
   1.5595438e+06
   1.5596341e+06
   1.5597317e+06
   1.5598085e+06
   1.5599436e+06
   1.5602268e+06
   1.5604579e+06
   1.5607292e+06
   1.5616770e+06
   1.5633654e+06
   1.5637348e+06
   1.5641742e+06
   1.5644900e+06
   1.5661658e+06
   1.5663044e+06
   1.5666121e+06
   1.5668322e+06
   1.5675278e+06
   1.5677788e+06
   1.5683136e+06
   1.5694164e+06
   1.5699298e+06
   1.5821007e+06
   1.5822845e+06
   1.5828407e+06
   1.5832578e+06
   1.5843881e+06
   1.5846176e+06
   1.5849932e+06
   1.5881876e+06
   1.5885039e+06
   1.5887162e+06
   1.5893010e+06
   1.6000869e+06
   1.6001737e+06
   1.6002507e+06
   1.6003440e+06
   1.6004407e+06
   1.6005124e+06
   1.6005938e+06
   1.6006653e+06
   1.6007780e+06
   1.6008500e+06
   1.6009581e+06
   1.6010583e+06
   1.6011191e+06
   1.6012335e+06
   1.6013276e+06
   1.6014188e+06
   1.6015179e+06
   1.6015898e+06
   1.6016903e+06
   1.6017688e+06
   1.6018664e+06
   1.6019597e+06
   1.6020577e+06
   1.6021371e+06
   1.6022454e+06
   1.6023262e+06
   1.6024451e+06
   1.6025391e+06
   1.6026301e+06
   1.6027160e+06
   1.6029122e+06
   1.6029985e+06
   1.6031575e+06
   1.6032420e+06
   1.6033159e+06
   1.6033988e+06
   1.6035465e+06
   1.6036148e+06
   1.6037022e+06
   1.6037662e+06
   1.6038654e+06
   1.6039529e+06
   1.6040290e+06
   1.6040999e+06
   1.6042063e+06
   1.6042949e+06
   1.6043849e+06
   1.6044987e+06
   1.6046017e+06
   1.6047208e+06
   1.6048343e+06
   1.6049139e+06
   1.6050066e+06
   1.6051352e+06
   1.6052188e+06
   1.6053031e+06
   1.6053845e+06
   1.6054925e+06
   1.6056008e+06
   1.6056766e+06
   1.6057899e+06
   1.6058806e+06
   1.6059405e+06
   1.6060596e+06
   1.6061595e+06
   1.6062888e+06
   1.6064066e+06
   1.6064907e+06
   1.6065712e+06
   1.6066534e+06
   1.6067410e+06
   1.6068546e+06
   1.6069836e+06
   1.6071438e+06
   1.6072633e+06
   1.6073526e+06
   1.6074295e+06
   1.6075457e+06
   1.6076375e+06
   1.6077163e+06
   1.6078274e+06
   1.6079167e+06
   1.6080061e+06
   1.6081334e+06
   1.6082313e+06
   1.6083222e+06
   1.6084385e+06
   1.6085203e+06
   1.6086086e+06
   1.6087026e+06
   1.6087896e+06
   1.6088769e+06
   1.6089698e+06
   1.6090514e+06
   1.6091302e+06
   1.6091994e+06
   1.6092961e+06
   1.6093881e+06
   1.6094780e+06
   1.6095642e+06
   1.6096791e+06
   1.6098016e+06
   1.6098770e+06
   1.6099741e+06
   1.6100614e+06
   1.6101498e+06
   1.6103026e+06
   1.6104069e+06
   1.6105034e+06
   1.6106617e+06
   1.6107374e+06
   1.6108335e+06
   1.6109462e+06
   1.6110250e+06
   1.6111415e+06
   1.6112334e+06
   1.6113465e+06
   1.6114528e+06
   1.6115549e+06
   1.6116359e+06
   1.6117448e+06
   1.6118348e+06
   1.6119099e+06
   1.6119980e+06
   1.6120900e+06
   1.6121854e+06
   1.6122754e+06
   1.6123693e+06
   1.6124543e+06
   1.6125253e+06
   1.6126154e+06
   1.6126856e+06
   1.6127802e+06
   1.6128663e+06
   1.6129606e+06
   1.6130722e+06
   1.6131846e+06
   1.6132977e+06
   1.6133830e+06
   1.6134755e+06
   1.6135847e+06
   1.6136954e+06
   1.6137873e+06
   1.6138816e+06
   1.6139685e+06
   1.6141783e+06
   1.6142862e+06
   1.6143894e+06
   1.6145126e+06
   1.6146064e+06
   1.6146971e+06
   1.6148103e+06
   1.6149380e+06
   1.6150262e+06
   1.6151103e+06
   1.6152146e+06
   1.6153018e+06
   1.6153974e+06
   1.6155579e+06
   1.6156548e+06
   1.6157512e+06
   1.6158609e+06
   1.6159463e+06
   1.6160375e+06
   1.6161333e+06
   1.6162285e+06
   1.6163078e+06
   1.6163881e+06
   1.6165423e+06
   1.6167206e+06
   1.6168434e+06
   1.6169155e+06
   1.6170031e+06
   1.6170854e+06
   1.6171928e+06
   1.6172975e+06
   1.6174647e+06
   1.6175795e+06
   1.6176399e+06
   1.6177211e+06
   1.6178064e+06
   1.6178736e+06
   1.6179709e+06
   1.6180578e+06
   1.6181666e+06
   1.6182852e+06
   1.6183749e+06
   1.6184895e+06
   1.6185957e+06
   1.6186777e+06
   1.6187712e+06
   1.6189002e+06
   1.6189708e+06
   1.6190591e+06
   1.6191755e+06
   1.6193237e+06
   1.6194228e+06
   1.6195470e+06
   1.6196390e+06
   1.6197580e+06
   1.6198905e+06
   1.6199798e+06
   1.6204315e+06
   1.6209269e+06
   1.6234713e+06
   1.6239382e+06
   1.6242500e+06
   1.6244594e+06
   1.6246978e+06
   1.6257689e+06
   1.6263519e+06
   1.6300188e+06
   1.6303153e+06
   1.6332045e+06
   1.6337771e+06
   1.6343227e+06
   1.6356558e+06
   1.6362627e+06
   1.6367927e+06
   1.6369837e+06
   1.6393947e+06
   1.6400303e+06
   1.6402462e+06
   1.6412699e+06
   1.6417108e+06
   1.6421251e+06
   1.6433435e+06
   1.6444519e+06
   1.6448088e+06
   1.6451517e+06
   1.6454175e+06
   1.6457955e+06
   1.6460118e+06
   1.6466981e+06
   1.6474443e+06
   1.6477842e+06
   1.6481113e+06
   1.6489766e+06
   1.6492378e+06
   1.6494953e+06
   1.6496921e+06
   1.6499188e+06
   1.6502863e+06
   1.6508031e+06
   1.6512949e+06
   1.6533949e+06
   1.6538051e+06
   1.6539586e+06
   1.6542962e+06
   1.6547709e+06
   1.6552963e+06
   1.6554832e+06
   1.6556478e+06
   1.6564402e+06
   1.6575502e+06
   1.6581854e+06
   1.6593684e+06
   1.6600848e+06
   1.6601654e+06
   1.6602432e+06
   1.6603086e+06
   1.6603898e+06
   1.6604672e+06
   1.6605498e+06
   1.6606319e+06
   1.6607073e+06
   1.6608237e+06
   1.6609056e+06
   1.6610022e+06
   1.6611345e+06
   1.6612374e+06
   1.6613328e+06
   1.6613977e+06
   1.6614740e+06
   1.6615854e+06
   1.6617022e+06
   1.6617903e+06
   1.6618562e+06
   1.6619218e+06
   1.6620053e+06
   1.6620759e+06
   1.6621574e+06
   1.6622299e+06
   1.6623082e+06
   1.6623938e+06
   1.6624526e+06
   1.6625380e+06
   1.6626196e+06
   1.6627025e+06
   1.6628083e+06
   1.6629538e+06
   1.6630286e+06
   1.6631062e+06
   1.6631900e+06
   1.6632851e+06
   1.6633799e+06
   1.6634736e+06
   1.6635888e+06
   1.6636770e+06
   1.6637586e+06
   1.6638606e+06
   1.6639567e+06
   1.6640214e+06
   1.6641015e+06
   1.6642307e+06
   1.6643063e+06
   1.6643886e+06
   1.6644845e+06
   1.6645583e+06
   1.6646617e+06
   1.6647548e+06
   1.6648421e+06
   1.6650206e+06
   1.6651103e+06
   1.6652199e+06
   1.6652921e+06
   1.6653736e+06
   1.6654752e+06
   1.6655588e+06
   1.6656899e+06
   1.6657790e+06
   1.6658514e+06
   1.6659288e+06
   1.6660440e+06
   1.6661734e+06
   1.6664484e+06
   1.6665319e+06
   1.6666502e+06
   1.6667558e+06
   1.6668454e+06
   1.6669488e+06
   1.6671203e+06
   1.6672181e+06
   1.6672867e+06
   1.6674283e+06
   1.6675075e+06
   1.6675877e+06
   1.6676734e+06
   1.6677667e+06
   1.6678914e+06
   1.6679942e+06
   1.6680724e+06
   1.6681652e+06
   1.6682430e+06
   1.6683313e+06
   1.6684046e+06
   1.6685002e+06
   1.6685946e+06
   1.6687595e+06
   1.6688431e+06
   1.6690261e+06
   1.6691170e+06
   1.6692231e+06
   1.6692995e+06
   1.6693821e+06
   1.6695336e+06
   1.6696125e+06
   1.6696937e+06
   1.6697741e+06
   1.6698675e+06
   1.6699848e+06
   1.6700833e+06
   1.6701657e+06
   1.6702644e+06
   1.6703565e+06
   1.6704489e+06
   1.6705216e+06
   1.6705969e+06
   1.6706961e+06
   1.6707918e+06
   1.6708705e+06
   1.6709514e+06
   1.6710348e+06
   1.6711253e+06
   1.6712413e+06
   1.6713480e+06
   1.6714111e+06
   1.6714937e+06
   1.6715698e+06
   1.6716498e+06
   1.6717342e+06
   1.6718001e+06
   1.6718795e+06
   1.6719575e+06
   1.6720439e+06
   1.6721215e+06
   1.6722120e+06
   1.6722937e+06
   1.6724108e+06
   1.6725056e+06
   1.6726067e+06
   1.6726960e+06
   1.6728139e+06
   1.6729451e+06
   1.6730147e+06
   1.6731188e+06
   1.6732046e+06
   1.6733435e+06
   1.6734257e+06
   1.6735102e+06
   1.6736160e+06
   1.6737051e+06
   1.6738056e+06
   1.6739016e+06
   1.6740851e+06
   1.6741603e+06
   1.6742309e+06
   1.6743395e+06
   1.6744179e+06
   1.6746312e+06
   1.6746878e+06
   1.6747976e+06
   1.6749045e+06
   1.6750649e+06
   1.6751693e+06
   1.6752695e+06
   1.6753458e+06
   1.6754689e+06
   1.6755580e+06
   1.6757184e+06
   1.6757932e+06
   1.6759141e+06
   1.6760199e+06
   1.6761302e+06
   1.6762435e+06
   1.6763185e+06
   1.6764243e+06
   1.6764966e+06
   1.6766180e+06
   1.6767468e+06
   1.6768448e+06
   1.6769630e+06
   1.6770630e+06
   1.6771518e+06
   1.6772549e+06
   1.6773469e+06
   1.6774409e+06
   1.6775244e+06
   1.6776358e+06
   1.6777291e+06
   1.6778058e+06
   1.6779094e+06
   1.6780096e+06
   1.6780914e+06
   1.6781648e+06
   1.6782453e+06
   1.6783177e+06
   1.6784291e+06
   1.6785324e+06
   1.6786176e+06
   1.6787271e+06
   1.6788512e+06
   1.6789735e+06
   1.6790667e+06
   1.6791464e+06
   1.6792433e+06
   1.6793314e+06
   1.6794230e+06
   1.6795434e+06
   1.6796265e+06
   1.6797128e+06
   1.6798186e+06
   1.6799035e+06
   1.6799860e+06
   1.6805468e+06
   1.6809171e+06
   1.6811529e+06
   1.6833280e+06
   1.6838040e+06
   1.6842252e+06
   1.6845785e+06
   1.6859230e+06
   1.6861009e+06
   1.6865398e+06
   1.6867416e+06
   1.6869575e+06
   1.6871649e+06
   1.6880663e+06
   1.6886278e+06
   1.6893231e+06
   1.6895815e+06
   1.6899034e+06
   1.6903758e+06
   1.6910331e+06
   1.6914455e+06
   1.6916462e+06
   1.6920016e+06
   1.6923758e+06
   1.6930126e+06
   1.6933739e+06
   1.6937275e+06
   1.6945202e+06
   1.6947343e+06
   1.6957062e+06
   1.6961621e+06
   1.6986249e+06
   1.6988126e+06
   1.6992133e+06
   1.6993739e+06
   1.6998128e+06
   1.7002129e+06
   1.7020691e+06
   1.7025717e+06
   1.7036075e+06
   1.7040569e+06
   1.7043375e+06
   1.7108013e+06
   1.7112898e+06
   1.7116651e+06
   1.7139697e+06
   1.7141351e+06
   1.7183481e+06
   1.7189824e+06
   1.7193013e+06
   1.7196873e+06
   1.7200806e+06
   1.7201822e+06
   1.7202700e+06
   1.7203739e+06
   1.7204454e+06
   1.7205258e+06
   1.7206320e+06
   1.7207347e+06
   1.7208180e+06
   1.7209206e+06
   1.7210039e+06
   1.7211094e+06
   1.7211958e+06
   1.7212646e+06
   1.7213885e+06
   1.7214552e+06
   1.7215493e+06
   1.7216306e+06
   1.7217062e+06
   1.7218039e+06
   1.7218930e+06
   1.7220189e+06
   1.7220960e+06
   1.7221572e+06
   1.7222457e+06
   1.7223450e+06
   1.7224359e+06
   1.7225419e+06
   1.7226291e+06
   1.7227183e+06
   1.7228086e+06
   1.7228751e+06
   1.7229615e+06
   1.7230384e+06
   1.7231240e+06
   1.7231970e+06
   1.7232766e+06
   1.7233573e+06
   1.7234448e+06
   1.7235297e+06
   1.7236424e+06
   1.7237121e+06
   1.7238111e+06
   1.7238979e+06
   1.7239929e+06
   1.7240778e+06
   1.7241632e+06
   1.7242454e+06
   1.7243224e+06
   1.7244063e+06
   1.7245296e+06
   1.7246076e+06
   1.7246785e+06
   1.7247816e+06
   1.7248678e+06
   1.7250068e+06
   1.7250715e+06
   1.7251463e+06
   1.7252290e+06
   1.7253147e+06
   1.7253939e+06
   1.7254718e+06
   1.7255514e+06
   1.7256700e+06
   1.7257577e+06
   1.7258349e+06
   1.7259224e+06
   1.7259973e+06
   1.7260630e+06
   1.7261701e+06
   1.7262542e+06
   1.7263227e+06
   1.7264124e+06
   1.7265617e+06
   1.7266867e+06
   1.7267761e+06
   1.7268626e+06
   1.7269643e+06
   1.7271849e+06
   1.7272604e+06
   1.7273464e+06
   1.7274328e+06
   1.7275256e+06
   1.7276369e+06
   1.7277119e+06
   1.7278184e+06
   1.7278896e+06
   1.7279632e+06
   1.7281119e+06
   1.7282229e+06
   1.7283088e+06
   1.7283891e+06
   1.7284787e+06
   1.7285647e+06
   1.7286371e+06
   1.7287129e+06
   1.7288014e+06
   1.7288671e+06
   1.7289380e+06
   1.7290172e+06
   1.7291451e+06
   1.7292201e+06
   1.7292944e+06
   1.7293818e+06
   1.7294773e+06
   1.7295657e+06
   1.7296507e+06
   1.7297628e+06
   1.7298481e+06
   1.7299471e+06
   1.7300325e+06
   1.7301172e+06
   1.7302189e+06
   1.7302893e+06
   1.7303971e+06
   1.7304872e+06
   1.7306340e+06
   1.7307104e+06
   1.7308036e+06
   1.7308819e+06
   1.7309921e+06
   1.7311514e+06
   1.7312795e+06
   1.7313764e+06
   1.7314559e+06
   1.7315469e+06
   1.7316478e+06
   1.7317219e+06
   1.7318363e+06
   1.7319530e+06
   1.7320320e+06
   1.7321080e+06
   1.7321944e+06
   1.7322719e+06
   1.7323468e+06
   1.7325064e+06
   1.7325777e+06
   1.7326895e+06
   1.7327672e+06
   1.7328662e+06
   1.7329303e+06
   1.7330114e+06
   1.7330947e+06
   1.7331808e+06
   1.7332560e+06
   1.7333650e+06
   1.7335011e+06
   1.7335793e+06
   1.7336579e+06
   1.7337532e+06
   1.7338444e+06
   1.7339472e+06
   1.7341274e+06
   1.7342255e+06
   1.7343054e+06
   1.7344390e+06
   1.7345425e+06
   1.7346447e+06
   1.7347261e+06
   1.7348061e+06
   1.7348858e+06
   1.7349579e+06
   1.7350490e+06
   1.7351531e+06
   1.7352690e+06
   1.7353712e+06
   1.7354759e+06
   1.7355724e+06
   1.7356750e+06
   1.7357599e+06
   1.7358336e+06
   1.7359306e+06
   1.7360195e+06
   1.7360869e+06
   1.7362003e+06
   1.7362837e+06
   1.7363857e+06
   1.7364867e+06
   1.7365660e+06
   1.7366434e+06
   1.7367367e+06
   1.7368308e+06
   1.7369165e+06
   1.7369944e+06
   1.7371059e+06
   1.7372428e+06
   1.7373253e+06
   1.7374223e+06
   1.7375039e+06
   1.7375923e+06
   1.7376671e+06
   1.7377587e+06
   1.7378461e+06
   1.7379248e+06
   1.7380222e+06
   1.7381101e+06
   1.7381893e+06
   1.7382650e+06
   1.7383298e+06
   1.7384624e+06
   1.7385607e+06
   1.7386709e+06
   1.7387499e+06
   1.7388754e+06
   1.7389546e+06
   1.7390210e+06
   1.7391322e+06
   1.7392130e+06
   1.7393081e+06
   1.7393932e+06
   1.7395184e+06
   1.7396083e+06
   1.7397381e+06
   1.7398259e+06
   1.7402417e+06
   1.7405760e+06
   1.7409143e+06
   1.7470699e+06
   1.7490335e+06
   1.7495766e+06
   1.7516148e+06
   1.7519097e+06
   1.7521006e+06
   1.7523960e+06
   1.7526301e+06
   1.7557091e+06
   1.7603813e+06
   1.7606110e+06
   1.7607888e+06
   1.7612391e+06
   1.7615171e+06
   1.7623632e+06
   1.7626627e+06
   1.7629377e+06
   1.7751572e+06
   1.7755109e+06
   1.7760161e+06
   1.7780933e+06
   1.7784423e+06
   1.7787345e+06
   1.7793148e+06
   1.7796390e+06
   1.7800717e+06
   1.7801469e+06
   1.7802438e+06
   1.7803144e+06
   1.7803821e+06
   1.7804462e+06
   1.7805593e+06
   1.7806349e+06
   1.7807132e+06
   1.7808052e+06
   1.7808759e+06
   1.7809494e+06
   1.7810302e+06
   1.7811132e+06
   1.7811951e+06
   1.7812916e+06
   1.7813749e+06
   1.7814462e+06
   1.7815400e+06
   1.7816085e+06
   1.7816848e+06
   1.7817549e+06
   1.7818199e+06
   1.7818912e+06
   1.7819654e+06
   1.7820693e+06
   1.7821417e+06
   1.7822227e+06
   1.7823018e+06
   1.7823681e+06
   1.7824275e+06
   1.7825058e+06
   1.7825880e+06
   1.7826598e+06
   1.7827332e+06
   1.7828173e+06
   1.7829560e+06
   1.7830343e+06
   1.7830941e+06
   1.7831978e+06
   1.7833674e+06
   1.7834580e+06
   1.7835356e+06
   1.7835929e+06
   1.7836693e+06
   1.7837437e+06
   1.7838164e+06
   1.7839061e+06
   1.7840125e+06
   1.7841058e+06
   1.7841954e+06
   1.7842800e+06
   1.7843588e+06
   1.7844293e+06
   1.7845239e+06
   1.7846002e+06
   1.7846844e+06
   1.7847707e+06
   1.7848514e+06
   1.7849517e+06
   1.7850230e+06
   1.7851013e+06
   1.7851587e+06
   1.7852320e+06
   1.7853067e+06
   1.7853774e+06
   1.7854691e+06
   1.7855435e+06
   1.7856461e+06
   1.7857273e+06
   1.7858229e+06
   1.7859001e+06
   1.7859979e+06
   1.7860890e+06
   1.7861675e+06
   1.7862391e+06
   1.7863581e+06
   1.7864567e+06
   1.7865565e+06
   1.7866281e+06
   1.7866923e+06
   1.7867510e+06
   1.7868470e+06
   1.7869111e+06
   1.7869883e+06
   1.7871360e+06
   1.7872278e+06
   1.7872884e+06
   1.7873652e+06
   1.7874499e+06
   1.7875227e+06
   1.7875929e+06
   1.7876551e+06
   1.7877387e+06
   1.7878337e+06
   1.7879934e+06
   1.7881070e+06
   1.7881984e+06
   1.7882887e+06
   1.7883800e+06
   1.7884864e+06
   1.7885973e+06
   1.7886856e+06
   1.7887752e+06
   1.7888449e+06
   1.7889028e+06
   1.7889791e+06
   1.7890549e+06
   1.7891300e+06
   1.7892128e+06
   1.7892754e+06
   1.7893425e+06
   1.7894234e+06
   1.7895090e+06
   1.7895779e+06
   1.7897249e+06
   1.7898319e+06
   1.7899210e+06
   1.7899960e+06
   1.7900683e+06
   1.7901498e+06
   1.7902458e+06
   1.7903216e+06
   1.7904235e+06
   1.7905138e+06
   1.7906153e+06
   1.7907011e+06
   1.7907674e+06
   1.7908830e+06
   1.7909418e+06
   1.7910194e+06
   1.7911162e+06
   1.7911887e+06
   1.7912720e+06
   1.7913645e+06
   1.7914417e+06
   1.7915252e+06
   1.7916081e+06
   1.7916881e+06
   1.7917721e+06
   1.7918873e+06
   1.7919692e+06
   1.7920620e+06
   1.7921573e+06
   1.7922350e+06
   1.7923495e+06
   1.7924462e+06
   1.7925433e+06
   1.7926276e+06
   1.7927050e+06
   1.7927778e+06
   1.7928860e+06
   1.7929897e+06
   1.7930732e+06
   1.7931759e+06
   1.7932498e+06
   1.7933507e+06
   1.7934155e+06
   1.7934847e+06
   1.7935718e+06
   1.7936902e+06
   1.7937894e+06
   1.7938784e+06
   1.7939463e+06
   1.7941093e+06
   1.7941706e+06
   1.7942296e+06
   1.7943180e+06
   1.7944351e+06
   1.7945242e+06
   1.7946285e+06
   1.7947910e+06
   1.7948690e+06
   1.7949648e+06
   1.7950562e+06
   1.7951297e+06
   1.7952342e+06
   1.7953159e+06
   1.7953943e+06
   1.7954970e+06
   1.7956052e+06
   1.7957136e+06
   1.7958099e+06
   1.7958780e+06
   1.7959940e+06
   1.7960724e+06
   1.7961502e+06
   1.7962288e+06
   1.7963507e+06
   1.7964315e+06
   1.7965211e+06
   1.7966023e+06
   1.7966930e+06
   1.7968019e+06
   1.7968810e+06
   1.7969967e+06
   1.7970624e+06
   1.7971420e+06
   1.7972200e+06
   1.7973038e+06
   1.7973814e+06
   1.7974584e+06
   1.7975411e+06
   1.7976097e+06
   1.7976962e+06
   1.7977585e+06
   1.7978900e+06
   1.7979810e+06
   1.7980823e+06
   1.7981551e+06
   1.7982354e+06
   1.7983231e+06
   1.7984070e+06
   1.7985366e+06
   1.7986290e+06
   1.7987722e+06
   1.7988803e+06
   1.7989729e+06
   1.7990822e+06
   1.7991538e+06
   1.7992396e+06
   1.7993249e+06
   1.7994052e+06
   1.7994740e+06
   1.7995478e+06
   1.7996634e+06
   1.7997607e+06
   1.7998511e+06
   1.7999134e+06
   1.8002588e+06
   1.8008686e+06
   1.8013836e+06
   1.8020138e+06
   1.8024383e+06
   1.8028087e+06
   1.8030978e+06
   1.8033713e+06
   1.8038279e+06
   1.8044031e+06
   1.8045933e+06
   1.8050158e+06
   1.8055689e+06
   1.8058583e+06
   1.8081457e+06
   1.8093877e+06
   1.8096909e+06
   1.8104205e+06
   1.8106659e+06
   1.8111099e+06
   1.8124324e+06
   1.8200387e+06
   1.8203465e+06
   1.8209629e+06
   1.8211411e+06
   1.8218173e+06
   1.8221123e+06
   1.8223303e+06
   1.8225967e+06
   1.8231610e+06
   1.8241749e+06
   1.8244438e+06
   1.8248050e+06
   1.8252191e+06
   1.8257244e+06
   1.8261480e+06
   1.8264677e+06
   1.8267625e+06
   1.8269328e+06
   1.8271958e+06
   1.8275116e+06
   1.8278147e+06
   1.8281122e+06
   1.8288088e+06
   1.8301938e+06
   1.8308626e+06
   1.8331150e+06
   1.8335982e+06
   1.8342659e+06
   1.8346688e+06
   1.8354292e+06
   1.8374175e+06
   1.8400570e+06
   1.8401251e+06
   1.8402182e+06
   1.8402936e+06
   1.8403637e+06
   1.8404413e+06
   1.8405180e+06
   1.8406005e+06
   1.8406890e+06
   1.8407652e+06
   1.8408324e+06
   1.8409061e+06
   1.8409650e+06
   1.8410397e+06
   1.8411044e+06
   1.8411815e+06
   1.8412706e+06
   1.8413465e+06
   1.8414201e+06
   1.8415098e+06
   1.8415905e+06
   1.8416593e+06
   1.8417360e+06
   1.8418116e+06
   1.8418832e+06
   1.8419728e+06
   1.8420380e+06
   1.8421163e+06
   1.8421963e+06
   1.8422689e+06
   1.8423612e+06
   1.8424332e+06
   1.8425226e+06
   1.8425877e+06
   1.8426753e+06
   1.8427486e+06
   1.8428261e+06
   1.8428903e+06
   1.8429497e+06
   1.8430096e+06
   1.8430996e+06
   1.8431697e+06
   1.8432673e+06
   1.8433488e+06
   1.8434490e+06
   1.8435306e+06
   1.8436210e+06
   1.8436814e+06
   1.8437548e+06
   1.8438429e+06
   1.8439449e+06
   1.8440155e+06
   1.8441054e+06
   1.8441795e+06
   1.8442640e+06
   1.8443450e+06
   1.8444172e+06
   1.8445130e+06
   1.8446001e+06
   1.8446628e+06
   1.8447416e+06
   1.8448379e+06
   1.8449001e+06
   1.8449726e+06
   1.8450722e+06
   1.8451592e+06
   1.8452286e+06
   1.8452998e+06
   1.8453639e+06
   1.8454484e+06
   1.8455175e+06
   1.8455903e+06
   1.8456628e+06
   1.8457560e+06
   1.8458463e+06
   1.8459251e+06
   1.8459983e+06
   1.8460709e+06
   1.8461395e+06
   1.8462064e+06
   1.8462786e+06
   1.8463618e+06
   1.8464340e+06
   1.8465232e+06
   1.8466117e+06
   1.8466995e+06
   1.8467678e+06
   1.8468740e+06
   1.8469680e+06
   1.8471283e+06
   1.8472154e+06
   1.8472830e+06
   1.8473611e+06
   1.8474253e+06
   1.8475005e+06
   1.8475805e+06
   1.8476573e+06
   1.8477345e+06
   1.8478137e+06
   1.8478851e+06
   1.8479662e+06
   1.8480405e+06
   1.8481369e+06
   1.8482191e+06
   1.8483123e+06
   1.8484059e+06
   1.8484672e+06
   1.8485294e+06
   1.8485998e+06
   1.8486918e+06
   1.8487769e+06
   1.8488527e+06
   1.8489213e+06
   1.8490274e+06
   1.8491079e+06
   1.8491709e+06
   1.8492296e+06
   1.8492971e+06
   1.8493784e+06
   1.8494345e+06
   1.8495316e+06
   1.8496095e+06
   1.8496734e+06
   1.8497549e+06
   1.8498192e+06
   1.8499002e+06
   1.8499915e+06
   1.8500532e+06
   1.8501283e+06
   1.8502063e+06
   1.8503007e+06
   1.8503679e+06
   1.8504460e+06
   1.8505243e+06
   1.8505908e+06
   1.8506519e+06
   1.8507336e+06
   1.8508045e+06
   1.8508961e+06
   1.8509871e+06
   1.8510603e+06
   1.8511393e+06
   1.8511933e+06
   1.8512991e+06
   1.8513615e+06
   1.8514484e+06
   1.8515306e+06
   1.8516261e+06
   1.8517033e+06
   1.8517695e+06
   1.8518618e+06
   1.8519573e+06
   1.8520527e+06
   1.8521297e+06
   1.8522194e+06
   1.8522901e+06
   1.8523592e+06
   1.8524396e+06
   1.8525068e+06
   1.8525713e+06
   1.8526427e+06
   1.8527097e+06
   1.8527598e+06
   1.8528390e+06
   1.8529061e+06
   1.8529749e+06
   1.8530577e+06
   1.8531280e+06
   1.8532067e+06
   1.8533131e+06
   1.8533936e+06
   1.8534827e+06
   1.8535592e+06
   1.8536335e+06
   1.8536981e+06
   1.8537762e+06
   1.8538475e+06
   1.8539195e+06
   1.8540964e+06
   1.8541715e+06
   1.8542310e+06
   1.8543226e+06
   1.8544112e+06
   1.8545002e+06
   1.8545643e+06
   1.8546303e+06
   1.8547197e+06
   1.8548145e+06
   1.8549030e+06
   1.8550395e+06
   1.8551113e+06
   1.8551703e+06
   1.8552388e+06
   1.8552995e+06
   1.8554485e+06
   1.8555266e+06
   1.8555984e+06
   1.8556921e+06
   1.8557652e+06
   1.8558427e+06
   1.8558991e+06
   1.8559842e+06
   1.8560708e+06
   1.8561364e+06
   1.8562126e+06
   1.8563090e+06
   1.8563752e+06
   1.8564569e+06
   1.8565262e+06
   1.8566157e+06
   1.8566754e+06
   1.8567440e+06
   1.8568223e+06
   1.8569024e+06
   1.8569837e+06
   1.8570582e+06
   1.8571308e+06
   1.8572050e+06
   1.8572787e+06
   1.8573570e+06
   1.8574231e+06
   1.8574964e+06
   1.8575542e+06
   1.8576391e+06
   1.8577275e+06
   1.8577976e+06
   1.8578822e+06
   1.8579498e+06
   1.8580295e+06
   1.8581277e+06
   1.8582133e+06
   1.8583062e+06
   1.8583851e+06
   1.8584867e+06
   1.8585534e+06
   1.8586162e+06
   1.8586815e+06
   1.8587642e+06
   1.8588842e+06
   1.8589833e+06
   1.8590773e+06
   1.8591696e+06
   1.8592571e+06
   1.8593434e+06
   1.8594477e+06
   1.8595182e+06
   1.8595859e+06
   1.8596871e+06
   1.8598038e+06
   1.8598809e+06
   1.8599455e+06
   1.8612830e+06
   1.8616564e+06
   1.8628026e+06
   1.8632479e+06
   1.8640673e+06
   1.8646012e+06
   1.8650087e+06
   1.8651397e+06
   1.8656307e+06
   1.8892141e+06
   1.8894865e+06
   1.8899225e+06
   1.8905332e+06
   1.8907963e+06
   1.8910348e+06
   1.8913924e+06
   1.8920289e+06
   1.8922537e+06
   1.8924021e+06
   1.8933183e+06
   1.8962308e+06
   1.8964658e+06
   1.8966759e+06
   1.9000645e+06
   1.9001359e+06
   1.9002042e+06
   1.9002704e+06
   1.9003593e+06
   1.9004227e+06
   1.9004829e+06
   1.9005754e+06
   1.9006484e+06
   1.9007212e+06
   1.9007855e+06
   1.9008637e+06
   1.9009401e+06
   1.9010170e+06
   1.9010805e+06
   1.9011630e+06
   1.9012302e+06
   1.9012938e+06
   1.9013580e+06
   1.9014328e+06
   1.9015069e+06
   1.9015684e+06
   1.9016401e+06
   1.9017119e+06
   1.9017817e+06
   1.9018404e+06
   1.9019106e+06
   1.9019724e+06
   1.9020504e+06
   1.9021281e+06
   1.9022011e+06
   1.9022614e+06
   1.9023375e+06
   1.9024048e+06
   1.9024701e+06
   1.9025302e+06
   1.9026012e+06
   1.9026872e+06
   1.9027468e+06
   1.9028079e+06
   1.9028631e+06
   1.9029250e+06
   1.9029785e+06
   1.9030438e+06
   1.9031102e+06
   1.9031939e+06
   1.9032554e+06
   1.9033223e+06
   1.9034158e+06
   1.9034775e+06
   1.9035531e+06
   1.9036204e+06
   1.9037109e+06
   1.9037802e+06
   1.9038370e+06
   1.9039108e+06
   1.9040160e+06
   1.9040783e+06
   1.9041488e+06
   1.9041987e+06
   1.9042727e+06
   1.9043332e+06
   1.9043949e+06
   1.9044661e+06
   1.9045203e+06
   1.9045908e+06
   1.9046622e+06
   1.9047299e+06
   1.9048067e+06
   1.9048682e+06
   1.9049329e+06
   1.9050098e+06
   1.9050722e+06
   1.9051371e+06
   1.9052023e+06
   1.9052714e+06
   1.9053508e+06
   1.9054238e+06
   1.9054911e+06
   1.9055516e+06
   1.9056139e+06
   1.9056836e+06
   1.9057477e+06
   1.9058126e+06
   1.9058867e+06
   1.9059481e+06
   1.9060260e+06
   1.9060862e+06
   1.9061464e+06
   1.9062350e+06
   1.9063058e+06
   1.9064201e+06
   1.9064916e+06
   1.9065803e+06
   1.9066559e+06
   1.9067406e+06
   1.9067985e+06
   1.9068700e+06
   1.9069302e+06
   1.9069919e+06
   1.9071244e+06
   1.9072230e+06
   1.9073146e+06
   1.9073735e+06
   1.9074479e+06
   1.9075120e+06
   1.9076612e+06
   1.9077234e+06
   1.9078256e+06
   1.9079012e+06
   1.9079732e+06
   1.9080410e+06
   1.9081129e+06
   1.9081806e+06
   1.9082676e+06
   1.9083424e+06
   1.9084257e+06
   1.9084896e+06
   1.9085703e+06
   1.9086458e+06
   1.9087224e+06
   1.9088064e+06
   1.9088752e+06
   1.9089329e+06
   1.9090093e+06
   1.9090848e+06
   1.9091707e+06
   1.9092556e+06
   1.9093260e+06
   1.9093883e+06
   1.9094606e+06
   1.9095161e+06
   1.9095827e+06
   1.9096700e+06
   1.9097442e+06
   1.9097981e+06
   1.9098663e+06
   1.9099386e+06
   1.9100313e+06
   1.9100964e+06
   1.9101876e+06
   1.9102612e+06
   1.9103336e+06
   1.9104077e+06
   1.9104716e+06
   1.9105367e+06
   1.9106039e+06
   1.9106870e+06
   1.9107532e+06
   1.9108357e+06
   1.9108954e+06
   1.9109547e+06
   1.9110695e+06
   1.9111315e+06
   1.9112116e+06
   1.9112908e+06
   1.9113910e+06
   1.9114730e+06
   1.9115507e+06
   1.9116386e+06
   1.9117117e+06
   1.9117759e+06
   1.9118390e+06
   1.9118955e+06
   1.9119931e+06
   1.9120588e+06
   1.9121277e+06
   1.9121944e+06
   1.9122883e+06
   1.9123574e+06
   1.9124267e+06
   1.9125081e+06
   1.9125918e+06
   1.9126870e+06
   1.9127594e+06
   1.9128694e+06
   1.9129315e+06
   1.9129952e+06
   1.9130726e+06
   1.9131340e+06
   1.9132109e+06
   1.9132931e+06
   1.9133633e+06
   1.9134337e+06
   1.9135068e+06
   1.9135843e+06
   1.9136569e+06
   1.9137566e+06
   1.9138268e+06
   1.9139212e+06
   1.9141196e+06
   1.9141883e+06
   1.9142568e+06
   1.9143391e+06
   1.9144328e+06
   1.9145245e+06
   1.9146038e+06
   1.9146802e+06
   1.9147447e+06
   1.9148281e+06
   1.9148939e+06
   1.9149584e+06
   1.9150284e+06
   1.9150973e+06
   1.9151910e+06
   1.9152790e+06
   1.9153604e+06
   1.9154496e+06
   1.9155313e+06
   1.9156329e+06
   1.9157005e+06
   1.9157667e+06
   1.9158644e+06
   1.9159411e+06
   1.9160130e+06
   1.9160988e+06
   1.9161729e+06
   1.9162485e+06
   1.9163253e+06
   1.9164052e+06
   1.9164763e+06
   1.9165724e+06
   1.9166331e+06
   1.9167597e+06
   1.9168257e+06
   1.9169183e+06
   1.9169786e+06
   1.9170490e+06
   1.9171358e+06
   1.9172126e+06
   1.9172864e+06
   1.9173585e+06
   1.9174369e+06
   1.9175032e+06
   1.9175723e+06
   1.9176370e+06
   1.9177078e+06
   1.9177604e+06
   1.9178288e+06
   1.9179101e+06
   1.9179865e+06
   1.9180553e+06
   1.9181376e+06
   1.9182153e+06
   1.9182993e+06
   1.9183657e+06
   1.9184433e+06
   1.9184862e+06
   1.9184880e+06
   1.9185008e+06
   1.9185123e+06
   1.9185222e+06
   1.9185223e+06
   1.9185335e+06
   1.9185422e+06
   1.9185437e+06
   1.9185438e+06
   1.9185520e+06
   1.9185529e+06
   1.9185730e+06
   1.9185752e+06
   1.9185779e+06
   1.9186012e+06
   1.9186104e+06
   1.9186119e+06
   1.9186180e+06
   1.9186191e+06
   1.9186249e+06
   1.9186263e+06
   1.9186363e+06
   1.9186402e+06
   1.9186499e+06
   1.9186500e+06
   1.9186654e+06
   1.9186790e+06
   1.9186915e+06
   1.9186923e+06
   1.9186960e+06
   1.9186976e+06
   1.9186993e+06
   1.9187031e+06
   1.9187203e+06
   1.9187372e+06
   1.9187374e+06
   1.9187388e+06
   1.9187444e+06
   1.9187570e+06
   1.9187695e+06
   1.9187744e+06
   1.9187748e+06
   1.9187777e+06
   1.9187937e+06
   1.9188092e+06
   1.9188226e+06
   1.9188231e+06
   1.9188233e+06
   1.9188303e+06
   1.9188329e+06
   1.9188360e+06
   1.9188392e+06
   1.9188572e+06
   1.9188643e+06
   1.9188685e+06
   1.9188808e+06
   1.9188919e+06
   1.9188944e+06
   1.9188952e+06
   1.9189130e+06
   1.9189135e+06
   1.9189142e+06
   1.9189198e+06
   1.9189230e+06
   1.9189346e+06
   1.9189350e+06
   1.9189589e+06
   1.9189673e+06
   1.9189810e+06
   1.9189829e+06
   1.9189850e+06
   1.9189909e+06
   1.9189914e+06
   1.9189950e+06
   1.9190013e+06
   1.9190095e+06
   1.9190254e+06
   1.9190403e+06
   1.9190462e+06
   1.9190490e+06
   1.9190541e+06
   1.9190672e+06
   1.9190703e+06
   1.9190717e+06
   1.9190776e+06
   1.9190802e+06
   1.9190920e+06
   1.9190931e+06
   1.9191159e+06
   1.9191225e+06
   1.9191231e+06
   1.9191281e+06
   1.9191297e+06
   1.9191321e+06
   1.9191337e+06
   1.9191523e+06
   1.9191576e+06
   1.9191598e+06
   1.9191845e+06
   1.9191869e+06
   1.9191891e+06
   1.9191922e+06
   1.9191944e+06
   1.9191953e+06
   1.9192061e+06
   1.9192131e+06
   1.9192263e+06
   1.9192483e+06
   1.9192489e+06
   1.9192588e+06
   1.9192627e+06
   1.9192645e+06
   1.9192657e+06
   1.9192690e+06
   1.9192851e+06
   1.9192860e+06
   1.9193105e+06
   1.9193124e+06
   1.9193270e+06
   1.9193272e+06
   1.9193283e+06
   1.9193333e+06
   1.9193363e+06
   1.9193369e+06
   1.9193544e+06
   1.9193546e+06
   1.9193639e+06
   1.9193716e+06
   1.9193747e+06
   1.9193978e+06
   1.9194045e+06
   1.9194140e+06
   1.9194168e+06
   1.9194179e+06
   1.9194255e+06
   1.9194396e+06
   1.9194442e+06
   1.9194454e+06
   1.9194541e+06
   1.9194550e+06
   1.9194834e+06
   1.9194876e+06
   1.9194959e+06
   1.9194984e+06
   1.9195031e+06
   1.9195037e+06
   1.9195112e+06
   1.9195126e+06
   1.9195163e+06
   1.9195259e+06
   1.9195331e+06
   1.9195715e+06
   1.9195745e+06
   1.9195779e+06
   1.9195782e+06
   1.9195821e+06
   1.9195836e+06
   1.9195864e+06
   1.9195926e+06
   1.9195995e+06
   1.9196005e+06
   1.9196111e+06
   1.9196432e+06
   1.9196525e+06
   1.9196555e+06
   1.9196603e+06
   1.9196623e+06
   1.9196624e+06
   1.9196650e+06
   1.9196666e+06
   1.9196834e+06
   1.9196849e+06
   1.9196913e+06
   1.9197205e+06
   1.9197272e+06
   1.9197375e+06
   1.9197422e+06
   1.9197441e+06
   1.9197452e+06
   1.9197471e+06
   1.9197510e+06
   1.9197628e+06
   1.9197699e+06
   1.9197734e+06
   1.9197883e+06
   1.9197971e+06
   1.9198043e+06
   1.9198086e+06
   1.9198099e+06
   1.9198130e+06
   1.9198228e+06
   1.9198343e+06
   1.9198442e+06
   1.9198521e+06
   1.9198537e+06
   1.9198548e+06
   1.9198583e+06
   1.9198793e+06
   1.9198839e+06
   1.9198942e+06
   1.9198953e+06
   1.9199169e+06
   1.9199193e+06
   1.9199211e+06
   1.9199225e+06
   1.9199312e+06
   1.9199366e+06
   1.9199447e+06
   1.9199537e+06
   1.9199570e+06
   1.9199664e+06
   1.9199768e+06
   1.9199979e+06
