   1.4365513e+03
   1.6645043e+03
   2.2019995e+03
   2.7754025e+03
   3.3221896e+03
   3.7731978e+03
   4.4078573e+03
   4.7668768e+03
   5.1151488e+03
   5.4568533e+03
   5.7298780e+03
   6.1236285e+03
   6.5276378e+03
   7.4484598e+03
   7.9286362e+03
   8.8737902e+03
   9.6681893e+03
   4.0397035e+04
   4.0556462e+04
   4.0798200e+04
   4.0966453e+04
   4.1234146e+04
   4.1443979e+04
   4.1610515e+04
   4.1864818e+04
   4.2135972e+04
   4.2288527e+04
   4.2472749e+04
   4.2686831e+04
   4.3205103e+04
   4.3424601e+04
   4.3674753e+04
   4.3818609e+04
   4.4147026e+04
   4.4333513e+04
   4.4623877e+04
   4.4877141e+04
   4.5003520e+04
   4.5138524e+04
   4.5343588e+04
   4.5571068e+04
   4.5807696e+04
   4.5972881e+04
   4.6238675e+04
   4.6403287e+04
   4.6552902e+04
   4.6920734e+04
   4.7363070e+04
   4.7585648e+04
   4.7713591e+04
   4.7874589e+04
   4.7985281e+04
   4.8022697e+04
   4.8100974e+04
   4.8290633e+04
   4.8520152e+04
   4.8649362e+04
   4.8781389e+04
   4.8931151e+04
   4.9073248e+04
   4.9217490e+04
   4.9381011e+04
   4.9555531e+04
   4.9697314e+04
   4.9825095e+04
   4.9947760e+04
   5.0087191e+04
   5.0193658e+04
   5.0324646e+04
   5.0461318e+04
   5.0629524e+04
   5.0765680e+04
   5.0987655e+04
   5.1185050e+04
   5.1325310e+04
   5.1501989e+04
   5.1638629e+04
   5.1800280e+04
   5.1957185e+04
   5.2123669e+04
   5.2213349e+04
   5.2376417e+04
   5.2563316e+04
   5.2745977e+04
   5.2879660e+04
   5.3015534e+04
   5.3184281e+04
   5.3371077e+04
   5.3541030e+04
   5.3666815e+04
   5.3788546e+04
   5.3921247e+04
   5.4316317e+04
   5.4566407e+04
   5.4925167e+04
   5.5159388e+04
   5.5430076e+04
   5.5602560e+04
   5.5954566e+04
   5.6163406e+04
   5.6395382e+04
   5.6566157e+04
   5.6750383e+04
   5.7280309e+04
   5.7523827e+04
   5.7732424e+04
   5.8077689e+04
   5.8444914e+04
   5.8842845e+04
   6.0455475e+04
   6.2692888e+04
   6.3891839e+04
   7.3849362e+04
   7.4192825e+04
   7.5266954e+04
   7.5712518e+04
   8.0394054e+04
   8.0995212e+04
   8.1419485e+04
   8.4298582e+04
   8.4989692e+04
   8.5367982e+04
   8.5993186e+04
   8.6909685e+04
   8.7982725e+04
   8.8203151e+04
   8.8537011e+04
   8.8875721e+04
   8.9252101e+04
   8.9562578e+04
   8.9804462e+04
   9.0071500e+04
   9.0854500e+04
   9.1342552e+04
   9.1633399e+04
   9.2170205e+04
   9.2520394e+04
   9.2882964e+04
   9.3807975e+04
   9.4473548e+04
   9.4874261e+04
   9.6578891e+04
   9.7741670e+04
   9.8372215e+04
   9.8694766e+04
   9.9121393e+04
   1.0125472e+05
   1.1706467e+05
   1.1733323e+05
   1.1756308e+05
   1.1817271e+05
   1.1839640e+05
   1.1861295e+05
   1.1882447e+05
   1.1935358e+05
   1.1980056e+05
   1.2071101e+05
   1.2097350e+05
   1.2120185e+05
   1.2158327e+05
   1.2219209e+05
   1.2268949e+05
   1.2355532e+05
   1.2614462e+05
   1.2842257e+05
   1.2878211e+05
   1.2909952e+05
   1.2962522e+05
   1.3167762e+05
   1.3226070e+05
   1.3482124e+05
   1.3576483e+05
   1.3714346e+05
   1.3763043e+05
   1.3893914e+05
   1.3916600e+05
   1.3968986e+05
   1.3995062e+05
   1.4057945e+05
   1.4092877e+05
   1.4120646e+05
   1.4395062e+05
   1.4476701e+05
   1.4633447e+05
   1.4666189e+05
   1.4693583e+05
   1.4917507e+05
   1.4984654e+05
   1.5055779e+05
   1.5166326e+05
   1.5207452e+05
   1.5266024e+05
   1.5298809e+05
   1.5360330e+05
   1.5388455e+05
   1.6029293e+05
   1.6224408e+05
   1.6242905e+05
   1.6264676e+05
   1.6289184e+05
   1.6307375e+05
   1.6333492e+05
   1.6400685e+05
   1.6425578e+05
   1.6448914e+05
   1.6489300e+05
   1.6585900e+05
   1.6614680e+05
   1.6818640e+05
   1.6828861e+05
   1.6842530e+05
   1.6855871e+05
   1.6866782e+05
   1.6879054e+05
   1.6896868e+05
   1.6910377e+05
   1.6935313e+05
   1.6959178e+05
   1.6971271e+05
   1.6986221e+05
   1.7005614e+05
   1.7020331e+05
   1.7032672e+05
   1.7054896e+05
   1.7070438e+05
   1.7088248e+05
   1.7100275e+05
   1.7115356e+05
   1.7129800e+05
   1.7147892e+05
   1.7165532e+05
   1.7186105e+05
   1.7198107e+05
   1.7210177e+05
   1.7223032e+05
   1.7243309e+05
   1.7255308e+05
   1.7268173e+05
   1.7280921e+05
   1.7295464e+05
   1.7307736e+05
   1.7323972e+05
   1.7337967e+05
   1.7354830e+05
   1.7367295e+05
   1.7380553e+05
   1.7394306e+05
   1.7439807e+05
   1.7463306e+05
   1.7499683e+05
   1.7531429e+05
   1.7559733e+05
   1.7585995e+05
   1.7765269e+05
   1.7800915e+05
   1.7854774e+05
   1.7874771e+05
   1.7929103e+05
   1.7979377e+05
   1.8065052e+05
   1.8105913e+05
   1.8154028e+05
   1.8213654e+05
   1.8254464e+05
   1.9011300e+05
   1.9079145e+05
   1.9136437e+05
   1.9357861e+05
   1.9417940e+05
   1.9474422e+05
   1.9557240e+05
   1.9714948e+05
   1.9785240e+05
   1.9900743e+05
   1.9938531e+05
   2.0015658e+05
   2.0069223e+05
   2.0093739e+05
   2.2018914e+05
   2.2040637e+05
   2.2062001e+05
   2.2089265e+05
   2.2108973e+05
   2.2136538e+05
   2.2151117e+05
   2.2175532e+05
   2.2204711e+05
   2.2226185e+05
   2.2273616e+05
   2.2293243e+05
   2.2312506e+05
   2.2329732e+05
   2.2352385e+05
   2.2375141e+05
   2.2396379e+05
   2.2409652e+05
   2.2426960e+05
   2.2445445e+05
   2.2474668e+05
   2.2504074e+05
   2.2517544e+05
   2.2538952e+05
   2.2560517e+05
   2.2579192e+05
   2.2599420e+05
   2.2621454e+05
   2.2637016e+05
   2.2654380e+05
   2.2688358e+05
   2.2842335e+05
   2.2887022e+05
   2.2939590e+05
   2.2981586e+05
   2.3057367e+05
   2.3086880e+05
   2.3111267e+05
   2.3181980e+05
   2.3239965e+05
   2.3642311e+05
   2.3781887e+05
   2.3824123e+05
   2.3958103e+05
   2.4187295e+05
   2.4317233e+05
   2.4337864e+05
   2.4378779e+05
   2.4418431e+05
   2.4462831e+05
   2.4511712e+05
   2.4558453e+05
   2.4607460e+05
   2.4685543e+05
   2.4720298e+05
   2.4750399e+05
   2.4810335e+05
   2.4857062e+05
   2.4937465e+05
   2.5507179e+05
   2.5543317e+05
   2.5606076e+05
   2.5626963e+05
   2.5684667e+05
   2.5734709e+05
   2.5971053e+05
   2.6009415e+05
   2.6085800e+05
   2.6121680e+05
   2.6154224e+05
   2.6207756e+05
   2.6307872e+05
   2.6377560e+05
   2.6411517e+05
   2.6443826e+05
   2.6540474e+05
   2.6572365e+05
   2.6615639e+05
   2.6657836e+05
   2.6683067e+05
   2.6750011e+05
   2.6794588e+05
   2.6819786e+05
   2.6874790e+05
   2.6923153e+05
   2.7022909e+05
   2.7064417e+05
   2.7108346e+05
   2.7136221e+05
   2.7296357e+05
   2.7410127e+05
   2.7458014e+05
   2.7518933e+05
   2.7559236e+05
   2.8020455e+05
   2.8035480e+05
   2.8056778e+05
   2.8077992e+05
   2.8109496e+05
   2.8123932e+05
   2.8149310e+05
   2.8164771e+05
   2.8183151e+05
   2.8200100e+05
   2.8217291e+05
   2.8232608e+05
   2.8261512e+05
   2.8274169e+05
   2.8310628e+05
   2.8336664e+05
   2.8356112e+05
   2.8373245e+05
   2.8388050e+05
   2.8400374e+05
   2.8417090e+05
   2.8436997e+05
   2.8457591e+05
   2.8472283e+05
   2.8493079e+05
   2.8524149e+05
   2.8547341e+05
   2.8564156e+05
   2.8590753e+05
   2.8606702e+05
   2.8624627e+05
   2.8641313e+05
   2.8657520e+05
   2.8680889e+05
   2.8695970e+05
   2.8817312e+05
   2.8834883e+05
   2.8863066e+05
   2.8874649e+05
   2.8895926e+05
   2.8914898e+05
   2.8937678e+05
   2.8961232e+05
   2.8983512e+05
   2.9015239e+05
   2.9036582e+05
   2.9077621e+05
   2.9105296e+05
   2.9134216e+05
   2.9159717e+05
   2.9176757e+05
   2.9210606e+05
   2.9231977e+05
   2.9248506e+05
   2.9275378e+05
   2.9298489e+05
   2.9314257e+05
   2.9335527e+05
   2.9363242e+05
   2.9394747e+05
   2.9443092e+05
   2.9457318e+05
   2.9491091e+05
   2.9502792e+05
   2.9522641e+05
   2.9547245e+05
   2.9570234e+05
   2.9590354e+05
   2.9620651e+05
   2.9666988e+05
   2.9689261e+05
   2.9714816e+05
   2.9741166e+05
   2.9757690e+05
   2.9781917e+05
   2.9802307e+05
   2.9817780e+05
   2.9838858e+05
   2.9859905e+05
   2.9886089e+05
   2.9915151e+05
   2.9934859e+05
   2.9952303e+05
   2.9986273e+05
   3.0039031e+05
   3.0105707e+05
   3.0308838e+05
   3.0340940e+05
   3.0370904e+05
   3.0433975e+05
   3.0510819e+05
   3.0598728e+05
   3.0957229e+05
   3.1021983e+05
   3.1054229e+05
   3.1088236e+05
   3.1141810e+05
   3.1199428e+05
   3.1237612e+05
   3.1331051e+05
   3.1541655e+05
   3.1590934e+05
   3.1649030e+05
   3.1669254e+05
   3.1700886e+05
   3.1762387e+05
   3.1802003e+05
   3.1857081e+05
   3.1998215e+05
   3.2060766e+05
   3.2321860e+05
   3.2353265e+05
   3.2391073e+05
   3.2430269e+05
   3.2495840e+05
   3.2527376e+05
   3.3191584e+05
   3.3214123e+05
   3.3243291e+05
   3.3286206e+05
   3.3325246e+05
   3.3352636e+05
   3.3397174e+05
   3.3436148e+05
   3.3474583e+05
   3.3590901e+05
   3.3639902e+05
   3.3719038e+05
   3.3755960e+05
   3.3803229e+05
   3.3834110e+05
   3.3861984e+05
   3.4017784e+05
   3.4037902e+05
   3.4054919e+05
   3.4080010e+05
   3.4102871e+05
   3.4132428e+05
   3.4153114e+05
   3.4174543e+05
   3.4197715e+05
   3.4223969e+05
   3.4253975e+05
   3.4272679e+05
   3.4290511e+05
   3.4315422e+05
   3.4348816e+05
   3.4371001e+05
   3.4407105e+05
   3.4423860e+05
   3.4446254e+05
   3.4473865e+05
   3.4516343e+05
   3.4545771e+05
   3.4562358e+05
   3.4599102e+05
   3.4628683e+05
   3.4659294e+05
   3.4684537e+05
   3.4697594e+05
   3.4761796e+05
   3.4851255e+05
   3.4873794e+05
   3.4897416e+05
   3.4933193e+05
   3.4967367e+05
   3.4986129e+05
   3.5010031e+05
   3.5034046e+05
   3.5061010e+05
   3.5133071e+05
   3.5197980e+05
   3.5223170e+05
   3.5242498e+05
   3.5282738e+05
   3.5307590e+05
   3.5499744e+05
   3.5525431e+05
   3.5553592e+05
   3.5584249e+05
   3.5609444e+05
   3.5636300e+05
   3.5700187e+05
   3.5724195e+05
   3.5754127e+05
   3.5787899e+05
   3.5835882e+05
   3.5861841e+05
   3.5878881e+05
   3.5943819e+05
   3.5959411e+05
   3.5986734e+05
   3.6059892e+05
   3.7219603e+05
   3.7245361e+05
   3.7299882e+05
   3.7338483e+05
   3.7418807e+05
   3.7456102e+05
   3.7531050e+05
   3.7759891e+05
   3.7818565e+05
   3.7861532e+05
   3.7890263e+05
   3.7940737e+05
   3.7998133e+05
   3.8024846e+05
   3.8059371e+05
   3.8110792e+05
   3.8134221e+05
   3.8172721e+05
   3.8211235e+05
   3.8313034e+05
   3.8373943e+05
   3.8435256e+05
   3.8487402e+05
   3.8809750e+05
   3.8958542e+05
   3.9323753e+05
   3.9389960e+05
   3.9540757e+05
   3.9576292e+05
   3.9624140e+05
   3.9687849e+05
   3.9719094e+05
   3.9815535e+05
   3.9874184e+05
   3.9914824e+05
   3.9957743e+05
   4.0026063e+05
   4.0051565e+05
   4.0066060e+05
   4.0089024e+05
   4.0112920e+05
   4.0139842e+05
   4.0169879e+05
   4.0192613e+05
   4.0216586e+05
   4.0246692e+05
   4.0271998e+05
   4.0290041e+05
   4.0310846e+05
   4.0334256e+05
   4.0365095e+05
   4.0383621e+05
   4.0414095e+05
   4.0445359e+05
   4.0461342e+05
   4.0511835e+05
   4.0534493e+05
   4.0566684e+05
   4.0579297e+05
   4.0610359e+05
   4.0638433e+05
   4.0659796e+05
   4.0752147e+05
   4.0770339e+05
   4.0788804e+05
   4.0810382e+05
   4.0826126e+05
   4.0837210e+05
   4.0858579e+05
   4.0887603e+05
   4.0903681e+05
   4.0918837e+05
   4.0935302e+05
   4.0952636e+05
   4.0973114e+05
   4.0986908e+05
   4.1001768e+05
   4.1026038e+05
   4.1040931e+05
   4.1064450e+05
   4.1086004e+05
   4.1105477e+05
   4.1124332e+05
   4.1149831e+05
   4.1167408e+05
   4.1179570e+05
   4.1191322e+05
   4.1218802e+05
   4.1236876e+05
   4.1251037e+05
   4.1265683e+05
   4.1285477e+05
   4.1301364e+05
   4.1316663e+05
   4.1331376e+05
   4.1361550e+05
   4.1376691e+05
   4.1391687e+05
   4.1422268e+05
   4.1436504e+05
   4.1453978e+05
   4.1466795e+05
   4.1483108e+05
   4.1494205e+05
   4.1513099e+05
   4.1529042e+05
   4.1557296e+05
   4.1571808e+05
   4.1607507e+05
   4.1622081e+05
   4.1636668e+05
   4.1651229e+05
   4.1665496e+05
   4.1680265e+05
   4.1694634e+05
   4.1708012e+05
   4.1722098e+05
   4.1739379e+05
   4.1753984e+05
   4.1772240e+05
   4.1787065e+05
   4.1801125e+05
   4.1816409e+05
   4.1842610e+05
   4.1857915e+05
   4.1872772e+05
   4.1892435e+05
   4.1905135e+05
   4.1923450e+05
   4.1943812e+05
   4.1957587e+05
   4.1971779e+05
   4.1991502e+05
   4.2633945e+05
   4.2655900e+05
   4.2686783e+05
   4.3094382e+05
   4.3218988e+05
   4.3312603e+05
   4.3346274e+05
   4.3401778e+05
   4.4176153e+05
   4.4218843e+05
   4.4318442e+05
   4.4348132e+05
   4.4373973e+05
   4.4409976e+05
   4.4440702e+05
   4.4516546e+05
   4.4620801e+05
   4.4643437e+05
   4.4744760e+05
   4.4786300e+05
   4.4875924e+05
   4.5038204e+05
   4.5084619e+05
   4.5159050e+05
   4.6072723e+05
   4.6095036e+05
   4.6112759e+05
   4.6167482e+05
   4.6206988e+05
   4.6227379e+05
   4.6254740e+05
   4.6270159e+05
   4.6302314e+05
   4.6326013e+05
   4.6359627e+05
   4.6392228e+05
   4.6418452e+05
   4.6471608e+05
   4.6517374e+05
   4.6539557e+05
   4.6576904e+05
   4.6613659e+05
   4.6675200e+05
   4.6696219e+05
   4.6747175e+05
   4.6756630e+05
   4.6772120e+05
   4.6783186e+05
   4.6793322e+05
   4.6806044e+05
   4.6818616e+05
   4.6830158e+05
   4.6841981e+05
   4.6853072e+05
   4.6863789e+05
   4.6874291e+05
   4.6886101e+05
   4.6900027e+05
   4.6910939e+05
   4.6920034e+05
   4.6933819e+05
   4.6949422e+05
   4.6960609e+05
   4.6970222e+05
   4.6984308e+05
   4.6995660e+05
   4.7004490e+05
   4.7017059e+05
   4.7044568e+05
   4.7057423e+05
   4.7068345e+05
   4.7081459e+05
   4.7093198e+05
   4.7106855e+05
   4.7118146e+05
   4.7126561e+05
   4.7137047e+05
   4.7147425e+05
   4.7157894e+05
   4.7167745e+05
   4.7180094e+05
   4.7190223e+05
   4.7203216e+05
   4.7212217e+05
   4.7223562e+05
   4.7234001e+05
   4.7245234e+05
   4.7256483e+05
   4.7267095e+05
   4.7276609e+05
   4.7285838e+05
   4.7298473e+05
   4.7307086e+05
   4.7320643e+05
   4.7332849e+05
   4.7344664e+05
   4.7356664e+05
   4.7367267e+05
   4.7379886e+05
   4.7389620e+05
   4.7433652e+05
   4.7461776e+05
   4.7491334e+05
   4.7523789e+05
   4.7591758e+05
   4.7660709e+05
   4.7696531e+05
   4.7728283e+05
   4.7856883e+05
   4.7891260e+05
   4.7925951e+05
   4.7965400e+05
   4.7992002e+05
   4.8117479e+05
   4.8786634e+05
   4.9534007e+05
   4.9691719e+05
   4.9935305e+05
   4.9998608e+05
   5.0059673e+05
   5.0088735e+05
   5.0250998e+05
   5.0279037e+05
   5.0335305e+05
   5.0373862e+05
   5.0398439e+05
   5.0440830e+05
   5.0502495e+05
   5.0538116e+05
   5.0570144e+05
   5.0621543e+05
   5.0692708e+05
   5.0714761e+05
   5.0780526e+05
   5.0942243e+05
   5.0963595e+05
   5.1057431e+05
   5.1085293e+05
   5.1128287e+05
   5.1261362e+05
   5.1316560e+05
   5.1354767e+05
   5.1454451e+05
   5.1482688e+05
   5.1517602e+05
   5.2015744e+05
   5.2043771e+05
   5.2067374e+05
   5.2080717e+05
   5.2098911e+05
   5.2121340e+05
   5.2145838e+05
   5.2162143e+05
   5.2183575e+05
   5.2197386e+05
   5.2221349e+05
   5.2248074e+05
   5.2278544e+05
   5.2304868e+05
   5.2335560e+05
   5.2362154e+05
   5.2401801e+05
   5.2434800e+05
   5.2450761e+05
   5.2470353e+05
   5.2495071e+05
   5.2511443e+05
   5.2525930e+05
   5.2552925e+05
   5.2591807e+05
   5.2631893e+05
   5.2654731e+05
   5.2682571e+05
   5.2697592e+05
   5.2746104e+05
   5.2770906e+05
   5.2838151e+05
   5.2870268e+05
   5.2897857e+05
   5.2918267e+05
   5.2956101e+05
   5.3001719e+05
   5.3121985e+05
   5.3148795e+05
   5.3251007e+05
   5.3291027e+05
   5.3463434e+05
   5.3610554e+05
   5.3656624e+05
   5.3679669e+05
   5.3746906e+05
   5.3845708e+05
   5.3900323e+05
   5.3936924e+05
   5.3970892e+05
   5.3992842e+05
   5.4029831e+05
   5.4408398e+05
   5.4433818e+05
   5.4459811e+05
   5.4693723e+05
   5.5094020e+05
   5.5220543e+05
   5.5255296e+05
   5.5297137e+05
   5.5323834e+05
   5.5355385e+05
   5.5408716e+05
   5.5432989e+05
   5.5467985e+05
   5.5495709e+05
   5.5553663e+05
   5.5583127e+05
   5.5618940e+05
   5.5703995e+05
   5.5745389e+05
   5.5790702e+05
   5.5888165e+05
   5.6837468e+05
   5.6933166e+05
   5.6988048e+05
   5.7018709e+05
   5.7058623e+05
   5.7097529e+05
   5.7149464e+05
   5.7295467e+05
   5.7401180e+05
   5.7479951e+05
   5.7557711e+05
   5.7680305e+05
   5.7791488e+05
   5.7870138e+05
   5.7899247e+05
   5.8032847e+05
   5.8095600e+05
   5.9246890e+05
   5.9275999e+05
   5.9300337e+05
   5.9348044e+05
   5.9437964e+05
   5.9459287e+05
   5.9478607e+05
   5.9496873e+05
   5.9513221e+05
   5.9533113e+05
   5.9550845e+05
   5.9606381e+05
   5.9630073e+05
   5.9650684e+05
   5.9672809e+05
   5.9687279e+05
   5.9713315e+05
   5.9734081e+05
   5.9756939e+05
   5.9778892e+05
   5.9798760e+05
   5.9811613e+05
   5.9827276e+05
   5.9850431e+05
   5.9866570e+05
   5.9889773e+05
   5.9907139e+05
   5.9923117e+05
   5.9937963e+05
   5.9959805e+05
   5.9978390e+05
   6.1770781e+05
   6.1802844e+05
   6.1908981e+05
   6.1987556e+05
   6.2015762e+05
   6.2067166e+05
   6.2107465e+05
   6.2209071e+05
   6.2269679e+05
   6.2396618e+05
   6.2424269e+05
   6.2482820e+05
   6.2539493e+05
   6.2726325e+05
   6.2779729e+05
   6.2809579e+05
   6.2864941e+05
   6.2911503e+05
   6.2996146e+05
   6.3046205e+05
   6.3101729e+05
   6.3849151e+05
   6.3962284e+05
   6.6024301e+05
   6.6056051e+05
   6.6106235e+05
   6.6158894e+05
   6.6337510e+05
   6.6364865e+05
   6.6470492e+05
   6.6571087e+05
   6.6662157e+05
   6.6698482e+05
   6.7334112e+05
   6.7384067e+05
   6.7415493e+05
   6.7439999e+05
   6.7484253e+05
   6.7516395e+05
   6.8045669e+05
   6.8113600e+05
   6.8194348e+05
   6.8222371e+05
   6.8478525e+05
   6.8696538e+05
   6.8777030e+05
   6.8803013e+05
   6.8955905e+05
   6.9026762e+05
   6.9062990e+05
   6.9091583e+05
   6.9158072e+05
   6.9208209e+05
   6.9232743e+05
   6.9264856e+05
   6.9334119e+05
   6.9358004e+05
   6.9418751e+05
   6.9472016e+05
   6.9531333e+05
   6.9578053e+05
   6.9613638e+05
   6.9641216e+05
   6.9852687e+05
   6.9882959e+05
   6.9939398e+05
   6.9981668e+05
   7.0078898e+05
   7.0499399e+05
   7.0550189e+05
   7.0601667e+05
   7.0641938e+05
   7.0683426e+05
   7.0715194e+05
   7.0741336e+05
   7.0774241e+05
   7.0829759e+05
   7.0873384e+05
   7.0934575e+05
   7.0979483e+05
   7.1028820e+05
   7.1079592e+05
   7.1130134e+05
   7.1168364e+05
   7.1280897e+05
   7.1646296e+05
   7.1682579e+05
   7.1877411e+05
   7.1994488e+05
   7.2399516e+05
   7.2675589e+05
   7.2708555e+05
   7.2763777e+05
   7.2895577e+05
   7.2962259e+05
   7.3005198e+05
   7.3042993e+05
   7.3099068e+05
   7.3135892e+05
   7.3199307e+05
   7.3216706e+05
   7.3244382e+05
   7.3261728e+05
   7.3523251e+05
   7.3558442e+05
   7.3588293e+05
   7.3637897e+05
   7.3864677e+05
   7.3897486e+05
   7.3925802e+05
   7.3944096e+05
   7.3983214e+05
   7.4037085e+05
   7.4088717e+05
   7.4200367e+05
   7.4226684e+05
   7.4248943e+05
   7.4293669e+05
   7.4348736e+05
   7.4368831e+05
   7.4403118e+05
   7.4445269e+05
   7.4502897e+05
   7.4565549e+05
   7.4618727e+05
   7.4978183e+05
   7.5124600e+05
   7.5160431e+05
   7.5239924e+05
   7.5377457e+05
   7.5436127e+05
   7.5452187e+05
   7.5465819e+05
   7.5482482e+05
   7.5511314e+05
   7.5627762e+05
   7.5659507e+05
   7.5712745e+05
   7.6049008e+05
   7.6082373e+05
   7.6117654e+05
   7.6169739e+05
   7.6242111e+05
   7.6409850e+05
   7.6441806e+05
   7.6523163e+05
   7.6606485e+05
   7.7349306e+05
   7.7392045e+05
   7.7435576e+05
   7.7463683e+05
   7.7482002e+05
   7.7499749e+05
   7.7514917e+05
   7.7530509e+05
   7.7545270e+05
   7.7559294e+05
   7.7598352e+05
   7.7616208e+05
   7.7630249e+05
   7.7645056e+05
   7.7657345e+05
   7.7675388e+05
   7.7689144e+05
   7.7708576e+05
   7.7812490e+05
   7.7868049e+05
   7.7879732e+05
   7.7898129e+05
   7.7920129e+05
   7.7945263e+05
   7.7960801e+05
   7.7985311e+05
   7.8070680e+05
   7.8103906e+05
   7.8134680e+05
   7.8198091e+05
   7.8242119e+05
   7.8267924e+05
   7.8309100e+05
   7.8530596e+05
   7.8673833e+05
   7.8696958e+05
   7.8752555e+05
   7.8878213e+05
   7.8920235e+05
   7.8942748e+05
   7.8980556e+05
   7.9555847e+05
   7.9774457e+05
   7.9827635e+05
   7.9876689e+05
   7.9918267e+05
   7.9936483e+05
   8.0005871e+05
   8.0799597e+05
   8.0830139e+05
   8.0874068e+05
   8.0911702e+05
   8.0951370e+05
   8.0971867e+05
   8.0992123e+05
   8.1021409e+05
   8.1072177e+05
   8.1105142e+05
   8.1128047e+05
   8.1165514e+05
   8.1189929e+05
   8.1220622e+05
   8.1251721e+05
   8.1296311e+05
   8.1326442e+05
   8.1350964e+05
   8.1426637e+05
   8.1806169e+05
   8.1859222e+05
   8.1929487e+05
   8.1968251e+05
   8.1989256e+05
   8.2012327e+05
   8.2031788e+05
   8.2046297e+05
   8.2083715e+05
   8.2141047e+05
   8.2156935e+05
   8.2179245e+05
   8.2216057e+05
   8.2227884e+05
   8.2259369e+05
   8.2278025e+05
   8.2303045e+05
   8.2375134e+05
   8.2398727e+05
   8.2423053e+05
   8.2438382e+05
   8.2467761e+05
   8.2481629e+05
   8.2501738e+05
   8.2516873e+05
   8.2527798e+05
   8.2556423e+05
   8.2572645e+05
   8.2590013e+05
   8.2629782e+05
   8.2645409e+05
   8.2663183e+05
   8.2695881e+05
   8.2737362e+05
   8.2759324e+05
   8.2783776e+05
   8.2795819e+05
   8.2812726e+05
   8.2839865e+05
   8.2852653e+05
   8.2867147e+05
   8.2879984e+05
   8.2894907e+05
   8.2918171e+05
   8.2937407e+05
   8.2955649e+05
   8.3008638e+05
   8.3018238e+05
   8.3034975e+05
   8.3055798e+05
   8.3109925e+05
   8.3131608e+05
   8.3144449e+05
   8.3201457e+05
   8.3215445e+05
   8.3251483e+05
   8.3269949e+05
   8.3283012e+05
   8.3311749e+05
   8.3366941e+05
   8.3435675e+05
   8.3455536e+05
   8.3472334e+05
   8.3484057e+05
   8.3504169e+05
   8.3532116e+05
   8.3543430e+05
   8.3561499e+05
   8.3588244e+05
   8.3606780e+05
   8.3654643e+05
   8.3673250e+05
   8.3690384e+05
   8.3732577e+05
   8.3755731e+05
   8.3780732e+05
   8.3799700e+05
   8.3856752e+05
   8.3872714e+05
   8.3891314e+05
   8.3905590e+05
   8.3944488e+05
   8.3969553e+05
   8.3989364e+05
   8.4137823e+05
   8.4216962e+05
   8.4256899e+05
   8.4280656e+05
   8.4344773e+05
   8.4369650e+05
   8.4419003e+05
   8.4471430e+05
   8.4526041e+05
   8.4545492e+05
   8.4615795e+05
   8.4650617e+05
   8.4745220e+05
   8.4934710e+05
   8.6157776e+05
   8.6345480e+05
   8.6391979e+05
   8.6434551e+05
   8.6530289e+05
   8.6562199e+05
   8.6579396e+05
   8.6733717e+05
   8.6774011e+05
   8.6802944e+05
   8.6868827e+05
   8.6987275e+05
   8.7178263e+05
   8.7314890e+05
   8.7348614e+05
   8.7395955e+05
   8.7455812e+05
   8.7493309e+05
   8.7539001e+05
   8.7554283e+05
   8.7575822e+05
   8.7618211e+05
   8.7793531e+05
   8.7817334e+05
   8.7864976e+05
   8.8012581e+05
   8.8026351e+05
   8.8036922e+05
   8.8066364e+05
   8.8093151e+05
   8.8110433e+05
   8.8122865e+05
   8.8135831e+05
   8.8157911e+05
   8.8173101e+05
   8.8186966e+05
   8.8204433e+05
   8.8222899e+05
   8.8245348e+05
   8.8262993e+05
   8.8275266e+05
   8.8291207e+05
   8.8306058e+05
   8.8315786e+05
   8.8333239e+05
   8.8368804e+05
   8.8395412e+05
   8.8406951e+05
   8.8425519e+05
   8.8441772e+05
   8.8463002e+05
   8.8612007e+05
   8.8630052e+05
   8.8640526e+05
   8.8665025e+05
   8.8683551e+05
   8.8723267e+05
   8.8741827e+05
   8.8806028e+05
   8.8821679e+05
   8.8834016e+05
   8.8869032e+05
   8.8888808e+05
   8.8904662e+05
   8.8922594e+05
   8.8949229e+05
   8.8965968e+05
   8.8978401e+05
   8.8992273e+05
   8.9018418e+05
   8.9043381e+05
   8.9055738e+05
   8.9068591e+05
   8.9089443e+05
   8.9102960e+05
   8.9185847e+05
   8.9208237e+05
   8.9228196e+05
   8.9259710e+05
   8.9285707e+05
   8.9296827e+05
   8.9313894e+05
   8.9333058e+05
   8.9369914e+05
   8.9381674e+05
   8.9393087e+05
   8.9454061e+05
   8.9466350e+05
   8.9489554e+05
   8.9506692e+05
   8.9521784e+05
   8.9533621e+05
   8.9560433e+05
   8.9578241e+05
   8.9592397e+05
   8.9607005e+05
   8.9621133e+05
   8.9636188e+05
   8.9649275e+05
   8.9657273e+05
   8.9684621e+05
   8.9738502e+05
   8.9758305e+05
   8.9776920e+05
   8.9818152e+05
   8.9836915e+05
   8.9863218e+05
   8.9878636e+05
   8.9892013e+05
   8.9903908e+05
   8.9975976e+05
   9.0038013e+05
   9.0060988e+05
   9.0367442e+05
   9.0403899e+05
   9.0450878e+05
   9.0499932e+05
   9.0532398e+05
   9.0548216e+05
   9.0572206e+05
   9.0617714e+05
   9.0828313e+05
   9.0854196e+05
   9.0879446e+05
   9.0899370e+05
   9.0929373e+05
   9.0967133e+05
   9.1039071e+05
   9.1068644e+05
   9.1153929e+05
   9.1173769e+05
   9.1251406e+05
   9.1376976e+05
   9.1581477e+05
   9.1611609e+05
   9.1668848e+05
   9.1694196e+05
   9.1794509e+05
   9.1836410e+05
   9.1861517e+05
   9.1884081e+05
   9.1950553e+05
   9.1998522e+05
   9.2070103e+05
   9.2091237e+05
   9.2107141e+05
   9.2124364e+05
   9.2146145e+05
   9.2190966e+05
   9.2211563e+05
   9.2361649e+05
   9.2388603e+05
   9.2412009e+05
   9.2452296e+05
   9.2488651e+05
   9.2535875e+05
   9.2587394e+05
   9.2621529e+05
   9.2641774e+05
   9.2678617e+05
   9.2701660e+05
   9.2738536e+05
   9.2782354e+05
   9.2808014e+05
   9.2937431e+05
   9.2963797e+05
   9.3001093e+05
   9.3027863e+05
   9.3054194e+05
   9.3113993e+05
   9.3175536e+05
   9.3199286e+05
   9.3256410e+05
   9.3280046e+05
   9.3332588e+05
   9.3563802e+05
   9.3590189e+05
   9.3617582e+05
   9.3651079e+05
   9.3694598e+05
   9.3776960e+05
   9.3836416e+05
   9.3853860e+05
   9.3937676e+05
   9.3992803e+05
   9.4010561e+05
   9.4043113e+05
   9.4057981e+05
   9.4074208e+05
   9.4091753e+05
   9.4103416e+05
   9.4125150e+05
   9.4136552e+05
   9.4158134e+05
   9.4188577e+05
   9.4199981e+05
   9.4219876e+05
   9.4232007e+05
   9.4251712e+05
   9.4265493e+05
   9.4315503e+05
   9.4330383e+05
   9.4349466e+05
   9.4367268e+05
   9.4387195e+05
   9.4406837e+05
   9.4422010e+05
   9.4434855e+05
   9.4468162e+05
   9.4481386e+05
   9.4494812e+05
   9.4529829e+05
   9.4541377e+05
   9.4555237e+05
   9.4583521e+05
   9.4598412e+05
   9.4642997e+05
   9.4661611e+05
   9.4672682e+05
   9.4687379e+05
   9.4718011e+05
   9.4732778e+05
   9.4748008e+05
   9.4761591e+05
   9.4775488e+05
   9.4790398e+05
   9.4802355e+05
   9.4833427e+05
   9.4853885e+05
   9.4876968e+05
   9.4889668e+05
   9.4907198e+05
   9.4921591e+05
   9.4934920e+05
   9.4960598e+05
   9.4979150e+05
   9.4995377e+05
   9.5011481e+05
   9.5040837e+05
   9.5055434e+05
   9.5117080e+05
   9.5168951e+05
   9.5178385e+05
   9.5360971e+05
   9.5375138e+05
   9.5388566e+05
   9.5428228e+05
   9.5442013e+05
   9.5465475e+05
   9.5475353e+05
   9.5487327e+05
   9.5496858e+05
   9.5510927e+05
   9.5532597e+05
   9.5551925e+05
   9.5565353e+05
   9.5582871e+05
   9.5594846e+05
   9.5627997e+05
   9.5651413e+05
   9.5664634e+05
   9.5687563e+05
   9.5700079e+05
   9.5719188e+05
   9.5762836e+05
   9.5798111e+05
   9.5815863e+05
   9.5827134e+05
   9.5841641e+05
   9.5860739e+05
   9.5872519e+05
   9.5888914e+05
   9.5906687e+05
   9.5945942e+05
   9.5959770e+05
   9.6051104e+05
   9.6080327e+05
   9.6113050e+05
   9.6229745e+05
   9.6250093e+05
   9.6282473e+05
   9.6300562e+05
   9.6324064e+05
   9.6381263e+05
   9.9124209e+05
   9.9233350e+05
   9.9291932e+05
   9.9350216e+05
   9.9390792e+05
   9.9462570e+05
   9.9486282e+05
   9.9505166e+05
   9.9590007e+05
   9.9636803e+05
   9.9775495e+05
   9.9853430e+05
   9.9873789e+05
   9.9952122e+05
   1.0002055e+06
   1.0003230e+06
   1.0004247e+06
   1.0006291e+06
   1.0007585e+06
   1.0009035e+06
   1.0010293e+06
   1.0012177e+06
   1.0013206e+06
   1.0014282e+06
   1.0015916e+06
   1.0017284e+06
   1.0020402e+06
   1.0022478e+06
   1.0025719e+06
   1.0027152e+06
   1.0028876e+06
   1.0029800e+06
   1.0031133e+06
   1.0042628e+06
   1.0044019e+06
   1.0045597e+06
   1.0047813e+06
   1.0049107e+06
   1.0050974e+06
   1.0052264e+06
   1.0053466e+06
   1.0054795e+06
   1.0056028e+06
   1.0057214e+06
   1.0058726e+06
   1.0059958e+06
   1.0060847e+06
   1.0062318e+06
   1.0063493e+06
   1.0065232e+06
   1.0066626e+06
   1.0067813e+06
   1.0068945e+06
   1.0073535e+06
   1.0074426e+06
   1.0075719e+06
   1.0077282e+06
   1.0078730e+06
   1.0082425e+06
   1.0084255e+06
   1.0087737e+06
   1.0089154e+06
   1.0090490e+06
   1.0091976e+06
   1.0095096e+06
   1.0097610e+06
   1.0098362e+06
   1.0099643e+06
   1.0102113e+06
   1.0103555e+06
   1.0104803e+06
   1.0144858e+06
   1.0146842e+06
   1.0148168e+06
   1.0154728e+06
   1.0156458e+06
   1.0157563e+06
   1.0158805e+06
   1.0160139e+06
   1.0161508e+06
   1.0163124e+06
   1.0164725e+06
   1.0166503e+06
   1.0167532e+06
   1.0168982e+06
   1.0170582e+06
   1.0172100e+06
   1.0174432e+06
   1.0178263e+06
   1.0180598e+06
   1.0181977e+06
   1.0183250e+06
   1.0184882e+06
   1.0198122e+06
   1.0199571e+06
   1.0202134e+06
   1.0211481e+06
   1.0412499e+06
   1.0434260e+06
   1.0440353e+06
   1.0448990e+06
   1.0458169e+06
   1.0467304e+06
   1.0471978e+06
   1.0475052e+06
   1.0477328e+06
   1.0479454e+06
   1.0481208e+06
   1.0484670e+06
   1.0487935e+06
   1.0492406e+06
   1.0497005e+06
   1.0508819e+06
   1.0511716e+06
   1.0515320e+06
   1.0518088e+06
   1.0529851e+06
   1.0532367e+06
   1.0535126e+06
   1.0537405e+06
   1.0541693e+06
   1.0545326e+06
   1.0549924e+06
   1.0551727e+06
   1.0553805e+06
   1.0555537e+06
   1.0568253e+06
   1.0569986e+06
   1.0589429e+06
   1.0592623e+06
   1.0596881e+06
   1.0599732e+06
   1.0601199e+06
   1.0602351e+06
   1.0603626e+06
   1.0604930e+06
   1.0606476e+06
   1.0607425e+06
   1.0609061e+06
   1.0610453e+06
   1.0612251e+06
   1.0613571e+06
   1.0615392e+06
   1.0616455e+06
   1.0619386e+06
   1.0621967e+06
   1.0624326e+06
   1.0625927e+06
   1.0627571e+06
   1.0629691e+06
   1.0630795e+06
   1.0632328e+06
   1.0633334e+06
   1.0635057e+06
   1.0637727e+06
   1.0638878e+06
   1.0640396e+06
   1.0641681e+06
   1.0642992e+06
   1.0644461e+06
   1.0645993e+06
   1.0647766e+06
   1.0649090e+06
   1.0651487e+06
   1.0654275e+06
   1.0655600e+06
   1.0656634e+06
   1.0658162e+06
   1.0659291e+06
   1.0660347e+06
   1.0662219e+06
   1.0664449e+06
   1.0665592e+06
   1.0667158e+06
   1.0668544e+06
   1.0669722e+06
   1.0673162e+06
   1.0674464e+06
   1.0679234e+06
   1.0680522e+06
   1.0681976e+06
   1.0683119e+06
   1.0684379e+06
   1.0685989e+06
   1.0688035e+06
   1.0689322e+06
   1.0690721e+06
   1.0691878e+06
   1.0693358e+06
   1.0694336e+06
   1.0695816e+06
   1.0697800e+06
   1.0699979e+06
   1.0702151e+06
   1.0703357e+06
   1.0704975e+06
   1.0707499e+06
   1.0708658e+06
   1.0710233e+06
   1.0711099e+06
   1.0713945e+06
   1.0715664e+06
   1.0717872e+06
   1.0720395e+06
   1.0722552e+06
   1.0723729e+06
   1.0725206e+06
   1.0727400e+06
   1.0730081e+06
   1.0731426e+06
   1.0732846e+06
   1.0734178e+06
   1.0736209e+06
   1.0737154e+06
   1.0739074e+06
   1.0742610e+06
   1.0744448e+06
   1.0746645e+06
   1.0748926e+06
   1.0751523e+06
   1.0752800e+06
   1.0754438e+06
   1.0756307e+06
   1.0757470e+06
   1.0762386e+06
   1.0763777e+06
   1.0764585e+06
   1.0766754e+06
   1.0768255e+06
   1.0769556e+06
   1.0772562e+06
   1.0773983e+06
   1.0775145e+06
   1.0776460e+06
   1.0778402e+06
   1.0780224e+06
   1.0781833e+06
   1.0782746e+06
   1.0783659e+06
   1.0784885e+06
   1.0786314e+06
   1.0787725e+06
   1.0789138e+06
   1.0790877e+06
   1.0796894e+06
   1.0798077e+06
   1.0829721e+06
   1.0834950e+06
   1.0860633e+06
   1.0862540e+06
   1.0866374e+06
   1.0867731e+06
   1.0878763e+06
   1.0880855e+06
   1.0888848e+06
   1.0893387e+06
   1.0895339e+06
   1.0903249e+06
   1.0908625e+06
   1.0913212e+06
   1.0972530e+06
   1.1059856e+06
   1.1063437e+06
   1.1076426e+06
   1.1078925e+06
   1.1080402e+06
   1.1083031e+06
   1.1087213e+06
   1.1091977e+06
   1.1093874e+06
   1.1097023e+06
   1.1104700e+06
   1.1112715e+06
   1.1114350e+06
   1.1125846e+06
   1.1132622e+06
   1.1135891e+06
   1.1137826e+06
   1.1140898e+06
   1.1144405e+06
   1.1151433e+06
   1.1154724e+06
   1.1157373e+06
   1.1159855e+06
   1.1161601e+06
   1.1173592e+06
   1.1177273e+06
   1.1201978e+06
   1.1203687e+06
   1.1206289e+06
   1.1207501e+06
   1.1208682e+06
   1.1209725e+06
   1.1211247e+06
   1.1212964e+06
   1.1215589e+06
   1.1216860e+06
   1.1217594e+06
   1.1219148e+06
   1.1220181e+06
   1.1221383e+06
   1.1222779e+06
   1.1223893e+06
   1.1225876e+06
   1.1227605e+06
   1.1230954e+06
   1.1232696e+06
   1.1233576e+06
   1.1235084e+06
   1.1236765e+06
   1.1238293e+06
   1.1239844e+06
   1.1241664e+06
   1.1243438e+06
   1.1244884e+06
   1.1245972e+06
   1.1247964e+06
   1.1249237e+06
   1.1250341e+06
   1.1251560e+06
   1.1253010e+06
   1.1254851e+06
   1.1256272e+06
   1.1257915e+06
   1.1259532e+06
   1.1260773e+06
   1.1262013e+06
   1.1262949e+06
   1.1264176e+06
   1.1265985e+06
   1.1267236e+06
   1.1268270e+06
   1.1272098e+06
   1.1273036e+06
   1.1274195e+06
   1.1275153e+06
   1.1276364e+06
   1.1277676e+06
   1.1279617e+06
   1.1280478e+06
   1.1281822e+06
   1.1283187e+06
   1.1284791e+06
   1.1285934e+06
   1.1287169e+06
   1.1289725e+06
   1.1291055e+06
   1.1292482e+06
   1.1294608e+06
   1.1296396e+06
   1.1297918e+06
   1.1299720e+06
   1.1301194e+06
   1.1303887e+06
   1.1305033e+06
   1.1306316e+06
   1.1307334e+06
   1.1308853e+06
   1.1310543e+06
   1.1312334e+06
   1.1313888e+06
   1.1315256e+06
   1.1316743e+06
   1.1318050e+06
   1.1319055e+06
   1.1320551e+06
   1.1321563e+06
   1.1322626e+06
   1.1324122e+06
   1.1325245e+06
   1.1327105e+06
   1.1328896e+06
   1.1330111e+06
   1.1332229e+06
   1.1334040e+06
   1.1335412e+06
   1.1336884e+06
   1.1338551e+06
   1.1339456e+06
   1.1342073e+06
   1.1343566e+06
   1.1345012e+06
   1.1346841e+06
   1.1347995e+06
   1.1349070e+06
   1.1350650e+06
   1.1352579e+06
   1.1354356e+06
   1.1355800e+06
   1.1357581e+06
   1.1363285e+06
   1.1365991e+06
   1.1367399e+06
   1.1368426e+06
   1.1370006e+06
   1.1372292e+06
   1.1373838e+06
   1.1375943e+06
   1.1378823e+06
   1.1380090e+06
   1.1381417e+06
   1.1382296e+06
   1.1383473e+06
   1.1385554e+06
   1.1386473e+06
   1.1387659e+06
   1.1389341e+06
   1.1390462e+06
   1.1391366e+06
   1.1393842e+06
   1.1394827e+06
   1.1396009e+06
   1.1397592e+06
   1.1399819e+06
   1.1402686e+06
   1.1404540e+06
   1.1801116e+06
   1.1802687e+06
   1.1803790e+06
   1.1805048e+06
   1.1806144e+06
   1.1807321e+06
   1.1808288e+06
   1.1810382e+06
   1.1811534e+06
   1.1812769e+06
   1.1813790e+06
   1.1814737e+06
   1.1815849e+06
   1.1817236e+06
   1.1818253e+06
   1.1819060e+06
   1.1820088e+06
   1.1821203e+06
   1.1823469e+06
   1.1824909e+06
   1.1826127e+06
   1.1827793e+06
   1.1829748e+06
   1.1830842e+06
   1.1831701e+06
   1.1833126e+06
   1.1835251e+06
   1.1837685e+06
   1.1838844e+06
   1.1839683e+06
   1.1840947e+06
   1.1842445e+06
   1.1843628e+06
   1.1845137e+06
   1.1846433e+06
   1.1847676e+06
   1.1849021e+06
   1.1850066e+06
   1.1851699e+06
   1.1853972e+06
   1.1855106e+06
   1.1856785e+06
   1.1858203e+06
   1.1860014e+06
   1.1860992e+06
   1.1862094e+06
   1.1863161e+06
   1.1864810e+06
   1.1865850e+06
   1.1867793e+06
   1.1869595e+06
   1.1872740e+06
   1.1873758e+06
   1.1875014e+06
   1.1876256e+06
   1.1877114e+06
   1.1879233e+06
   1.1881318e+06
   1.1882591e+06
   1.1883875e+06
   1.1884930e+06
   1.1886029e+06
   1.1887729e+06
   1.1889361e+06
   1.1890899e+06
   1.1892178e+06
   1.1893448e+06
   1.1896315e+06
   1.1897954e+06
   1.1898879e+06
   1.1900389e+06
   1.1901469e+06
   1.1902554e+06
   1.1904027e+06
   1.1906409e+06
   1.1909701e+06
   1.1910704e+06
   1.1911877e+06
   1.1913057e+06
   1.1914091e+06
   1.1915225e+06
   1.1916342e+06
   1.1918371e+06
   1.1919641e+06
   1.1924359e+06
   1.1926287e+06
   1.1928747e+06
   1.1930369e+06
   1.1931739e+06
   1.1933169e+06
   1.1934593e+06
   1.1939333e+06
   1.1942237e+06
   1.1944164e+06
   1.1945612e+06
   1.1947451e+06
   1.1948877e+06
   1.1950962e+06
   1.1953252e+06
   1.1955715e+06
   1.1957269e+06
   1.1958628e+06
   1.1960466e+06
   1.1961935e+06
   1.1963341e+06
   1.1964425e+06
   1.1965631e+06
   1.1967990e+06
   1.1969139e+06
   1.1970794e+06
   1.1971747e+06
   1.1972789e+06
   1.1974216e+06
   1.1977523e+06
   1.1979780e+06
   1.1981545e+06
   1.1982629e+06
   1.1983486e+06
   1.1985629e+06
   1.1986845e+06
   1.1988980e+06
   1.1991161e+06
   1.1992283e+06
   1.1993568e+06
   1.1996810e+06
   1.2006162e+06
   1.2008983e+06
   1.2018320e+06
   1.2024338e+06
   1.2027007e+06
   1.2042996e+06
   1.2049275e+06
   1.2056117e+06
   1.2068602e+06
   1.2072120e+06
   1.2075346e+06
   1.2078492e+06
   1.2085205e+06
   1.2097174e+06
   1.2101477e+06
   1.2117621e+06
   1.2120654e+06
   1.2122369e+06
   1.2124276e+06
   1.2127183e+06
   1.2131065e+06
   1.2134300e+06
   1.2276189e+06
   1.2278956e+06
   1.2281630e+06
   1.2287402e+06
   1.2295728e+06
   1.2305092e+06
   1.2313996e+06
   1.2318846e+06
   1.2321844e+06
   1.2331893e+06
   1.2335248e+06
   1.2338266e+06
   1.2340769e+06
   1.2344853e+06
   1.2365618e+06
   1.2374560e+06
   1.2376786e+06
   1.2381069e+06
   1.2384327e+06
   1.2386796e+06
   1.2389466e+06
   1.2392681e+06
   1.2395195e+06
   1.2400834e+06
   1.2402240e+06
   1.2403143e+06
   1.2404096e+06
   1.2405113e+06
   1.2406118e+06
   1.2407286e+06
   1.2408109e+06
   1.2409824e+06
   1.2410819e+06
   1.2412002e+06
   1.2413302e+06
   1.2414436e+06
   1.2415864e+06
   1.2419175e+06
   1.2420821e+06
   1.2421972e+06
   1.2423452e+06
   1.2425042e+06
   1.2426449e+06
   1.2427531e+06
   1.2428914e+06
   1.2430197e+06
   1.2431696e+06
   1.2432604e+06
   1.2433683e+06
   1.2434970e+06
   1.2437019e+06
   1.2437844e+06
   1.2438900e+06
   1.2440160e+06
   1.2440831e+06
   1.2441959e+06
   1.2443181e+06
   1.2445021e+06
   1.2447157e+06
   1.2448504e+06
   1.2449433e+06
   1.2450380e+06
   1.2451801e+06
   1.2453071e+06
   1.2454889e+06
   1.2456035e+06
   1.2457277e+06
   1.2458962e+06
   1.2461012e+06
   1.2461985e+06
   1.2463320e+06
   1.2464320e+06
   1.2465241e+06
   1.2466888e+06
   1.2468199e+06
   1.2469679e+06
   1.2472511e+06
   1.2474557e+06
   1.2476014e+06
   1.2477207e+06
   1.2478871e+06
   1.2481215e+06
   1.2482757e+06
   1.2483686e+06
   1.2484911e+06
   1.2485922e+06
   1.2486776e+06
   1.2488116e+06
   1.2489518e+06
   1.2490746e+06
   1.2491879e+06
   1.2493671e+06
   1.2495595e+06
   1.2496789e+06
   1.2497575e+06
   1.2498746e+06
   1.2500142e+06
   1.2502363e+06
   1.2503550e+06
   1.2505147e+06
   1.2507087e+06
   1.2508518e+06
   1.2509570e+06
   1.2510915e+06
   1.2512169e+06
   1.2514207e+06
   1.2515441e+06
   1.2516709e+06
   1.2518379e+06
   1.2519265e+06
   1.2520612e+06
   1.2521826e+06
   1.2523182e+06
   1.2524177e+06
   1.2525745e+06
   1.2527388e+06
   1.2528378e+06
   1.2529648e+06
   1.2530749e+06
   1.2532785e+06
   1.2534217e+06
   1.2535853e+06
   1.2537482e+06
   1.2538916e+06
   1.2539928e+06
   1.2542309e+06
   1.2543334e+06
   1.2544387e+06
   1.2546101e+06
   1.2546942e+06
   1.2547996e+06
   1.2548939e+06
   1.2550495e+06
   1.2551734e+06
   1.2552564e+06
   1.2554063e+06
   1.2560119e+06
   1.2561081e+06
   1.2563624e+06
   1.2564417e+06
   1.2565622e+06
   1.2566679e+06
   1.2567504e+06
   1.2568990e+06
   1.2570215e+06
   1.2571546e+06
   1.2572953e+06
   1.2574115e+06
   1.2576079e+06
   1.2577571e+06
   1.2578944e+06
   1.2580244e+06
   1.2582186e+06
   1.2583408e+06
   1.2584417e+06
   1.2585580e+06
   1.2731857e+06
   1.2734683e+06
   1.2763558e+06
   1.2771165e+06
   1.2782418e+06
   1.2787676e+06
   1.2790345e+06
   1.2793680e+06
   1.2802829e+06
   1.2836701e+06
   1.2841821e+06
   1.2844080e+06
   1.2846898e+06
   1.2855568e+06
   1.2860972e+06
   1.2863589e+06
   1.2868265e+06
   1.2875479e+06
   1.2881012e+06
   1.2886051e+06
   1.2890476e+06
   1.2893988e+06
   1.2896277e+06
   1.2898137e+06
   1.2901244e+06
   1.2904687e+06
   1.2909543e+06
   1.2912089e+06
   1.2915380e+06
   1.2918238e+06
   1.2920652e+06
   1.2923368e+06
   1.2924608e+06
   1.2928166e+06
   1.2940915e+06
   1.2943661e+06
   1.2945302e+06
   1.2947997e+06
   1.2950830e+06
   1.2967601e+06
   1.2973482e+06
   1.3001624e+06
   1.3002892e+06
   1.3004096e+06
   1.3005740e+06
   1.3007144e+06
   1.3008191e+06
   1.3009499e+06
   1.3010571e+06
   1.3011662e+06
   1.3013105e+06
   1.3014764e+06
   1.3016459e+06
   1.3017867e+06
   1.3019279e+06
   1.3020345e+06
   1.3021586e+06
   1.3022569e+06
   1.3023586e+06
   1.3024442e+06
   1.3025374e+06
   1.3026265e+06
   1.3027675e+06
   1.3028835e+06
   1.3029819e+06
   1.3030698e+06
   1.3031810e+06
   1.3032836e+06
   1.3034185e+06
   1.3034913e+06
   1.3037624e+06
   1.3038820e+06
   1.3040303e+06
   1.3041260e+06
   1.3042572e+06
   1.3043717e+06
   1.3045234e+06
   1.3046275e+06
   1.3047188e+06
   1.3048085e+06
   1.3049000e+06
   1.3050065e+06
   1.3050969e+06
   1.3052138e+06
   1.3053440e+06
   1.3054197e+06
   1.3055177e+06
   1.3056430e+06
   1.3057639e+06
   1.3058720e+06
   1.3059832e+06
   1.3060787e+06
   1.3062230e+06
   1.3063572e+06
   1.3064646e+06
   1.3065880e+06
   1.3067387e+06
   1.3068447e+06
   1.3069945e+06
   1.3072923e+06
   1.3074647e+06
   1.3075712e+06
   1.3077323e+06
   1.3078675e+06
   1.3080086e+06
   1.3081772e+06
   1.3082942e+06
   1.3084043e+06
   1.3085424e+06
   1.3087046e+06
   1.3088339e+06
   1.3090107e+06
   1.3091399e+06
   1.3093036e+06
   1.3094571e+06
   1.3095672e+06
   1.3098109e+06
   1.3099047e+06
   1.3100182e+06
   1.3101151e+06
   1.3102587e+06
   1.3104107e+06
   1.3105174e+06
   1.3106681e+06
   1.3107734e+06
   1.3109313e+06
   1.3110658e+06
   1.3113685e+06
   1.3114644e+06
   1.3115929e+06
   1.3117236e+06
   1.3118871e+06
   1.3120424e+06
   1.3123756e+06
   1.3124917e+06
   1.3126101e+06
   1.3127209e+06
   1.3128316e+06
   1.3129420e+06
   1.3130460e+06
   1.3131745e+06
   1.3133113e+06
   1.3134391e+06
   1.3135545e+06
   1.3137586e+06
   1.3141859e+06
   1.3142982e+06
   1.3146921e+06
   1.3147746e+06
   1.3148809e+06
   1.3150600e+06
   1.3151843e+06
   1.3153393e+06
   1.3155029e+06
   1.3156097e+06
   1.3157252e+06
   1.3160501e+06
   1.3162178e+06
   1.3163785e+06
   1.3165067e+06
   1.3166050e+06
   1.3167224e+06
   1.3168846e+06
   1.3170056e+06
   1.3171699e+06
   1.3172727e+06
   1.3173811e+06
   1.3175255e+06
   1.3176727e+06
   1.3179156e+06
   1.3181933e+06
   1.3182725e+06
   1.3183849e+06
   1.3185181e+06
   1.3186582e+06
   1.3187535e+06
   1.3188725e+06
   1.3190423e+06
   1.3192800e+06
   1.3193980e+06
   1.3195389e+06
   1.3196686e+06
   1.3198199e+06
   1.3199778e+06
   1.3217564e+06
   1.3230397e+06
   1.3240989e+06
   1.3243694e+06
   1.3248240e+06
   1.3251873e+06
   1.3258659e+06
   1.3289656e+06
   1.3293540e+06
   1.3312854e+06
   1.3320042e+06
   1.3328116e+06
   1.3332829e+06
   1.3336048e+06
   1.3344972e+06
   1.3601531e+06
   1.3602865e+06
   1.3603860e+06
   1.3605182e+06
   1.3606684e+06
   1.3607713e+06
   1.3608775e+06
   1.3609982e+06
   1.3611251e+06
   1.3612281e+06
   1.3613423e+06
   1.3614646e+06
   1.3615660e+06
   1.3616736e+06
   1.3618031e+06
   1.3619440e+06
   1.3622007e+06
   1.3623447e+06
   1.3624709e+06
   1.3625700e+06
   1.3626906e+06
   1.3628156e+06
   1.3629706e+06
   1.3631333e+06
   1.3633142e+06
   1.3634424e+06
   1.3635399e+06
   1.3636472e+06
   1.3637557e+06
   1.3638722e+06
   1.3639766e+06
   1.3641313e+06
   1.3642562e+06
   1.3644500e+06
   1.3645583e+06
   1.3646661e+06
   1.3647661e+06
   1.3648563e+06
   1.3649429e+06
   1.3650285e+06
   1.3651257e+06
   1.3652207e+06
   1.3653791e+06
   1.3655178e+06
   1.3656131e+06
   1.3657610e+06
   1.3658864e+06
   1.3659621e+06
   1.3660626e+06
   1.3661866e+06
   1.3663483e+06
   1.3664341e+06
   1.3665284e+06
   1.3666267e+06
   1.3667768e+06
   1.3668649e+06
   1.3669675e+06
   1.3671682e+06
   1.3673287e+06
   1.3675253e+06
   1.3676188e+06
   1.3677655e+06
   1.3679603e+06
   1.3680754e+06
   1.3681885e+06
   1.3683307e+06
   1.3684507e+06
   1.3685947e+06
   1.3687175e+06
   1.3688648e+06
   1.3689758e+06
   1.3690749e+06
   1.3691516e+06
   1.3692604e+06
   1.3693973e+06
   1.3694950e+06
   1.3696128e+06
   1.3697246e+06
   1.3698629e+06
   1.3700692e+06
   1.3701641e+06
   1.3702529e+06
   1.3703668e+06
   1.3704901e+06
   1.3706273e+06
   1.3707387e+06
   1.3708311e+06
   1.3709715e+06
   1.3710761e+06
   1.3711984e+06
   1.3713047e+06
   1.3714081e+06
   1.3715059e+06
   1.3716322e+06
   1.3717451e+06
   1.3718752e+06
   1.3719858e+06
   1.3720661e+06
   1.3721450e+06
   1.3722705e+06
   1.3724097e+06
   1.3724911e+06
   1.3726208e+06
   1.3727390e+06
   1.3729008e+06
   1.3730571e+06
   1.3732009e+06
   1.3733351e+06
   1.3734322e+06
   1.3735386e+06
   1.3736754e+06
   1.3737811e+06
   1.3739257e+06
   1.3742082e+06
   1.3744211e+06
   1.3745263e+06
   1.3746784e+06
   1.3747864e+06
   1.3749419e+06
   1.3750750e+06
   1.3752331e+06
   1.3753035e+06
   1.3754166e+06
   1.3755177e+06
   1.3756014e+06
   1.3757967e+06
   1.3759030e+06
   1.3759988e+06
   1.3760810e+06
   1.3761674e+06
   1.3762530e+06
   1.3763839e+06
   1.3764593e+06
   1.3766208e+06
   1.3767499e+06
   1.3768455e+06
   1.3770851e+06
   1.3772002e+06
   1.3772865e+06
   1.3773613e+06
   1.3774609e+06
   1.3776565e+06
   1.3777919e+06
   1.3779065e+06
   1.3780255e+06
   1.3782363e+06
   1.3783556e+06
   1.3784730e+06
   1.3785926e+06
   1.3787285e+06
   1.3788344e+06
   1.3789279e+06
   1.3790288e+06
   1.3791607e+06
   1.3793122e+06
   1.3794401e+06
   1.3795556e+06
   1.3797132e+06
   1.3798885e+06
   1.3817904e+06
   1.3826543e+06
   1.3829131e+06
   1.3831350e+06
   1.3834201e+06
   1.3847910e+06
   1.4201241e+06
   1.4202299e+06
   1.4203642e+06
   1.4204640e+06
   1.4205483e+06
   1.4206503e+06
   1.4207731e+06
   1.4208654e+06
   1.4209436e+06
   1.4210308e+06
   1.4211140e+06
   1.4212197e+06
   1.4213474e+06
   1.4214549e+06
   1.4216016e+06
   1.4216804e+06
   1.4218000e+06
   1.4218788e+06
   1.4219482e+06
   1.4220648e+06
   1.4221575e+06
   1.4222735e+06
   1.4223575e+06
   1.4224533e+06
   1.4225624e+06
   1.4226416e+06
   1.4227402e+06
   1.4228467e+06
   1.4229798e+06
   1.4231132e+06
   1.4232486e+06
   1.4233615e+06
   1.4234661e+06
   1.4235560e+06
   1.4236491e+06
   1.4237572e+06
   1.4238486e+06
   1.4239449e+06
   1.4240381e+06
   1.4241181e+06
   1.4242470e+06
   1.4243522e+06
   1.4244794e+06
   1.4245927e+06
   1.4247098e+06
   1.4248520e+06
   1.4249488e+06
   1.4250463e+06
   1.4251941e+06
   1.4253205e+06
   1.4254220e+06
   1.4255070e+06
   1.4256357e+06
   1.4257313e+06
   1.4258307e+06
   1.4259436e+06
   1.4260422e+06
   1.4261171e+06
   1.4262115e+06
   1.4263077e+06
   1.4264286e+06
   1.4265246e+06
   1.4266505e+06
   1.4267853e+06
   1.4268907e+06
   1.4269737e+06
   1.4272131e+06
   1.4273214e+06
   1.4274254e+06
   1.4275123e+06
   1.4276094e+06
   1.4277419e+06
   1.4278372e+06
   1.4279601e+06
   1.4280658e+06
   1.4281806e+06
   1.4282760e+06
   1.4283650e+06
   1.4285341e+06
   1.4286151e+06
   1.4287230e+06
   1.4288300e+06
   1.4289208e+06
   1.4290644e+06
   1.4291583e+06
   1.4292708e+06
   1.4293680e+06
   1.4294697e+06
   1.4295674e+06
   1.4296605e+06
   1.4297736e+06
   1.4298720e+06
   1.4299900e+06
   1.4300840e+06
   1.4302002e+06
   1.4303168e+06
   1.4304342e+06
   1.4305185e+06
   1.4306141e+06
   1.4307170e+06
   1.4308248e+06
   1.4309192e+06
   1.4310421e+06
   1.4311572e+06
   1.4312568e+06
   1.4313438e+06
   1.4314441e+06
   1.4315815e+06
   1.4316466e+06
   1.4317833e+06
   1.4319058e+06
   1.4320112e+06
   1.4321182e+06
   1.4322636e+06
   1.4323516e+06
   1.4324578e+06
   1.4325663e+06
   1.4326657e+06
   1.4327626e+06
   1.4328554e+06
   1.4329858e+06
   1.4331293e+06
   1.4332907e+06
   1.4333645e+06
   1.4334437e+06
   1.4335946e+06
   1.4337098e+06
   1.4337956e+06
   1.4341228e+06
   1.4342227e+06
   1.4343334e+06
   1.4344466e+06
   1.4345451e+06
   1.4347172e+06
   1.4348023e+06
   1.4349023e+06
   1.4349788e+06
   1.4350792e+06
   1.4351730e+06
   1.4353896e+06
   1.4354777e+06
   1.4355727e+06
   1.4356514e+06
   1.4357526e+06
   1.4358550e+06
   1.4359503e+06
   1.4360810e+06
   1.4361783e+06
   1.4362443e+06
   1.4363537e+06
   1.4364543e+06
   1.4365829e+06
   1.4367112e+06
   1.4368823e+06
   1.4370005e+06
   1.4371158e+06
   1.4372023e+06
   1.4373361e+06
   1.4374308e+06
   1.4375850e+06
   1.4377486e+06
   1.4378752e+06
   1.4379840e+06
   1.4380944e+06
   1.4381939e+06
   1.4383347e+06
   1.4384785e+06
   1.4386266e+06
   1.4387308e+06
   1.4388316e+06
   1.4390671e+06
   1.4391610e+06
   1.4392438e+06
   1.4394076e+06
   1.4395586e+06
   1.4396534e+06
   1.4397579e+06
   1.4399343e+06
   1.4408177e+06
   1.4489440e+06
   1.4494884e+06
   1.4500445e+06
   1.4504895e+06
   1.4508161e+06
   1.4515593e+06
   1.4533331e+06
   1.4535817e+06
   1.4542667e+06
   1.4544849e+06
   1.4567010e+06
   1.4580928e+06
   1.4584276e+06
   1.4587249e+06
   1.4589914e+06
   1.4599302e+06
   1.4603192e+06
   1.4622736e+06
   1.4625690e+06
   1.4629947e+06
   1.4634625e+06
   1.4642863e+06
   1.4647090e+06
   1.4672986e+06
   1.4680940e+06
   1.4682786e+06
   1.4685612e+06
   1.4694998e+06
   1.4715062e+06
   1.4722471e+06
   1.4739836e+06
   1.4751637e+06
   1.4753673e+06
   1.4756545e+06
   1.4762161e+06
   1.4765216e+06
   1.4767227e+06
   1.4774956e+06
   1.4801497e+06
   1.4802549e+06
   1.4803820e+06
   1.4805075e+06
   1.4806072e+06
   1.4807478e+06
   1.4808603e+06
   1.4809709e+06
   1.4811051e+06
   1.4812757e+06
   1.4814187e+06
   1.4815288e+06
   1.4816134e+06
   1.4817026e+06
   1.4818468e+06
   1.4819225e+06
   1.4820153e+06
   1.4821045e+06
   1.4822436e+06
   1.4824244e+06
   1.4825577e+06
   1.4827083e+06
   1.4828949e+06
   1.4830648e+06
   1.4831456e+06
   1.4832298e+06
   1.4833140e+06
   1.4834483e+06
   1.4835311e+06
   1.4836421e+06
   1.4837549e+06
   1.4838431e+06
   1.4839670e+06
   1.4840802e+06
   1.4841596e+06
   1.4842463e+06
   1.4843601e+06
   1.4844539e+06
   1.4845400e+06
   1.4846377e+06
   1.4847515e+06
   1.4848479e+06
   1.4849303e+06
   1.4850249e+06
   1.4851703e+06
   1.4852403e+06
   1.4853544e+06
   1.4854392e+06
   1.4855088e+06
   1.4856283e+06
   1.4857095e+06
   1.4857903e+06
   1.4858626e+06
   1.4859724e+06
   1.4860874e+06
   1.4861964e+06
   1.4862713e+06
   1.4863677e+06
   1.4865196e+06
   1.4866040e+06
   1.4867455e+06
   1.4868479e+06
   1.4869292e+06
   1.4871342e+06
   1.4872126e+06
   1.4873129e+06
   1.4874420e+06
   1.4875264e+06
   1.4876199e+06
   1.4877298e+06
   1.4878205e+06
   1.4879034e+06
   1.4880155e+06
   1.4880846e+06
   1.4881835e+06
   1.4882936e+06
   1.4883873e+06
   1.4884771e+06
   1.4885784e+06
   1.4886995e+06
   1.4887984e+06
   1.4889149e+06
   1.4889969e+06
   1.4890845e+06
   1.4892148e+06
   1.4892927e+06
   1.4894018e+06
   1.4895637e+06
   1.4896509e+06
   1.4897382e+06
   1.4898289e+06
   1.4899558e+06
   1.4900419e+06
   1.4901516e+06
   1.4903032e+06
   1.4904342e+06
   1.4905478e+06
   1.4906567e+06
   1.4907714e+06
   1.4909061e+06
   1.4909899e+06
   1.4911447e+06
   1.4912469e+06
   1.4913465e+06
   1.4914204e+06
   1.4915571e+06
   1.4916727e+06
   1.4917521e+06
   1.4918434e+06
   1.4919328e+06
   1.4920578e+06
   1.4921775e+06
   1.4923028e+06
   1.4924349e+06
   1.4925484e+06
   1.4926440e+06
   1.4927210e+06
   1.4928125e+06
   1.4929357e+06
   1.4930238e+06
   1.4931210e+06
   1.4932071e+06
   1.4933139e+06
   1.4934147e+06
   1.4935236e+06
   1.4936102e+06
   1.4937239e+06
   1.4938216e+06
   1.4939269e+06
   1.4941121e+06
   1.4942202e+06
   1.4943496e+06
   1.4944184e+06
   1.4944892e+06
   1.4945770e+06
   1.4946661e+06
   1.4947620e+06
   1.4948575e+06
   1.4949531e+06
   1.4950534e+06
   1.4951360e+06
   1.4952328e+06
   1.4953207e+06
   1.4954116e+06
   1.4954802e+06
   1.4955946e+06
   1.4956688e+06
   1.4957708e+06
   1.4958708e+06
   1.4959752e+06
   1.4961877e+06
   1.4962844e+06
   1.4963595e+06
   1.4964634e+06
   1.4965896e+06
   1.4966784e+06
   1.4967839e+06
   1.4969013e+06
   1.4969899e+06
   1.4970835e+06
   1.4971881e+06
   1.4972971e+06
   1.4974103e+06
   1.4975214e+06
   1.4976500e+06
   1.4977536e+06
   1.4978380e+06
   1.4979413e+06
   1.4980445e+06
   1.4981515e+06
   1.4982254e+06
   1.4983416e+06
   1.4984370e+06
   1.4985151e+06
   1.4986128e+06
   1.4987794e+06
   1.4989489e+06
   1.4990382e+06
   1.4991307e+06
   1.4992501e+06
   1.4993426e+06
   1.4994530e+06
   1.4995333e+06
   1.4996245e+06
   1.4997399e+06
   1.4998125e+06
   1.4999003e+06
   1.4999975e+06
   1.5002497e+06
   1.5011581e+06
   1.5017537e+06
   1.5019809e+06
   1.5029845e+06
   1.5036414e+06
   1.5040070e+06
   1.5077896e+06
   1.5087050e+06
   1.5097790e+06
   1.5101659e+06
   1.5109156e+06
   1.5111487e+06
   1.5114788e+06
   1.5237713e+06
   1.5241064e+06
   1.5251689e+06
   1.5256763e+06
   1.5266576e+06
   1.5271538e+06
   1.5275933e+06
   1.5280553e+06
   1.5295910e+06
   1.5299796e+06
   1.5305301e+06
   1.5306997e+06
   1.5310563e+06
   1.5313804e+06
   1.5322431e+06
   1.5329406e+06
   1.5341170e+06
   1.5361143e+06
   1.5362910e+06
   1.5373176e+06
   1.5386608e+06
   1.5392019e+06
   1.5396456e+06
   1.5401346e+06
   1.5402183e+06
   1.5402991e+06
   1.5403791e+06
   1.5405475e+06
   1.5406147e+06
   1.5407345e+06
   1.5408745e+06
   1.5410151e+06
   1.5410926e+06
   1.5412279e+06
   1.5413457e+06
   1.5414164e+06
   1.5415085e+06
   1.5416115e+06
   1.5417109e+06
   1.5418108e+06
   1.5419298e+06
   1.5420039e+06
   1.5420825e+06
   1.5422350e+06
   1.5423380e+06
   1.5424446e+06
   1.5425409e+06
   1.5426389e+06
   1.5427278e+06
   1.5427986e+06
   1.5428791e+06
   1.5429632e+06
   1.5430426e+06
   1.5431246e+06
   1.5432218e+06
   1.5433003e+06
   1.5434293e+06
   1.5435324e+06
   1.5437233e+06
   1.5438162e+06
   1.5439179e+06
   1.5440129e+06
   1.5441123e+06
   1.5441924e+06
   1.5442991e+06
   1.5444167e+06
   1.5445239e+06
   1.5446712e+06
   1.5447731e+06
   1.5448582e+06
   1.5449956e+06
   1.5450927e+06
   1.5451835e+06
   1.5452582e+06
   1.5453628e+06
   1.5454420e+06
   1.5455998e+06
   1.5456739e+06
   1.5457690e+06
   1.5458521e+06
   1.5459561e+06
   1.5460902e+06
   1.5461869e+06
   1.5462676e+06
   1.5463667e+06
   1.5464537e+06
   1.5466003e+06
   1.5466945e+06
   1.5467867e+06
   1.5468926e+06
   1.5470829e+06
   1.5472332e+06
   1.5473534e+06
   1.5474604e+06
   1.5475434e+06
   1.5476609e+06
   1.5477497e+06
   1.5478571e+06
   1.5479330e+06
   1.5480509e+06
   1.5481680e+06
   1.5482457e+06
   1.5483210e+06
   1.5484038e+06
   1.5485082e+06
   1.5485830e+06
   1.5487191e+06
   1.5488228e+06
   1.5488916e+06
   1.5490072e+06
   1.5490845e+06
   1.5491843e+06
   1.5493298e+06
   1.5494190e+06
   1.5495068e+06
   1.5496404e+06
   1.5497413e+06
   1.5498680e+06
   1.5499796e+06
   1.5500674e+06
   1.5501598e+06
   1.5502559e+06
   1.5503993e+06
   1.5505084e+06
   1.5506537e+06
   1.5507528e+06
   1.5508964e+06
   1.5510201e+06
   1.5511056e+06
   1.5512228e+06
   1.5513189e+06
   1.5514427e+06
   1.5515745e+06
   1.5516933e+06
   1.5518618e+06
   1.5519638e+06
   1.5520573e+06
   1.5522416e+06
   1.5523168e+06
   1.5523853e+06
   1.5524603e+06
   1.5525401e+06
   1.5526531e+06
   1.5527399e+06
   1.5528846e+06
   1.5529870e+06
   1.5531201e+06
   1.5532057e+06
   1.5533321e+06
   1.5534200e+06
   1.5535066e+06
   1.5536112e+06
   1.5537163e+06
   1.5538221e+06
   1.5539333e+06
   1.5541266e+06
   1.5542324e+06
   1.5543308e+06
   1.5544508e+06
   1.5545423e+06
   1.5546342e+06
   1.5548972e+06
   1.5549923e+06
   1.5550764e+06
   1.5551492e+06
   1.5552685e+06
   1.5553430e+06
   1.5554319e+06
   1.5555557e+06
   1.5557192e+06
   1.5558386e+06
   1.5559603e+06
   1.5561127e+06
   1.5562282e+06
   1.5563043e+06
   1.5564037e+06
   1.5565269e+06
   1.5566039e+06
   1.5567364e+06
   1.5568517e+06
   1.5569256e+06
   1.5570340e+06
   1.5571334e+06
   1.5572787e+06
   1.5573776e+06
   1.5574589e+06
   1.5575538e+06
   1.5576757e+06
   1.5577623e+06
   1.5578844e+06
   1.5580084e+06
   1.5580866e+06
   1.5581794e+06
   1.5583058e+06
   1.5583910e+06
   1.5584699e+06
   1.5585921e+06
   1.5586780e+06
   1.5587621e+06
   1.5588329e+06
   1.5589441e+06
   1.5590285e+06
   1.5591190e+06
   1.5592290e+06
   1.5592902e+06
   1.5593891e+06
   1.5595211e+06
   1.5596148e+06
   1.5597060e+06
   1.5598000e+06
   1.5598913e+06
   1.5599733e+06
   1.5604362e+06
   1.5614658e+06
   1.5619307e+06
   1.5621844e+06
   1.5625516e+06
   1.5627666e+06
   1.5632522e+06
   1.5646520e+06
   1.5667365e+06
   1.5669389e+06
   1.5676480e+06
   1.5700180e+06
   1.5837022e+06
   1.5840554e+06
   1.5843459e+06
   1.5845279e+06
   1.5850729e+06
   1.5868064e+06
   1.5871505e+06
   1.5882364e+06
   1.5884946e+06
   1.5887982e+06
   1.5889505e+06
   1.5904754e+06
   1.5908904e+06
   1.5923766e+06
   1.5933404e+06
   1.5937380e+06
   1.5943343e+06
   1.5945392e+06
   1.5949077e+06
   1.5961169e+06
   1.5966758e+06
   1.5970810e+06
   1.5976638e+06
   1.5978404e+06
   1.5981376e+06
   1.5987349e+06
   1.5989448e+06
   1.5991336e+06
   1.6000817e+06
   1.6001537e+06
   1.6002392e+06
   1.6004033e+06
   1.6004815e+06
   1.6005728e+06
   1.6006537e+06
   1.6007216e+06
   1.6008232e+06
   1.6008966e+06
   1.6009714e+06
   1.6010340e+06
   1.6011194e+06
   1.6012420e+06
   1.6013252e+06
   1.6014106e+06
   1.6014867e+06
   1.6015805e+06
   1.6016553e+06
   1.6017656e+06
   1.6018550e+06
   1.6019545e+06
   1.6020197e+06
   1.6021040e+06
   1.6021947e+06
   1.6022779e+06
   1.6023868e+06
   1.6024858e+06
   1.6025753e+06
   1.6026527e+06
   1.6027252e+06
   1.6028169e+06
   1.6029158e+06
   1.6030052e+06
   1.6031228e+06
   1.6032056e+06
   1.6032897e+06
   1.6033886e+06
   1.6034773e+06
   1.6035634e+06
   1.6036388e+06
   1.6037725e+06
   1.6039002e+06
   1.6040159e+06
   1.6041181e+06
   1.6042023e+06
   1.6042739e+06
   1.6043682e+06
   1.6044507e+06
   1.6045521e+06
   1.6046228e+06
   1.6047052e+06
   1.6048005e+06
   1.6049389e+06
   1.6050402e+06
   1.6051369e+06
   1.6052025e+06
   1.6052999e+06
   1.6054217e+06
   1.6054980e+06
   1.6055878e+06
   1.6056788e+06
   1.6057722e+06
   1.6058730e+06
   1.6059612e+06
   1.6060338e+06
   1.6061143e+06
   1.6062003e+06
   1.6063092e+06
   1.6064190e+06
   1.6065098e+06
   1.6066011e+06
   1.6067077e+06
   1.6067981e+06
   1.6069244e+06
   1.6071665e+06
   1.6072641e+06
   1.6074280e+06
   1.6075006e+06
   1.6075850e+06
   1.6076710e+06
   1.6077673e+06
   1.6078521e+06
   1.6079403e+06
   1.6080285e+06
   1.6081441e+06
   1.6082227e+06
   1.6083465e+06
   1.6084283e+06
   1.6085002e+06
   1.6085753e+06
   1.6086694e+06
   1.6087409e+06
   1.6088299e+06
   1.6089274e+06
   1.6090412e+06
   1.6091615e+06
   1.6092476e+06
   1.6093772e+06
   1.6094850e+06
   1.6095667e+06
   1.6096623e+06
   1.6097653e+06
   1.6098483e+06
   1.6099412e+06
   1.6100481e+06
   1.6101451e+06
   1.6102528e+06
   1.6103567e+06
   1.6104642e+06
   1.6105506e+06
   1.6106441e+06
   1.6107426e+06
   1.6108620e+06
   1.6109656e+06
   1.6110588e+06
   1.6111454e+06
   1.6112809e+06
   1.6113665e+06
   1.6114926e+06
   1.6116088e+06
   1.6116999e+06
   1.6117776e+06
   1.6118831e+06
   1.6120028e+06
   1.6120893e+06
   1.6121941e+06
   1.6122848e+06
   1.6123706e+06
   1.6124994e+06
   1.6125747e+06
   1.6126569e+06
   1.6127626e+06
   1.6128470e+06
   1.6129171e+06
   1.6130079e+06
   1.6131070e+06
   1.6131993e+06
   1.6134126e+06
   1.6135112e+06
   1.6136299e+06
   1.6137313e+06
   1.6138365e+06
   1.6139210e+06
   1.6141496e+06
   1.6142831e+06
   1.6143797e+06
   1.6144939e+06
   1.6145712e+06
   1.6147131e+06
   1.6148032e+06
   1.6149123e+06
   1.6149968e+06
   1.6150882e+06
   1.6151789e+06
   1.6153097e+06
   1.6154134e+06
   1.6155385e+06
   1.6156667e+06
   1.6157472e+06
   1.6158406e+06
   1.6159351e+06
   1.6160174e+06
   1.6161449e+06
   1.6162236e+06
   1.6163240e+06
   1.6164051e+06
   1.6164975e+06
   1.6165895e+06
   1.6167151e+06
   1.6167779e+06
   1.6168889e+06
   1.6169637e+06
   1.6170640e+06
   1.6171607e+06
   1.6172756e+06
   1.6173644e+06
   1.6174431e+06
   1.6175438e+06
   1.6176242e+06
   1.6177480e+06
   1.6178425e+06
   1.6179345e+06
   1.6180648e+06
   1.6181945e+06
   1.6182714e+06
   1.6183571e+06
   1.6184472e+06
   1.6185321e+06
   1.6186315e+06
   1.6187374e+06
   1.6188333e+06
   1.6189291e+06
   1.6190257e+06
   1.6191157e+06
   1.6192061e+06
   1.6192955e+06
   1.6194202e+06
   1.6195307e+06
   1.6196241e+06
   1.6197987e+06
   1.6198737e+06
   1.6199594e+06
   1.6203901e+06
   1.6208445e+06
   1.6210380e+06
   1.6214501e+06
   1.6219280e+06
   1.6222206e+06
   1.6229550e+06
   1.6233586e+06
   1.6236529e+06
   1.6243651e+06
   1.6250988e+06
   1.6260076e+06
   1.6263807e+06
   1.6271737e+06
   1.6277472e+06
   1.6289618e+06
   1.6293490e+06
   1.6296158e+06
   1.6297687e+06
   1.6347292e+06
   1.6371565e+06
   1.6379788e+06
   1.6383289e+06
   1.6388500e+06
   1.6390913e+06
   1.6400073e+06
   1.6405288e+06
   1.6410206e+06
   1.6414297e+06
   1.6417544e+06
   1.6420116e+06
   1.6434768e+06
   1.6448872e+06
   1.6451984e+06
   1.6457267e+06
   1.6460379e+06
   1.6469489e+06
   1.6471913e+06
   1.6476195e+06
   1.6483447e+06
   1.6486557e+06
   1.6495586e+06
   1.6500598e+06
   1.6508250e+06
   1.6516347e+06
   1.6519386e+06
   1.6524264e+06
   1.6526464e+06
   1.6538003e+06
   1.6540289e+06
   1.6547915e+06
   1.6553397e+06
   1.6566502e+06
   1.6600934e+06
   1.6601733e+06
   1.6602586e+06
   1.6603542e+06
   1.6604447e+06
   1.6605149e+06
   1.6606113e+06
   1.6607056e+06
   1.6607710e+06
   1.6609090e+06
   1.6609893e+06
   1.6611060e+06
   1.6611973e+06
   1.6612767e+06
   1.6613362e+06
   1.6614087e+06
   1.6614894e+06
   1.6615752e+06
   1.6616763e+06
   1.6617568e+06
   1.6618428e+06
   1.6619194e+06
   1.6620347e+06
   1.6621112e+06
   1.6622229e+06
   1.6623417e+06
   1.6624436e+06
   1.6625230e+06
   1.6626083e+06
   1.6626924e+06
   1.6627918e+06
   1.6629193e+06
   1.6630529e+06
   1.6631982e+06
   1.6632679e+06
   1.6633599e+06
   1.6634995e+06
   1.6636199e+06
   1.6636869e+06
   1.6637876e+06
   1.6639257e+06
   1.6640196e+06
   1.6641066e+06
   1.6642011e+06
   1.6643196e+06
   1.6643995e+06
   1.6644862e+06
   1.6645783e+06
   1.6646727e+06
   1.6647777e+06
   1.6648454e+06
   1.6649546e+06
   1.6650160e+06
   1.6650951e+06
   1.6651848e+06
   1.6652754e+06
   1.6653803e+06
   1.6654824e+06
   1.6655925e+06
   1.6656943e+06
   1.6657977e+06
   1.6658936e+06
   1.6660138e+06
   1.6660912e+06
   1.6661608e+06
   1.6662892e+06
   1.6663869e+06
   1.6664816e+06
   1.6665946e+06
   1.6667016e+06
   1.6667801e+06
   1.6668667e+06
   1.6669673e+06
   1.6672803e+06
   1.6673608e+06
   1.6674351e+06
   1.6675335e+06
   1.6676315e+06
   1.6677417e+06
   1.6678414e+06
   1.6679198e+06
   1.6680416e+06
   1.6681087e+06
   1.6682018e+06
   1.6682800e+06
   1.6683874e+06
   1.6684974e+06
   1.6685759e+06
   1.6686786e+06
   1.6687546e+06
   1.6688316e+06
   1.6689231e+06
   1.6690109e+06
   1.6690839e+06
   1.6692006e+06
   1.6693181e+06
   1.6694588e+06
   1.6695415e+06
   1.6696724e+06
   1.6697701e+06
   1.6699087e+06
   1.6699792e+06
   1.6700654e+06
   1.6701433e+06
   1.6702520e+06
   1.6703504e+06
   1.6704182e+06
   1.6704949e+06
   1.6706145e+06
   1.6706999e+06
   1.6708048e+06
   1.6708929e+06
   1.6709954e+06
   1.6710701e+06
   1.6711476e+06
   1.6712375e+06
   1.6713398e+06
   1.6714291e+06
   1.6715145e+06
   1.6716045e+06
   1.6716877e+06
   1.6717624e+06
   1.6718914e+06
   1.6719645e+06
   1.6720592e+06
   1.6721703e+06
   1.6722808e+06
   1.6723616e+06
   1.6724382e+06
   1.6725223e+06
   1.6726138e+06
   1.6727261e+06
   1.6727965e+06
   1.6728762e+06
   1.6729480e+06
   1.6730152e+06
   1.6731207e+06
   1.6733116e+06
   1.6733846e+06
   1.6735058e+06
   1.6735911e+06
   1.6736821e+06
   1.6737741e+06
   1.6738856e+06
   1.6739917e+06
   1.6741685e+06
   1.6742369e+06
   1.6743305e+06
   1.6744607e+06
   1.6745644e+06
   1.6746747e+06
   1.6747906e+06
   1.6748717e+06
   1.6749771e+06
   1.6750518e+06
   1.6751604e+06
   1.6752577e+06
   1.6753545e+06
   1.6754199e+06
   1.6754956e+06
   1.6756105e+06
   1.6757207e+06
   1.6758001e+06
   1.6759162e+06
   1.6760265e+06
   1.6760918e+06
   1.6761919e+06
   1.6762886e+06
   1.6763862e+06
   1.6764910e+06
   1.6765536e+06
   1.6766184e+06
   1.6767535e+06
   1.6768597e+06
   1.6769567e+06
   1.6771184e+06
   1.6771940e+06
   1.6772881e+06
   1.6774038e+06
   1.6774838e+06
   1.6775452e+06
   1.6776289e+06
   1.6777130e+06
   1.6777825e+06
   1.6778498e+06
   1.6779557e+06
   1.6780405e+06
   1.6781659e+06
   1.6782421e+06
   1.6783279e+06
   1.6784120e+06
   1.6785125e+06
   1.6786160e+06
   1.6787682e+06
   1.6788700e+06
   1.6789523e+06
   1.6790653e+06
   1.6791790e+06
   1.6792665e+06
   1.6793393e+06
   1.6794315e+06
   1.6795304e+06
   1.6796159e+06
   1.6797081e+06
   1.6798020e+06
   1.6799096e+06
   1.6799905e+06
   1.6808244e+06
   1.6813118e+06
   1.6818757e+06
   1.6824192e+06
   1.6826621e+06
   1.6829602e+06
   1.6833478e+06
   1.6836668e+06
   1.6839119e+06
   1.6844402e+06
   1.6846124e+06
   1.6852318e+06
   1.6854314e+06
   1.6858966e+06
   1.6861566e+06
   1.6869959e+06
   1.6873834e+06
   1.6884247e+06
   1.6892266e+06
   1.6898424e+06
   1.6922456e+06
   1.6925096e+06
   1.6928804e+06
   1.6932962e+06
   1.6943082e+06
   1.6945075e+06
   1.6948650e+06
   1.6951809e+06
   1.6954309e+06
   1.6958329e+06
   1.6962142e+06
   1.6972466e+06
   1.6976726e+06
   1.6980713e+06
   1.6992016e+06
   1.6996285e+06
   1.6998608e+06
   1.7011786e+06
   1.7014581e+06
   1.7018264e+06
   1.7022465e+06
   1.7025023e+06
   1.7029763e+06
   1.7034973e+06
   1.7039921e+06
   1.7043661e+06
   1.7047098e+06
   1.7052176e+06
   1.7059471e+06
   1.7075183e+06
   1.7082247e+06
   1.7085854e+06
   1.7087798e+06
   1.7090453e+06
   1.7092734e+06
   1.7096993e+06
   1.7101788e+06
   1.7105509e+06
   1.7109357e+06
   1.7117114e+06
   1.7123650e+06
   1.7125789e+06
   1.7128970e+06
   1.7132053e+06
   1.7133931e+06
   1.7136830e+06
   1.7141078e+06
   1.7144124e+06
   1.7193102e+06
   1.7196654e+06
   1.7200849e+06
   1.7201726e+06
   1.7202652e+06
   1.7203380e+06
   1.7204168e+06
   1.7204812e+06
   1.7205492e+06
   1.7206289e+06
   1.7207035e+06
   1.7207778e+06
   1.7208741e+06
   1.7209846e+06
   1.7210707e+06
   1.7211393e+06
   1.7212235e+06
   1.7213004e+06
   1.7213787e+06
   1.7214853e+06
   1.7215846e+06
   1.7216599e+06
   1.7217523e+06
   1.7218434e+06
   1.7219308e+06
   1.7220087e+06
   1.7221475e+06
   1.7222102e+06
   1.7222903e+06
   1.7223557e+06
   1.7224682e+06
   1.7225419e+06
   1.7226330e+06
   1.7227129e+06
   1.7227878e+06
   1.7228542e+06
   1.7229326e+06
   1.7230143e+06
   1.7231274e+06
   1.7232311e+06
   1.7233123e+06
   1.7233987e+06
   1.7234692e+06
   1.7235750e+06
   1.7236681e+06
   1.7237602e+06
   1.7238392e+06
   1.7239192e+06
   1.7240076e+06
   1.7241255e+06
   1.7242091e+06
   1.7242734e+06
   1.7243649e+06
   1.7244330e+06
   1.7245134e+06
   1.7246182e+06
   1.7246878e+06
   1.7247888e+06
   1.7248594e+06
   1.7249581e+06
   1.7250539e+06
   1.7251161e+06
   1.7252182e+06
   1.7253015e+06
   1.7253836e+06
   1.7254551e+06
   1.7255425e+06
   1.7256153e+06
   1.7257069e+06
   1.7258117e+06
   1.7258873e+06
   1.7259935e+06
   1.7260960e+06
   1.7261740e+06
   1.7262474e+06
   1.7263311e+06
   1.7264450e+06
   1.7265391e+06
   1.7266327e+06
   1.7266970e+06
   1.7267672e+06
   1.7269010e+06
   1.7269768e+06
   1.7272286e+06
   1.7273074e+06
   1.7273872e+06
   1.7274465e+06
   1.7275810e+06
   1.7276541e+06
   1.7277410e+06
   1.7278519e+06
   1.7279307e+06
   1.7280233e+06
   1.7280860e+06
   1.7281961e+06
   1.7283007e+06
   1.7284018e+06
   1.7285020e+06
   1.7285924e+06
   1.7286920e+06
   1.7287777e+06
   1.7288791e+06
   1.7289637e+06
   1.7290634e+06
   1.7291498e+06
   1.7292237e+06
   1.7293124e+06
   1.7293905e+06
   1.7294770e+06
   1.7295768e+06
   1.7296664e+06
   1.7297436e+06
   1.7298161e+06
   1.7299352e+06
   1.7300158e+06
   1.7301104e+06
   1.7302273e+06
   1.7303214e+06
   1.7304220e+06
   1.7305589e+06
   1.7306372e+06
   1.7307385e+06
   1.7308418e+06
   1.7309287e+06
   1.7309969e+06
   1.7311281e+06
   1.7312586e+06
   1.7313432e+06
   1.7314386e+06
   1.7315352e+06
   1.7316109e+06
   1.7316995e+06
   1.7317885e+06
   1.7319251e+06
   1.7320262e+06
   1.7321046e+06
   1.7321733e+06
   1.7322733e+06
   1.7323627e+06
   1.7324553e+06
   1.7325543e+06
   1.7326264e+06
   1.7327510e+06
   1.7328462e+06
   1.7329495e+06
   1.7330415e+06
   1.7331216e+06
   1.7332063e+06
   1.7332802e+06
   1.7333639e+06
   1.7334713e+06
   1.7335686e+06
   1.7336557e+06
   1.7337374e+06
   1.7338201e+06
   1.7339458e+06
   1.7341522e+06
   1.7342292e+06
   1.7343044e+06
   1.7343819e+06
   1.7345003e+06
   1.7345989e+06
   1.7346802e+06
   1.7347641e+06
   1.7348853e+06
   1.7349962e+06
   1.7350675e+06
   1.7351946e+06
   1.7352861e+06
   1.7353555e+06
   1.7354630e+06
   1.7355620e+06
   1.7356547e+06
   1.7357670e+06
   1.7358931e+06
   1.7359837e+06
   1.7360688e+06
   1.7362142e+06
   1.7362990e+06
   1.7364026e+06
   1.7364811e+06
   1.7365832e+06
   1.7366859e+06
   1.7367686e+06
   1.7368885e+06
   1.7369936e+06
   1.7370729e+06
   1.7372241e+06
   1.7373517e+06
   1.7374326e+06
   1.7375268e+06
   1.7376165e+06
   1.7376834e+06
   1.7377647e+06
   1.7378653e+06
   1.7379469e+06
   1.7380322e+06
   1.7381232e+06
   1.7382049e+06
   1.7383129e+06
   1.7383944e+06
   1.7384789e+06
   1.7385938e+06
   1.7387304e+06
   1.7388516e+06
   1.7389517e+06
   1.7390359e+06
   1.7391148e+06
   1.7391979e+06
   1.7392896e+06
   1.7393488e+06
   1.7394364e+06
   1.7395555e+06
   1.7396595e+06
   1.7397667e+06
   1.7398823e+06
   1.7399855e+06
   1.7402841e+06
   1.7412686e+06
   1.7420063e+06
   1.7422933e+06
   1.7426799e+06
   1.7430613e+06
   1.7435406e+06
   1.7438488e+06
   1.7442264e+06
   1.7443886e+06
   1.7447497e+06
   1.7465465e+06
   1.7475669e+06
   1.7483863e+06
   1.7488167e+06
   1.7493551e+06
   1.7521528e+06
   1.7800836e+06
   1.7801480e+06
   1.7802159e+06
   1.7803110e+06
   1.7804002e+06
   1.7804701e+06
   1.7805448e+06
   1.7806116e+06
   1.7806938e+06
   1.7807910e+06
   1.7808721e+06
   1.7809364e+06
   1.7810004e+06
   1.7810719e+06
   1.7811599e+06
   1.7812204e+06
   1.7813182e+06
   1.7813896e+06
   1.7814657e+06
   1.7815628e+06
   1.7816530e+06
   1.7817274e+06
   1.7817991e+06
   1.7818735e+06
   1.7819617e+06
   1.7820411e+06
   1.7821156e+06
   1.7822012e+06
   1.7822980e+06
   1.7823633e+06
   1.7824434e+06
   1.7825061e+06
   1.7825787e+06
   1.7826755e+06
   1.7827656e+06
   1.7828620e+06
   1.7829523e+06
   1.7830401e+06
   1.7831046e+06
   1.7831908e+06
   1.7832640e+06
   1.7833521e+06
   1.7834204e+06
   1.7835128e+06
   1.7836149e+06
   1.7836804e+06
   1.7837634e+06
   1.7838619e+06
   1.7839451e+06
   1.7840509e+06
   1.7841175e+06
   1.7842014e+06
   1.7842893e+06
   1.7843676e+06
   1.7844289e+06
   1.7844997e+06
   1.7845873e+06
   1.7846739e+06
   1.7847691e+06
   1.7848459e+06
   1.7849121e+06
   1.7849718e+06
   1.7850435e+06
   1.7851312e+06
   1.7852305e+06
   1.7853208e+06
   1.7854009e+06
   1.7854822e+06
   1.7855710e+06
   1.7856374e+06
   1.7856926e+06
   1.7857712e+06
   1.7858371e+06
   1.7859267e+06
   1.7860098e+06
   1.7861099e+06
   1.7862190e+06
   1.7863096e+06
   1.7863730e+06
   1.7864576e+06
   1.7865446e+06
   1.7866256e+06
   1.7866859e+06
   1.7867835e+06
   1.7868977e+06
   1.7869764e+06
   1.7871520e+06
   1.7872440e+06
   1.7873321e+06
   1.7874194e+06
   1.7875128e+06
   1.7875821e+06
   1.7877026e+06
   1.7877732e+06
   1.7878530e+06
   1.7879508e+06
   1.7880198e+06
   1.7881591e+06
   1.7882345e+06
   1.7883303e+06
   1.7884128e+06
   1.7885221e+06
   1.7885919e+06
   1.7886692e+06
   1.7887551e+06
   1.7888206e+06
   1.7888778e+06
   1.7890070e+06
   1.7891089e+06
   1.7891718e+06
   1.7892711e+06
   1.7893503e+06
   1.7894344e+06
   1.7895127e+06
   1.7896346e+06
   1.7897219e+06
   1.7897987e+06
   1.7899137e+06
   1.7899950e+06
   1.7900693e+06
   1.7901484e+06
   1.7902285e+06
   1.7903236e+06
   1.7904016e+06
   1.7904726e+06
   1.7905434e+06
   1.7906257e+06
   1.7907072e+06
   1.7907975e+06
   1.7908781e+06
   1.7910066e+06
   1.7910719e+06
   1.7911648e+06
   1.7912672e+06
   1.7913371e+06
   1.7914353e+06
   1.7914976e+06
   1.7915706e+06
   1.7916792e+06
   1.7917507e+06
   1.7918198e+06
   1.7919158e+06
   1.7919876e+06
   1.7920664e+06
   1.7921492e+06
   1.7922538e+06
   1.7923212e+06
   1.7924810e+06
   1.7925832e+06
   1.7926628e+06
   1.7927383e+06
   1.7928335e+06
   1.7929362e+06
   1.7930169e+06
   1.7931097e+06
   1.7931718e+06
   1.7932426e+06
   1.7933223e+06
   1.7934827e+06
   1.7935614e+06
   1.7936640e+06
   1.7937493e+06
   1.7938400e+06
   1.7939275e+06
   1.7941052e+06
   1.7941889e+06
   1.7942962e+06
   1.7943583e+06
   1.7944520e+06
   1.7946041e+06
   1.7946981e+06
   1.7947763e+06
   1.7949073e+06
   1.7950079e+06
   1.7950856e+06
   1.7951986e+06
   1.7952982e+06
   1.7953884e+06
   1.7954574e+06
   1.7955281e+06
   1.7956073e+06
   1.7957006e+06
   1.7957869e+06
   1.7958850e+06
   1.7959603e+06
   1.7960764e+06
   1.7961487e+06
   1.7962269e+06
   1.7963205e+06
   1.7964111e+06
   1.7965088e+06
   1.7965855e+06
   1.7966689e+06
   1.7967649e+06
   1.7968500e+06
   1.7969311e+06
   1.7970798e+06
   1.7971722e+06
   1.7972546e+06
   1.7973658e+06
   1.7974664e+06
   1.7975726e+06
   1.7976781e+06
   1.7977470e+06
   1.7978576e+06
   1.7979593e+06
   1.7980216e+06
   1.7981753e+06
   1.7982761e+06
   1.7983784e+06
   1.7984544e+06
   1.7985438e+06
   1.7986278e+06
   1.7986971e+06
   1.7987767e+06
   1.7988581e+06
   1.7989289e+06
   1.7990402e+06
   1.7991107e+06
   1.7992054e+06
   1.7992774e+06
   1.7993545e+06
   1.7994540e+06
   1.7995507e+06
   1.7996562e+06
   1.7997315e+06
   1.7998177e+06
   1.7999096e+06
   1.7999799e+06
   1.8003138e+06
   1.8009392e+06
   1.8012064e+06
   1.8015529e+06
   1.8018305e+06
   1.8020841e+06
   1.8022289e+06
   1.8025511e+06
   1.8031348e+06
   1.8035439e+06
   1.8037690e+06
   1.8039374e+06
   1.8043789e+06
   1.8050496e+06
   1.8052771e+06
   1.8056032e+06
   1.8058901e+06
   1.8060806e+06
   1.8064355e+06
   1.8065931e+06
   1.8069803e+06
   1.8071711e+06
   1.8073281e+06
   1.8076566e+06
   1.8082423e+06
   1.8086751e+06
   1.8095662e+06
   1.8098283e+06
   1.8129552e+06
   1.8135707e+06
   1.8138304e+06
   1.8141487e+06
   1.8143222e+06
   1.8147058e+06
   1.8150977e+06
   1.8153225e+06
   1.8156279e+06
   1.8160452e+06
   1.8163222e+06
   1.8167209e+06
   1.8169848e+06
   1.8174371e+06
   1.8179848e+06
   1.8182208e+06
   1.8188278e+06
   1.8191028e+06
   1.8206394e+06
   1.8213157e+06
   1.8226775e+06
   1.8229637e+06
   1.8235258e+06
   1.8254039e+06
   1.8256461e+06
   1.8267304e+06
   1.8269119e+06
   1.8273977e+06
   1.8294198e+06
   1.8297324e+06
   1.8302518e+06
   1.8305451e+06
   1.8308567e+06
   1.8311610e+06
   1.8318349e+06
   1.8321562e+06
   1.8325228e+06
   1.8339165e+06
   1.8344619e+06
   1.8350452e+06
   1.8357423e+06
   1.8369844e+06
   1.8371552e+06
   1.8400724e+06
   1.8401450e+06
   1.8402091e+06
   1.8402648e+06
   1.8403292e+06
   1.8404021e+06
   1.8404749e+06
   1.8405464e+06
   1.8406230e+06
   1.8406923e+06
   1.8407947e+06
   1.8408743e+06
   1.8409350e+06
   1.8410025e+06
   1.8410630e+06
   1.8411383e+06
   1.8412235e+06
   1.8413029e+06
   1.8413802e+06
   1.8414680e+06
   1.8415355e+06
   1.8416160e+06
   1.8416989e+06
   1.8417684e+06
   1.8418722e+06
   1.8419299e+06
   1.8420398e+06
   1.8421166e+06
   1.8422134e+06
   1.8422793e+06
   1.8423539e+06
   1.8424437e+06
   1.8425312e+06
   1.8425934e+06
   1.8426632e+06
   1.8427175e+06
   1.8427745e+06
   1.8428648e+06
   1.8429372e+06
   1.8430201e+06
   1.8431411e+06
   1.8432193e+06
   1.8432752e+06
   1.8433459e+06
   1.8435176e+06
   1.8435981e+06
   1.8436787e+06
   1.8437428e+06
   1.8438020e+06
   1.8438645e+06
   1.8439365e+06
   1.8440174e+06
   1.8440921e+06
   1.8441594e+06
   1.8442354e+06
   1.8442957e+06
   1.8443720e+06
   1.8444370e+06
   1.8444996e+06
   1.8445626e+06
   1.8446744e+06
   1.8447452e+06
   1.8448213e+06
   1.8448946e+06
   1.8449580e+06
   1.8450349e+06
   1.8451043e+06
   1.8451936e+06
   1.8452683e+06
   1.8453304e+06
   1.8454179e+06
   1.8454801e+06
   1.8455743e+06
   1.8456570e+06
   1.8457544e+06
   1.8458268e+06
   1.8458857e+06
   1.8459581e+06
   1.8460185e+06
   1.8460884e+06
   1.8461653e+06
   1.8462256e+06
   1.8462870e+06
   1.8463421e+06
   1.8464157e+06
   1.8464800e+06
   1.8465473e+06
   1.8466272e+06
   1.8466986e+06
   1.8468080e+06
   1.8468922e+06
   1.8469648e+06
   1.8471110e+06
   1.8471791e+06
   1.8472604e+06
   1.8473466e+06
   1.8474220e+06
   1.8474944e+06
   1.8475844e+06
   1.8476500e+06
   1.8477515e+06
   1.8478133e+06
   1.8478921e+06
   1.8479778e+06
   1.8480514e+06
   1.8481271e+06
   1.8482242e+06
   1.8482888e+06
   1.8483558e+06
   1.8484534e+06
   1.8485374e+06
   1.8486209e+06
   1.8486969e+06
   1.8487569e+06
   1.8488152e+06
   1.8488870e+06
   1.8489746e+06
   1.8490501e+06
   1.8491172e+06
   1.8491936e+06
   1.8492762e+06
   1.8493562e+06
   1.8494194e+06
   1.8494799e+06
   1.8495479e+06
   1.8496332e+06
   1.8497167e+06
   1.8497740e+06
   1.8498611e+06
   1.8499322e+06
   1.8500128e+06
   1.8500812e+06
   1.8501877e+06
   1.8502502e+06
   1.8503169e+06
   1.8503973e+06
   1.8504932e+06
   1.8505743e+06
   1.8506628e+06
   1.8507570e+06
   1.8508254e+06
   1.8508829e+06
   1.8509853e+06
   1.8510759e+06
   1.8511778e+06
   1.8512600e+06
   1.8514010e+06
   1.8514912e+06
   1.8515711e+06
   1.8516456e+06
   1.8517141e+06
   1.8517802e+06
   1.8518532e+06
   1.8519269e+06
   1.8519946e+06
   1.8520698e+06
   1.8521454e+06
   1.8522181e+06
   1.8522929e+06
   1.8523631e+06
   1.8524261e+06
   1.8525076e+06
   1.8525998e+06
   1.8526631e+06
   1.8527474e+06
   1.8528110e+06
   1.8528870e+06
   1.8529753e+06
   1.8530458e+06
   1.8531305e+06
   1.8532134e+06
   1.8532971e+06
   1.8533921e+06
   1.8534643e+06
   1.8535236e+06
   1.8535983e+06
   1.8536920e+06
   1.8537802e+06
   1.8538460e+06
   1.8539152e+06
   1.8539744e+06
   1.8541641e+06
   1.8542383e+06
   1.8543025e+06
   1.8543963e+06
   1.8544893e+06
   1.8545642e+06
   1.8546740e+06
   1.8547538e+06
   1.8548172e+06
   1.8549237e+06
   1.8550077e+06
   1.8550755e+06
   1.8551642e+06
   1.8552664e+06
   1.8553699e+06
   1.8554505e+06
   1.8555310e+06
   1.8555879e+06
   1.8556723e+06
   1.8557508e+06
   1.8558594e+06
   1.8559313e+06
   1.8560058e+06
   1.8560830e+06
   1.8561788e+06
   1.8562677e+06
   1.8563422e+06
   1.8564165e+06
   1.8565055e+06
   1.8565899e+06
   1.8566676e+06
   1.8567375e+06
   1.8568012e+06
   1.8568821e+06
   1.8569841e+06
   1.8570675e+06
   1.8571544e+06
   1.8572376e+06
   1.8573112e+06
   1.8574142e+06
   1.8574790e+06
   1.8575670e+06
   1.8576406e+06
   1.8577297e+06
   1.8578146e+06
   1.8578927e+06
   1.8579792e+06
   1.8580803e+06
   1.8581468e+06
   1.8582291e+06
   1.8583121e+06
   1.8584276e+06
   1.8585033e+06
   1.8585994e+06
   1.8586706e+06
   1.8587357e+06
   1.8588064e+06
   1.8588641e+06
   1.8589301e+06
   1.8590351e+06
   1.8590999e+06
   1.8591558e+06
   1.8592375e+06
   1.8593073e+06
   1.8594001e+06
   1.8594839e+06
   1.8595575e+06
   1.8596418e+06
   1.8597182e+06
   1.8598044e+06
   1.8598805e+06
   1.8599534e+06
   1.8624296e+06
   1.8627722e+06
   1.8635625e+06
   1.8638855e+06
   1.8643414e+06
   1.8651070e+06
   1.8655094e+06
   1.8660548e+06
   1.8668187e+06
   1.8670806e+06
   1.8672759e+06
   1.8679101e+06
   1.8685256e+06
   1.8687177e+06
   1.8689474e+06
   1.8693754e+06
   1.8695901e+06
   1.8700981e+06
   1.8705631e+06
   1.8708329e+06
   1.8713841e+06
   1.8721496e+06
   1.8724270e+06
   1.8727537e+06
   1.8736555e+06
   1.8741611e+06
   1.8760985e+06
   1.8784811e+06
   1.8788084e+06
   1.8790458e+06
   1.8798212e+06
   1.8803878e+06
   1.8807709e+06
   1.8810581e+06
   1.8814605e+06
   1.8820146e+06
   1.8822638e+06
   1.8829318e+06
   1.8831872e+06
   1.8833973e+06
   1.8891090e+06
   1.8897744e+06
   1.8901992e+06
   1.8921241e+06
   1.8924783e+06
   1.8926853e+06
   1.8930393e+06
   1.8933459e+06
   1.8936671e+06
   1.8939438e+06
   1.8942311e+06
   1.8945171e+06
   1.8948735e+06
   1.8952077e+06
   1.8958860e+06
   1.8960690e+06
   1.9000726e+06
   1.9001271e+06
   1.9001895e+06
   1.9002577e+06
   1.9003469e+06
   1.9004195e+06
   1.9004849e+06
   1.9005525e+06
   1.9006133e+06
   1.9006877e+06
   1.9007519e+06
   1.9008221e+06
   1.9008910e+06
   1.9009610e+06
   1.9010351e+06
   1.9011031e+06
   1.9011752e+06
   1.9012304e+06
   1.9012973e+06
   1.9013749e+06
   1.9014450e+06
   1.9015078e+06
   1.9015616e+06
   1.9016220e+06
   1.9016866e+06
   1.9017584e+06
   1.9018243e+06
   1.9018892e+06
   1.9019533e+06
   1.9020209e+06
   1.9020909e+06
   1.9021612e+06
   1.9022166e+06
   1.9022930e+06
   1.9023628e+06
   1.9024310e+06
   1.9024896e+06
   1.9025607e+06
   1.9026305e+06
   1.9027116e+06
   1.9027777e+06
   1.9028397e+06
   1.9029149e+06
   1.9029786e+06
   1.9030424e+06
   1.9031184e+06
   1.9031832e+06
   1.9032520e+06
   1.9033176e+06
   1.9033815e+06
   1.9034502e+06
   1.9035165e+06
   1.9035692e+06
   1.9036418e+06
   1.9036924e+06
   1.9037615e+06
   1.9038361e+06
   1.9039074e+06
   1.9039755e+06
   1.9040587e+06
   1.9041318e+06
   1.9041892e+06
   1.9042579e+06
   1.9043242e+06
   1.9043973e+06
   1.9044626e+06
   1.9045522e+06
   1.9046261e+06
   1.9046988e+06
   1.9047891e+06
   1.9048609e+06
   1.9049241e+06
   1.9049881e+06
   1.9050513e+06
   1.9051289e+06
   1.9052016e+06
   1.9052738e+06
   1.9053360e+06
   1.9054132e+06
   1.9054695e+06
   1.9055391e+06
   1.9056060e+06
   1.9056611e+06
   1.9057356e+06
   1.9058173e+06
   1.9058845e+06
   1.9059533e+06
   1.9060279e+06
   1.9061161e+06
   1.9061828e+06
   1.9062491e+06
   1.9063063e+06
   1.9063796e+06
   1.9064476e+06
   1.9065338e+06
   1.9066024e+06
   1.9066827e+06
   1.9067431e+06
   1.9068031e+06
   1.9068743e+06
   1.9069380e+06
   1.9070847e+06
   1.9071548e+06
   1.9072272e+06
   1.9072957e+06
   1.9073951e+06
   1.9074707e+06
   1.9075387e+06
   1.9076226e+06
   1.9076960e+06
   1.9077963e+06
   1.9078788e+06
   1.9079374e+06
   1.9080182e+06
   1.9080911e+06
   1.9081584e+06
   1.9082360e+06
   1.9083217e+06
   1.9083820e+06
   1.9084619e+06
   1.9085562e+06
   1.9086237e+06
   1.9086982e+06
   1.9087820e+06
   1.9088467e+06
   1.9089282e+06
   1.9090049e+06
   1.9090726e+06
   1.9091525e+06
   1.9092203e+06
   1.9092997e+06
   1.9093550e+06
   1.9094279e+06
   1.9095009e+06
   1.9095699e+06
   1.9096445e+06
   1.9097232e+06
   1.9097947e+06
   1.9098881e+06
   1.9099870e+06
   1.9100477e+06
   1.9101489e+06
   1.9102105e+06
   1.9102875e+06
   1.9103522e+06
   1.9104285e+06
   1.9105065e+06
   1.9105743e+06
   1.9106400e+06
   1.9107080e+06
   1.9108139e+06
   1.9108973e+06
   1.9109544e+06
   1.9110198e+06
   1.9111008e+06
   1.9111592e+06
   1.9112257e+06
   1.9112948e+06
   1.9113640e+06
   1.9114372e+06
   1.9115012e+06
   1.9115793e+06
   1.9116575e+06
   1.9117247e+06
   1.9118269e+06
   1.9119133e+06
   1.9119689e+06
   1.9120673e+06
   1.9121667e+06
   1.9122348e+06
   1.9123339e+06
   1.9124130e+06
   1.9124887e+06
   1.9125508e+06
   1.9126534e+06
   1.9127157e+06
   1.9127950e+06
   1.9128609e+06
   1.9129539e+06
   1.9130231e+06
   1.9131021e+06
   1.9131567e+06
   1.9132284e+06
   1.9132994e+06
   1.9133590e+06
   1.9134332e+06
   1.9135080e+06
   1.9135653e+06
   1.9136285e+06
   1.9137122e+06
   1.9137766e+06
   1.9138522e+06
   1.9139181e+06
   1.9139941e+06
   1.9141605e+06
   1.9142436e+06
   1.9143472e+06
   1.9144092e+06
   1.9144705e+06
   1.9145459e+06
   1.9146162e+06
   1.9146910e+06
   1.9147691e+06
   1.9148435e+06
   1.9149309e+06
   1.9150148e+06
   1.9150747e+06
   1.9151476e+06
   1.9152151e+06
   1.9152885e+06
   1.9153627e+06
   1.9154466e+06
   1.9155080e+06
   1.9156126e+06
   1.9157083e+06
   1.9157861e+06
   1.9158652e+06
   1.9159205e+06
   1.9160070e+06
   1.9160808e+06
   1.9161519e+06
   1.9162264e+06
   1.9162942e+06
   1.9163613e+06
   1.9164400e+06
   1.9165049e+06
   1.9165645e+06
   1.9166277e+06
   1.9167219e+06
   1.9167930e+06
   1.9168546e+06
   1.9169576e+06
   1.9170330e+06
   1.9170947e+06
   1.9171573e+06
   1.9172478e+06
   1.9173267e+06
   1.9173880e+06
   1.9174236e+06
   1.9174305e+06
   1.9174319e+06
   1.9174514e+06
   1.9174662e+06
   1.9174750e+06
   1.9174759e+06
   1.9174763e+06
   1.9174774e+06
   1.9174848e+06
   1.9174858e+06
   1.9174947e+06
   1.9175104e+06
   1.9175253e+06
   1.9175323e+06
   1.9175415e+06
   1.9175462e+06
   1.9175481e+06
   1.9175492e+06
   1.9175529e+06
   1.9175622e+06
   1.9175706e+06
   1.9175860e+06
   1.9175914e+06
   1.9175922e+06
   1.9176144e+06
   1.9176165e+06
   1.9176257e+06
   1.9176270e+06
   1.9176352e+06
   1.9176361e+06
   1.9176370e+06
   1.9176597e+06
   1.9176754e+06
   1.9176788e+06
   1.9176859e+06
   1.9176965e+06
   1.9177076e+06
   1.9177085e+06
   1.9177087e+06
   1.9177106e+06
   1.9177208e+06
   1.9177361e+06
   1.9177478e+06
   1.9177615e+06
   1.9177617e+06
   1.9177647e+06
   1.9177753e+06
   1.9177754e+06
   1.9177774e+06
   1.9177784e+06
   1.9177989e+06
   1.9178158e+06
   1.9178228e+06
   1.9178367e+06
   1.9178369e+06
   1.9178457e+06
   1.9178463e+06
   1.9178465e+06
   1.9178605e+06
   1.9178898e+06
   1.9178906e+06
   1.9178936e+06
   1.9179031e+06
   1.9179150e+06
   1.9179239e+06
   1.9179264e+06
   1.9179308e+06
   1.9179308e+06
   1.9179343e+06
   1.9179544e+06
   1.9179658e+06
   1.9179795e+06
   1.9179942e+06
   1.9179980e+06
   1.9180036e+06
   1.9180039e+06
   1.9180049e+06
   1.9180064e+06
   1.9180212e+06
   1.9180286e+06
   1.9180378e+06
   1.9180496e+06
   1.9180657e+06
   1.9180715e+06
   1.9180746e+06
   1.9180771e+06
   1.9180806e+06
   1.9180809e+06
   1.9181035e+06
   1.9181037e+06
   1.9181239e+06
   1.9181396e+06
   1.9181427e+06
   1.9181453e+06
   1.9181514e+06
   1.9181556e+06
   1.9181629e+06
   1.9181645e+06
   1.9181893e+06
   1.9181934e+06
   1.9182057e+06
   1.9182166e+06
   1.9182259e+06
   1.9182293e+06
   1.9182294e+06
   1.9182313e+06
   1.9182368e+06
   1.9182369e+06
   1.9182712e+06
   1.9182722e+06
   1.9182814e+06
   1.9182828e+06
   1.9182903e+06
   1.9182906e+06
   1.9182972e+06
   1.9182996e+06
   1.9183165e+06
   1.9183315e+06
   1.9183447e+06
   1.9183530e+06
   1.9183582e+06
   1.9183584e+06
   1.9183625e+06
   1.9183674e+06
   1.9183755e+06
   1.9183848e+06
   1.9183953e+06
   1.9184086e+06
   1.9184129e+06
   1.9184182e+06
   1.9184226e+06
   1.9184450e+06
   1.9184488e+06
   1.9184573e+06
   1.9184604e+06
   1.9184610e+06
   1.9184627e+06
   1.9184802e+06
   1.9184862e+06
   1.9184880e+06
   1.9185123e+06
   1.9185222e+06
   1.9185223e+06
   1.9185335e+06
   1.9185422e+06
   1.9185437e+06
   1.9185438e+06
   1.9185520e+06
   1.9185529e+06
   1.9185730e+06
   1.9185779e+06
   1.9186012e+06
   1.9186104e+06
   1.9186119e+06
   1.9186180e+06
   1.9186191e+06
   1.9186249e+06
   1.9186263e+06
   1.9186363e+06
   1.9186402e+06
   1.9186500e+06
   1.9186654e+06
   1.9186790e+06
   1.9186915e+06
   1.9186923e+06
   1.9186960e+06
   1.9186976e+06
   1.9186993e+06
   1.9187031e+06
   1.9187203e+06
   1.9187372e+06
   1.9187388e+06
   1.9187444e+06
   1.9187570e+06
   1.9187695e+06
   1.9187744e+06
   1.9187748e+06
   1.9187777e+06
   1.9187937e+06
   1.9188092e+06
   1.9188226e+06
   1.9188231e+06
   1.9188233e+06
   1.9188303e+06
   1.9188360e+06
   1.9188392e+06
   1.9188572e+06
   1.9188643e+06
   1.9188685e+06
   1.9188808e+06
   1.9188919e+06
   1.9188944e+06
   1.9188952e+06
   1.9189130e+06
   1.9189135e+06
   1.9189142e+06
   1.9189230e+06
   1.9189346e+06
   1.9189350e+06
   1.9189589e+06
   1.9189673e+06
   1.9189810e+06
   1.9189829e+06
   1.9189909e+06
   1.9189914e+06
   1.9189950e+06
   1.9190013e+06
   1.9190095e+06
   1.9190254e+06
   1.9190403e+06
   1.9190490e+06
   1.9190541e+06
   1.9190672e+06
   1.9190703e+06
   1.9190717e+06
   1.9190776e+06
   1.9190802e+06
   1.9190920e+06
   1.9190931e+06
   1.9191159e+06
   1.9191225e+06
   1.9191231e+06
   1.9191281e+06
   1.9191321e+06
   1.9191337e+06
   1.9191523e+06
   1.9191576e+06
   1.9191598e+06
   1.9191845e+06
   1.9191869e+06
   1.9191891e+06
   1.9191922e+06
   1.9191944e+06
   1.9191953e+06
   1.9192061e+06
   1.9192131e+06
   1.9192483e+06
   1.9192489e+06
   1.9192588e+06
   1.9192627e+06
   1.9192645e+06
   1.9192657e+06
   1.9192690e+06
   1.9192851e+06
   1.9192860e+06
   1.9193105e+06
   1.9193270e+06
   1.9193272e+06
   1.9193283e+06
   1.9193333e+06
   1.9193363e+06
   1.9193369e+06
   1.9193544e+06
   1.9193546e+06
   1.9193639e+06
   1.9193716e+06
   1.9193978e+06
   1.9194045e+06
   1.9194140e+06
   1.9194168e+06
   1.9194179e+06
   1.9194255e+06
   1.9194396e+06
   1.9194442e+06
   1.9194454e+06
   1.9194541e+06
   1.9194834e+06
   1.9194876e+06
   1.9194959e+06
   1.9194984e+06
   1.9195031e+06
   1.9195037e+06
   1.9195112e+06
   1.9195126e+06
   1.9195163e+06
   1.9195331e+06
   1.9195715e+06
   1.9195745e+06
   1.9195779e+06
   1.9195782e+06
   1.9195821e+06
   1.9195836e+06
   1.9195864e+06
   1.9195926e+06
   1.9195995e+06
   1.9196111e+06
   1.9196432e+06
   1.9196525e+06
   1.9196555e+06
   1.9196603e+06
   1.9196623e+06
   1.9196624e+06
   1.9196650e+06
   1.9196666e+06
   1.9196834e+06
   1.9196913e+06
   1.9197205e+06
   1.9197272e+06
   1.9197375e+06
   1.9197422e+06
   1.9197441e+06
   1.9197452e+06
   1.9197471e+06
   1.9197510e+06
   1.9197628e+06
   1.9197699e+06
   1.9197883e+06
   1.9197971e+06
   1.9198043e+06
   1.9198086e+06
   1.9198099e+06
   1.9198130e+06
   1.9198228e+06
   1.9198343e+06
   1.9198442e+06
   1.9198521e+06
   1.9198548e+06
   1.9198583e+06
   1.9198793e+06
   1.9198839e+06
   1.9198942e+06
   1.9198953e+06
   1.9199169e+06
   1.9199193e+06
   1.9199225e+06
   1.9199312e+06
   1.9199366e+06
   1.9199447e+06
   1.9199537e+06
   1.9199570e+06
   1.9199664e+06
   1.9199768e+06
   1.9199979e+06
