   8.9090455e+02
   1.2834169e+03
   1.8073348e+03
   2.5269954e+03
   2.8063132e+03
   3.0333841e+03
   3.2685801e+03
   8.1315338e+03
   8.5410138e+03
   8.7424287e+03
   9.9160532e+03
   1.0229977e+04
   1.0762773e+04
   1.2181504e+04
   1.2763706e+04
   1.3489062e+04
   1.3903665e+04
   1.4336012e+04
   1.4553895e+04
   1.5106224e+04
   1.5509475e+04
   1.6179637e+04
   1.6832768e+04
   1.7157187e+04
   1.7432983e+04
   1.7680900e+04
   2.3070319e+04
   2.4652469e+04
   2.5386616e+04
   2.5677187e+04
   2.6543330e+04
   2.8512624e+04
   2.9533414e+04
   2.9947486e+04
   3.0904666e+04
   3.3603905e+04
   3.3865292e+04
   3.5231161e+04
   4.0234556e+04
   4.0427185e+04
   4.0552194e+04
   4.0764616e+04
   4.0984391e+04
   4.1221893e+04
   4.1441090e+04
   4.1634877e+04
   4.1805602e+04
   4.1988943e+04
   4.2217963e+04
   4.2502371e+04
   4.2752810e+04
   4.2905859e+04
   4.3085950e+04
   4.3240060e+04
   4.3464477e+04
   4.3674543e+04
   4.3820006e+04
   4.3999851e+04
   4.4163235e+04
   4.4510547e+04
   4.4719798e+04
   4.4847287e+04
   4.5091032e+04
   4.5239889e+04
   4.5443362e+04
   4.5603854e+04
   4.5880853e+04
   4.6049060e+04
   4.6195786e+04
   4.6362726e+04
   4.6577175e+04
   4.6772182e+04
   4.6947834e+04
   4.7500088e+04
   4.7917242e+04
   4.8313869e+04
   4.8597693e+04
   4.8797183e+04
   4.9405242e+04
   4.9735403e+04
   5.0376193e+04
   5.0423322e+04
   5.0762387e+04
   5.0935294e+04
   5.1224319e+04
   5.1511382e+04
   5.1843671e+04
   5.2263030e+04
   5.2490406e+04
   5.2737641e+04
   5.2916324e+04
   5.3256727e+04
   5.3530739e+04
   5.3856279e+04
   5.4292831e+04
   5.4456209e+04
   5.4600019e+04
   5.4787544e+04
   5.4925196e+04
   5.5087595e+04
   5.5318264e+04
   5.5469517e+04
   5.5698517e+04
   5.5912437e+04
   5.6094341e+04
   5.6341980e+04
   5.6501664e+04
   5.6703779e+04
   5.6914799e+04
   5.7048253e+04
   5.7220875e+04
   5.7633216e+04
   5.7774045e+04
   5.8023805e+04
   5.8175400e+04
   5.8394540e+04
   5.8578656e+04
   5.8771728e+04
   5.8923713e+04
   5.9045074e+04
   5.9275047e+04
   5.9468809e+04
   5.9601363e+04
   5.9798204e+04
   6.0695822e+04
   6.1846912e+04
   6.2558230e+04
   6.6498514e+04
   6.6749699e+04
   6.7050751e+04
   6.7367130e+04
   6.8303993e+04
   6.8611761e+04
   7.0228817e+04
   7.0503816e+04
   7.0801968e+04
   7.7032043e+04
   7.7307364e+04
   7.7618031e+04
   7.8202252e+04
   7.8494594e+04
   7.9305940e+04
   7.9720899e+04
   8.0125523e+04
   8.0353792e+04
   8.1287717e+04
   8.1551700e+04
   8.5597986e+04
   8.7683062e+04
   8.8470565e+04
   9.1251282e+04
   9.1719975e+04
   9.2163692e+04
   9.3790566e+04
   9.4948753e+04
   9.5378474e+04
   9.6870002e+04
   9.7108489e+04
   9.7563006e+04
   9.7826686e+04
   1.0015238e+05
   1.0029096e+05
   1.0049352e+05
   1.0066114e+05
   1.0083236e+05
   1.0100037e+05
   1.0124165e+05
   1.0141408e+05
   1.0164469e+05
   1.0183272e+05
   1.0202855e+05
   1.0221644e+05
   1.0235621e+05
   1.0259143e+05
   1.0273097e+05
   1.0312733e+05
   1.0334761e+05
   1.0349942e+05
   1.0364550e+05
   1.0389360e+05
   1.0406969e+05
   1.0427656e+05
   1.0442839e+05
   1.0467675e+05
   1.0478733e+05
   1.0494384e+05
   1.0510843e+05
   1.0532768e+05
   1.0551401e+05
   1.0569043e+05
   1.0586648e+05
   1.0601953e+05
   1.0622319e+05
   1.0637895e+05
   1.0648490e+05
   1.0661669e+05
   1.0676998e+05
   1.0690635e+05
   1.0714392e+05
   1.0730586e+05
   1.0758325e+05
   1.0780417e+05
   1.0790933e+05
   1.0814865e+05
   1.0834917e+05
   1.0921042e+05
   1.0935742e+05
   1.1012390e+05
   1.1061045e+05
   1.1090423e+05
   1.1113463e+05
   1.1133124e+05
   1.1147398e+05
   1.1162165e+05
   1.1177388e+05
   1.1203584e+05
   1.1224652e+05
   1.1236776e+05
   1.1273330e+05
   1.1295533e+05
   1.1312785e+05
   1.1330552e+05
   1.1347537e+05
   1.1371602e+05
   1.1390925e+05
   1.1428580e+05
   1.1451531e+05
   1.1492336e+05
   1.1513876e+05
   1.1528781e+05
   1.1560535e+05
   1.1635216e+05
   1.1691193e+05
   1.1718410e+05
   1.1755432e+05
   1.1800428e+05
   1.1828913e+05
   1.1866143e+05
   1.1886095e+05
   1.2028215e+05
   1.2125430e+05
   1.2156234e+05
   1.2211864e+05
   1.2250224e+05
   1.2283947e+05
   1.2353774e+05
   1.2418794e+05
   1.2482173e+05
   1.2508091e+05
   1.2526565e+05
   1.2583431e+05
   1.2618341e+05
   1.2658496e+05
   1.2694128e+05
   1.2720777e+05
   1.2770942e+05
   1.2818523e+05
   1.2892618e+05
   1.2935774e+05
   1.2959706e+05
   1.3025746e+05
   1.3163655e+05
   1.3235985e+05
   1.3285033e+05
   1.3305493e+05
   1.3420578e+05
   1.3454005e+05
   1.3552939e+05
   1.3702198e+05
   1.3735283e+05
   1.3790072e+05
   1.3908835e+05
   1.3945871e+05
   1.4090015e+05
   1.4124745e+05
   1.4231757e+05
   1.4292165e+05
   1.4342489e+05
   1.4441578e+05
   1.4468283e+05
   1.4538852e+05
   1.4572401e+05
   1.4601957e+05
   1.5132714e+05
   1.5161335e+05
   1.5251482e+05
   1.5499661e+05
   1.5532625e+05
   1.5683801e+05
   1.5735152e+05
   1.5772810e+05
   1.5841234e+05
   1.5882438e+05
   1.5960054e+05
   1.6023714e+05
   1.6039187e+05
   1.6059313e+05
   1.6077641e+05
   1.6103527e+05
   1.6137840e+05
   1.6160457e+05
   1.6184131e+05
   1.6201335e+05
   1.6237860e+05
   1.6254301e+05
   1.6269928e+05
   1.6289187e+05
   1.6309922e+05
   1.6333140e+05
   1.6353480e+05
   1.6376141e+05
   1.6404458e+05
   1.6421914e+05
   1.6451432e+05
   1.6471556e+05
   1.6488611e+05
   1.6501707e+05
   1.6535658e+05
   1.6552020e+05
   1.6567545e+05
   1.6587935e+05
   1.6608047e+05
   1.6627201e+05
   1.6645419e+05
   1.6677959e+05
   1.6691387e+05
   1.6742337e+05
   1.6766064e+05
   1.6788415e+05
   1.6805736e+05
   1.6831418e+05
   1.6854996e+05
   1.6875531e+05
   1.6903988e+05
   1.6928140e+05
   1.6967438e+05
   1.6991456e+05
   1.7011509e+05
   1.7038070e+05
   1.7064691e+05
   1.7091466e+05
   1.7151873e+05
   1.7170242e+05
   1.7201654e+05
   1.7253347e+05
   1.7274732e+05
   1.7307857e+05
   1.7330739e+05
   1.7373606e+05
   1.7398652e+05
   1.7436229e+05
   1.7535733e+05
   1.7559086e+05
   1.7606343e+05
   1.7632281e+05
   1.7651466e+05
   1.7670485e+05
   1.7708354e+05
   1.7756417e+05
   1.7787736e+05
   1.7805304e+05
   1.7823158e+05
   1.7851790e+05
   1.7875623e+05
   1.7946520e+05
   1.7966777e+05
   1.7998757e+05
   1.8031817e+05
   1.8157634e+05
   1.8275094e+05
   1.8347446e+05
   1.8411536e+05
   1.8484301e+05
   1.8522623e+05
   1.8576424e+05
   1.8612517e+05
   1.8757614e+05
   1.8815981e+05
   1.8853599e+05
   1.8894486e+05
   1.9052893e+05
   1.9101321e+05
   1.9213180e+05
   1.9288663e+05
   1.9322751e+05
   1.9367861e+05
   1.9415493e+05
   1.9442489e+05
   1.9532336e+05
   1.9576379e+05
   1.9684547e+05
   2.0962229e+05
   2.1040842e+05
   2.1118324e+05
   2.1155922e+05
   2.1205620e+05
   2.1396807e+05
   2.1430931e+05
   2.1510548e+05
   2.2014929e+05
   2.2030202e+05
   2.2044875e+05
   2.2065833e+05
   2.2085568e+05
   2.2104352e+05
   2.2136205e+05
   2.2149216e+05
   2.2166339e+05
   2.2188101e+05
   2.2206642e+05
   2.2226054e+05
   2.2254140e+05
   2.2275083e+05
   2.2294701e+05
   2.2319036e+05
   2.2332262e+05
   2.2350154e+05
   2.2363672e+05
   2.2381503e+05
   2.2408964e+05
   2.2435472e+05
   2.2453447e+05
   2.2467254e+05
   2.2490408e+05
   2.2511125e+05
   2.2526241e+05
   2.2545925e+05
   2.2557297e+05
   2.2586634e+05
   2.2603925e+05
   2.2635223e+05
   2.2656701e+05
   2.2673428e+05
   2.2738815e+05
   2.2764664e+05
   2.2810796e+05
   2.2831246e+05
   2.2858084e+05
   2.2888984e+05
   2.2907650e+05
   2.2927358e+05
   2.2947682e+05
   2.2969079e+05
   2.2982078e+05
   2.3005766e+05
   2.3037924e+05
   2.3057390e+05
   2.3086138e+05
   2.3117397e+05
   2.3134158e+05
   2.3163576e+05
   2.3185792e+05
   2.3207602e+05
   2.3223208e+05
   2.3245244e+05
   2.3267006e+05
   2.3281945e+05
   2.3298515e+05
   2.3323722e+05
   2.3381620e+05
   2.3399125e+05
   2.3465694e+05
   2.3492735e+05
   2.3514000e+05
   2.3539491e+05
   2.3583070e+05
   2.3600262e+05
   2.3617640e+05
   2.3643750e+05
   2.3671161e+05
   2.3705502e+05
   2.3724605e+05
   2.3746639e+05
   2.3763900e+05
   2.3803114e+05
   2.3818644e+05
   2.3839645e+05
   2.3861182e+05
   2.3939953e+05
   2.3975312e+05
   2.3998808e+05
   2.4057049e+05
   2.4118339e+05
   2.4181424e+05
   2.4219635e+05
   2.4271957e+05
   2.4303540e+05
   2.4334302e+05
   2.4380053e+05
   2.4637659e+05
   2.4702706e+05
   2.4762143e+05
   2.4807987e+05
   2.5034031e+05
   2.5079697e+05
   2.5106203e+05
   2.5187350e+05
   2.5237179e+05
   2.5384099e+05
   2.5425877e+05
   2.5458609e+05
   2.5541320e+05
   2.5582954e+05
   2.5638646e+05
   2.5929319e+05
   2.5957416e+05
   2.6096377e+05
   2.6186027e+05
   2.6345178e+05
   2.6380222e+05
   2.6403210e+05
   2.6438545e+05
   2.6507947e+05
   2.6571316e+05
   2.6603175e+05
   2.6795823e+05
   2.6823068e+05
   2.6876180e+05
   2.6909636e+05
   2.6986012e+05
   2.7030039e+05
   2.7056439e+05
   2.7096447e+05
   2.7167755e+05
   2.8027690e+05
   2.8050376e+05
   2.8068242e+05
   2.8115258e+05
   2.8138977e+05
   2.8181579e+05
   2.8199241e+05
   2.8231733e+05
   2.8264898e+05
   2.8300857e+05
   2.8360578e+05
   2.8466457e+05
   2.8504859e+05
   2.8527623e+05
   2.8561286e+05
   2.8607114e+05
   2.8689930e+05
   2.8775684e+05
   2.8797277e+05
   2.8843451e+05
   2.8865913e+05
   2.8902511e+05
   2.8929250e+05
   2.8952519e+05
   2.9064020e+05
   2.9182039e+05
   2.9237334e+05
   2.9255030e+05
   2.9311745e+05
   2.9334197e+05
   2.9424193e+05
   2.9445162e+05
   2.9488297e+05
   2.9512979e+05
   2.9540184e+05
   2.9559606e+05
   2.9576548e+05
   2.9655478e+05
   2.9715310e+05
   2.9740476e+05
   2.9775322e+05
   2.9803152e+05
   2.9841876e+05
   2.9869019e+05
   2.9887049e+05
   2.9968054e+05
   3.0055956e+05
   3.0087053e+05
   3.0157089e+05
   3.0212079e+05
   3.0320365e+05
   3.0447257e+05
   3.0851338e+05
   3.0953136e+05
   3.1069265e+05
   3.1106604e+05
   3.1160821e+05
   3.1221551e+05
   3.1279907e+05
   3.1325881e+05
   3.1350353e+05
   3.1654131e+05
   3.1685016e+05
   3.1877820e+05
   3.1922268e+05
   3.4020196e+05
   3.4043015e+05
   3.4082095e+05
   3.4107404e+05
   3.4140049e+05
   3.4157319e+05
   3.4189779e+05
   3.4210659e+05
   3.4238441e+05
   3.4266124e+05
   3.4284750e+05
   3.4308590e+05
   3.4350129e+05
   3.4377393e+05
   3.4397494e+05
   3.4417275e+05
   3.4477319e+05
   3.4514344e+05
   3.4567034e+05
   3.4593726e+05
   3.4612518e+05
   3.4662736e+05
   3.4695439e+05
   3.4740646e+05
   3.4809599e+05
   3.4851968e+05
   3.4884029e+05
   3.4977439e+05
   3.5000393e+05
   3.5038688e+05
   3.5071814e+05
   3.5128747e+05
   3.5200185e+05
   3.5223421e+05
   3.5259528e+05
   3.5294964e+05
   3.5326847e+05
   3.5349854e+05
   3.5546363e+05
   3.5579559e+05
   3.5614425e+05
   3.5719252e+05
   3.5783533e+05
   3.5809395e+05
   3.5843836e+05
   3.6043586e+05
   3.6084412e+05
   3.6112883e+05
   3.6162278e+05
   3.6201898e+05
   3.6246779e+05
   3.6283810e+05
   3.6358750e+05
   3.6381482e+05
   3.6402194e+05
   3.6480445e+05
   3.6540167e+05
   3.6627518e+05
   3.6860984e+05
   3.7211389e+05
   3.7244968e+05
   3.7296093e+05
   3.7315440e+05
   3.7366691e+05
   3.7550691e+05
   3.7644480e+05
   3.7815142e+05
   3.7886470e+05
   3.8097484e+05
   3.8158230e+05
   3.8186989e+05
   3.8227969e+05
   3.8268245e+05
   3.8294917e+05
   3.8332358e+05
   3.8400479e+05
   3.8588406e+05
   3.8643252e+05
   3.8685366e+05
   3.8743550e+05
   3.8776777e+05
   3.8813837e+05
   3.8912006e+05
   3.8964296e+05
   3.8998372e+05
   3.9044789e+05
   3.9279980e+05
   3.9324284e+05
   3.9379855e+05
   3.9421581e+05
   3.9462732e+05
   3.9585941e+05
   3.9622889e+05
   3.9664244e+05
   3.9822942e+05
   3.9932388e+05
   3.9978684e+05
   4.0018342e+05
   4.0040280e+05
   4.0062067e+05
   4.0081897e+05
   4.0098808e+05
   4.0121973e+05
   4.0139298e+05
   4.0157647e+05
   4.0198325e+05
   4.0220339e+05
   4.0234580e+05
   4.0264314e+05
   4.0283349e+05
   4.0307209e+05
   4.0331906e+05
   4.0348403e+05
   4.0381289e+05
   4.0399188e+05
   4.0423844e+05
   4.0443282e+05
   4.0455162e+05
   4.0482816e+05
   4.0507574e+05
   4.0520745e+05
   4.0539884e+05
   4.0565502e+05
   4.0594084e+05
   4.0618567e+05
   4.0639502e+05
   4.0655958e+05
   4.0677757e+05
   4.0759506e+05
   4.1801063e+05
   4.1817884e+05
   4.1832494e+05
   4.1855489e+05
   4.1872098e+05
   4.1906511e+05
   4.1917495e+05
   4.1933830e+05
   4.1947049e+05
   4.1965584e+05
   4.1980651e+05
   4.1993945e+05
   4.2034186e+05
   4.2444458e+05
   4.2606653e+05
   4.2680515e+05
   4.2717705e+05
   4.2848332e+05
   4.2882859e+05
   4.2930800e+05
   4.2986806e+05
   4.3063077e+05
   4.3101558e+05
   4.4096190e+05
   4.4175190e+05
   4.4232360e+05
   4.4250848e+05
   4.4296079e+05
   4.4338530e+05
   4.4426676e+05
   4.4488384e+05
   4.4511775e+05
   4.4549013e+05
   4.4578974e+05
   4.4646086e+05
   4.5194937e+05
   4.5220544e+05
   4.5265754e+05
   4.5287495e+05
   4.5434424e+05
   4.5477232e+05
   4.5560297e+05
   4.5633641e+05
   4.5664841e+05
   4.5750503e+05
   4.5800884e+05
   4.6036488e+05
   4.6074599e+05
   4.6118244e+05
   4.6172674e+05
   4.6223490e+05
   4.6252263e+05
   4.6280786e+05
   4.6301961e+05
   4.6323216e+05
   4.6376774e+05
   4.6482603e+05
   4.6508756e+05
   4.6531339e+05
   4.6588387e+05
   4.6609678e+05
   4.6633490e+05
   4.6664527e+05
   4.6685804e+05
   4.6736332e+05
   4.6755906e+05
   4.6771168e+05
   4.6788390e+05
   4.6810905e+05
   4.6830674e+05
   4.6852035e+05
   4.6866513e+05
   4.6896233e+05
   4.6911814e+05
   4.6929399e+05
   4.6945970e+05
   4.6965359e+05
   4.6979546e+05
   4.6995477e+05
   4.7011107e+05
   4.7029708e+05
   4.7048124e+05
   4.7075653e+05
   4.7094089e+05
   4.7118734e+05
   4.7141909e+05
   4.7158608e+05
   4.7190092e+05
   4.7219327e+05
   4.7235148e+05
   4.7248390e+05
   4.7277968e+05
   4.7300481e+05
   4.7331336e+05
   4.7352456e+05
   4.7374053e+05
   4.7393166e+05
   4.7450618e+05
   4.7471416e+05
   4.7492283e+05
   4.7560287e+05
   4.7591851e+05
   4.7613814e+05
   4.7643893e+05
   4.7662789e+05
   4.7688421e+05
   4.7802492e+05
   4.7853996e+05
   4.7880175e+05
   4.7905118e+05
   4.7928541e+05
   4.7966110e+05
   4.7988579e+05
   4.8043904e+05
   4.8069195e+05
   4.8126270e+05
   4.8217844e+05
   4.8301422e+05
   4.8322790e+05
   4.8349214e+05
   4.8433330e+05
   4.8536077e+05
   4.8605529e+05
   4.8643427e+05
   4.8781321e+05
   4.8819607e+05
   4.8856896e+05
   4.8888375e+05
   4.8909598e+05
   4.8938573e+05
   4.8991896e+05
   4.9045117e+05
   4.9088545e+05
   4.9110052e+05
   4.9155676e+05
   4.9211336e+05
   4.9284812e+05
   4.9306138e+05
   4.9340168e+05
   4.9370438e+05
   4.9398557e+05
   4.9450776e+05
   4.9603724e+05
   4.9643496e+05
   4.9670263e+05
   4.9719143e+05
   4.9815682e+05
   5.1023212e+05
   5.1155216e+05
   5.1181352e+05
   5.1209259e+05
   5.1256256e+05
   5.1362036e+05
   5.1391769e+05
   5.1492981e+05
   5.1528171e+05
   5.1614182e+05
   5.2021539e+05
   5.2035187e+05
   5.2071528e+05
   5.2099503e+05
   5.2151158e+05
   5.2186497e+05
   5.2287979e+05
   5.2336677e+05
   5.2378424e+05
   5.2411019e+05
   5.2465919e+05
   5.2529506e+05
   5.2552467e+05
   5.2574109e+05
   5.2593813e+05
   5.3330188e+05
   5.3362542e+05
   5.3438648e+05
   5.3459728e+05
   5.3477263e+05
   5.3998026e+05
   5.4115921e+05
   5.4168844e+05
   5.4209659e+05
   5.4265867e+05
   5.4644586e+05
   5.4661972e+05
   5.4710446e+05
   5.5136841e+05
   5.5235256e+05
   5.5294390e+05
   5.5359249e+05
   5.5683996e+05
   5.5720793e+05
   5.5792998e+05
   5.6434478e+05
   5.6468022e+05
   5.6731451e+05
   5.6760005e+05
   5.6783675e+05
   5.6831147e+05
   5.6957386e+05
   5.6984182e+05
   5.7732754e+05
   5.7769755e+05
   5.7806804e+05
   5.7866159e+05
   5.7901448e+05
   5.8018800e+05
   5.8036342e+05
   5.8061855e+05
   5.8086588e+05
   5.8111240e+05
   5.8152285e+05
   5.8174176e+05
   5.8202120e+05
   5.8240612e+05
   5.8255434e+05
   5.8281230e+05
   5.8317175e+05
   5.8343341e+05
   5.8365604e+05
   5.8394726e+05
   5.8420008e+05
   5.8440514e+05
   5.8466927e+05
   5.8493127e+05
   5.8515556e+05
   5.8534407e+05
   5.8552390e+05
   5.8569466e+05
   5.8584674e+05
   5.8615413e+05
   5.8653384e+05
   5.8675162e+05
   5.8696767e+05
   5.8794260e+05
   5.8824637e+05
   5.8861913e+05
   5.8896221e+05
   5.8917069e+05
   5.8937928e+05
   5.8968314e+05
   5.9128305e+05
   5.9150967e+05
   5.9177407e+05
   5.9204509e+05
   5.9297449e+05
   5.9363422e+05
   5.9436815e+05
   5.9459643e+05
   5.9492916e+05
   5.9516491e+05
   5.9554061e+05
   5.9582293e+05
   5.9601842e+05
   5.9617027e+05
   5.9637038e+05
   5.9651514e+05
   5.9667734e+05
   5.9692869e+05
   5.9728335e+05
   5.9751434e+05
   5.9781092e+05
   5.9822132e+05
   5.9854486e+05
   5.9874266e+05
   5.9894380e+05
   5.9911442e+05
   6.0040502e+05
   6.0070981e+05
   6.0137150e+05
   6.0233259e+05
   6.0294528e+05
   6.0316717e+05
   6.0345763e+05
   6.0371551e+05
   6.0487906e+05
   6.0538920e+05
   6.0576196e+05
   6.0670028e+05
   6.0731454e+05
   6.0789044e+05
   6.0845570e+05
   6.0893654e+05
   6.0962062e+05
   6.1004071e+05
   6.1072138e+05
   6.1116233e+05
   6.1228335e+05
   6.1350350e+05
   6.1403059e+05
   6.1511041e+05
   6.1544488e+05
   6.1575641e+05
   6.1743390e+05
   6.1805086e+05
   6.1846342e+05
   6.1870680e+05
   6.2058869e+05
   6.2084829e+05
   6.2118409e+05
   6.2145224e+05
   6.2238135e+05
   6.2336901e+05
   6.3088646e+05
   6.3106327e+05
   6.3136777e+05
   6.3215231e+05
   6.3253475e+05
   6.3286657e+05
   6.3329558e+05
   6.3362849e+05
   6.3450314e+05
   6.3479545e+05
   6.3522704e+05
   6.3613857e+05
   6.3641759e+05
   6.3685205e+05
   6.3731378e+05
   6.3832808e+05
   6.3903878e+05
   6.3967694e+05
   6.4099213e+05
   6.4338884e+05
   6.4409576e+05
   6.4502337e+05
   6.4737823e+05
   6.4820705e+05
   6.4876163e+05
   6.4929695e+05
   6.4982993e+05
   6.5082836e+05
   6.5118591e+05
   6.5165667e+05
   6.5211864e+05
   6.5417477e+05
   6.5571438e+05
   6.5603557e+05
   6.5628826e+05
   6.5752351e+05
   6.5795614e+05
   6.5840168e+05
   6.5869218e+05
   6.6087901e+05
   6.6115624e+05
   6.6207222e+05
   6.6286476e+05
   6.6331589e+05
   6.6516704e+05
   6.6562787e+05
   6.6659150e+05
   6.6799814e+05
   6.6874913e+05
   6.6952141e+05
   6.7018223e+05
   6.7079522e+05
   6.7112507e+05
   6.7160328e+05
   6.7193978e+05
   6.7248961e+05
   6.7309256e+05
   6.7365041e+05
   6.7435547e+05
   6.7469350e+05
   6.7505915e+05
   6.7595487e+05
   6.7627958e+05
   6.7661302e+05
   6.7730805e+05
   6.7757167e+05
   6.7802753e+05
   6.7928057e+05
   6.7973318e+05
   6.8001043e+05
   6.8106619e+05
   6.8320935e+05
   6.8373342e+05
   6.8432381e+05
   6.8480430e+05
   6.8522746e+05
   6.8584696e+05
   6.8841347e+05
   6.8880134e+05
   6.8965755e+05
   6.9067823e+05
   6.9201767e+05
   6.9289355e+05
   6.9353313e+05
   6.9399653e+05
   6.9437314e+05
   6.9604345e+05
   6.9643983e+05
   6.9675014e+05
   6.9708499e+05
   6.9749004e+05
   6.9778599e+05
   6.9839141e+05
   7.0034148e+05
   7.0071243e+05
   7.0110716e+05
   7.0302387e+05
   7.0376358e+05
   7.0502134e+05
   7.0556856e+05
   7.0651428e+05
   7.0697143e+05
   7.0748638e+05
   7.0860913e+05
   7.1245774e+05
   7.1286917e+05
   7.1323458e+05
   7.1359336e+05
   7.1414633e+05
   7.1453493e+05
   7.1512941e+05
   7.5490077e+05
   7.5541498e+05
   7.5648544e+05
   7.5685760e+05
   7.5770083e+05
   7.5804640e+05
   7.5841440e+05
   7.5900470e+05
   7.5963914e+05
   7.6005241e+05
   7.6015953e+05
   7.6073451e+05
   7.6097365e+05
   7.6119510e+05
   7.6141452e+05
   7.6159554e+05
   7.6174246e+05
   7.6203650e+05
   7.6231093e+05
   7.6265207e+05
   7.6281684e+05
   7.6319701e+05
   7.6356941e+05
   7.6369855e+05
   7.6434260e+05
   7.6456304e+05
   7.6476964e+05
   7.6497713e+05
   7.6517263e+05
   7.6541899e+05
   7.6569689e+05
   7.6580792e+05
   7.6622385e+05
   7.6634762e+05
   7.6676713e+05
   7.6733947e+05
   7.6774236e+05
   7.6809389e+05
   7.6845436e+05
   7.7352385e+05
   7.7440313e+05
   7.7669163e+05
   7.7688863e+05
   7.7710084e+05
   7.7733213e+05
   7.7748819e+05
   7.7768358e+05
   7.7823173e+05
   7.7842783e+05
   7.7882274e+05
   7.7971417e+05
   7.7997081e+05
   7.8026234e+05
   7.8092277e+05
   7.8140788e+05
   7.8188325e+05
   7.8230503e+05
   7.8275270e+05
   7.8361246e+05
   7.8398075e+05
   7.8430789e+05
   7.8467652e+05
   7.8549534e+05
   7.8574115e+05
   7.8585779e+05
   7.9116486e+05
   7.9133106e+05
   7.9181994e+05
   7.9728724e+05
   7.9780160e+05
   7.9804932e+05
   8.0046674e+05
   8.0075416e+05
   8.0110578e+05
   8.0148454e+05
   8.0194819e+05
   8.0223018e+05
   8.0400783e+05
   8.0418660e+05
   8.0527518e+05
   8.0548040e+05
   8.0573079e+05
   8.0586092e+05
   8.0701484e+05
   8.0724688e+05
   8.0746727e+05
   8.0776912e+05
   8.0865520e+05
   8.0905934e+05
   8.0980403e+05
   8.1381032e+05
   8.1417959e+05
   8.1491626e+05
   8.1530169e+05
   8.1552508e+05
   8.1590954e+05
   8.1610442e+05
   8.1646753e+05
   8.1682819e+05
   8.1707964e+05
   8.1755746e+05
   8.2099670e+05
   8.2123726e+05
   8.2173655e+05
   8.2185964e+05
   8.2198825e+05
   8.2237028e+05
   8.2254144e+05
   8.2268623e+05
   8.2303426e+05
   8.2323534e+05
   8.2339487e+05
   8.2357284e+05
   8.2372597e+05
   8.2390005e+05
   8.2414306e+05
   8.2430553e+05
   8.2443932e+05
   8.2459698e+05
   8.2477860e+05
   8.2513089e+05
   8.2523453e+05
   8.2536148e+05
   8.2561515e+05
   8.2576101e+05
   8.2591189e+05
   8.2611668e+05
   8.2639810e+05
   8.2654610e+05
   8.2671632e+05
   8.2683183e+05
   8.2739997e+05
   8.2757111e+05
   8.2776502e+05
   8.2800788e+05
   8.2837845e+05
   8.2849554e+05
   8.2874755e+05
   8.2891513e+05
   8.2908984e+05
   8.2933063e+05
   8.2956029e+05
   8.2973117e+05
   8.2996466e+05
   8.3031820e+05
   8.3061130e+05
   8.3078629e+05
   8.3136988e+05
   8.3177331e+05
   8.3198514e+05
   8.3228015e+05
   8.3247043e+05
   8.3280492e+05
   8.3298683e+05
   8.3376774e+05
   8.3392839e+05
   8.3428025e+05
   8.3444460e+05
   8.3468476e+05
   8.3490065e+05
   8.3511418e+05
   8.3534952e+05
   8.3610172e+05
   8.3640247e+05
   8.3668084e+05
   8.3685899e+05
   8.3726266e+05
   8.3748495e+05
   8.3813786e+05
   8.3846580e+05
   8.3879669e+05
   8.3900938e+05
   8.3929096e+05
   8.3986889e+05
   8.4056805e+05
   8.4105011e+05
   8.4141297e+05
   8.4537196e+05
   8.4594323e+05
   8.4619114e+05
   8.4689228e+05
   8.4738092e+05
   8.4854356e+05
   8.4997452e+05
   8.5030862e+05
   8.5076637e+05
   8.5143960e+05
   8.5194256e+05
   8.5311504e+05
   8.5336886e+05
   8.5351368e+05
   8.5374017e+05
   8.5740442e+05
   8.5760241e+05
   8.5791402e+05
   8.5979022e+05
   8.6000814e+05
   8.6068431e+05
   8.6162306e+05
   8.6229761e+05
   8.6309325e+05
   8.6369719e+05
   8.6388886e+05
   8.6407890e+05
   8.6883292e+05
   8.6925402e+05
   8.6959133e+05
   8.7037240e+05
   8.7063096e+05
   8.7104652e+05
   8.7188577e+05
   8.7212596e+05
   8.7247457e+05
   8.7613970e+05
   8.8030701e+05
   8.8044970e+05
   8.8082645e+05
   8.8098853e+05
   8.8113516e+05
   8.8128063e+05
   8.8142664e+05
   8.8156046e+05
   8.8168802e+05
   8.8184127e+05
   8.8200636e+05
   8.8212726e+05
   8.8240928e+05
   8.8254362e+05
   8.8278244e+05
   8.8324685e+05
   8.8338402e+05
   8.8351408e+05
   8.8359909e+05
   8.8374480e+05
   8.8407611e+05
   8.8427643e+05
   8.8450956e+05
   8.8482774e+05
   8.8502617e+05
   8.8521747e+05
   8.8542418e+05
   8.8554051e+05
   8.8577751e+05
   8.8604825e+05
   8.8619573e+05
   8.8634832e+05
   8.8647496e+05
   8.8661764e+05
   8.8680885e+05
   8.8697921e+05
   8.8735245e+05
   8.8747871e+05
   8.8758805e+05
   8.8786143e+05
   8.8805524e+05
   8.8826725e+05
   8.8847338e+05
   8.8866564e+05
   8.8893729e+05
   8.8913149e+05
   8.8933899e+05
   8.8989049e+05
   8.9001266e+05
   8.9012993e+05
   8.9025357e+05
   8.9041289e+05
   8.9057919e+05
   8.9073092e+05
   8.9141554e+05
   8.9152944e+05
   8.9172110e+05
   8.9185681e+05
   8.9197058e+05
   8.9212124e+05
   8.9224176e+05
   8.9256154e+05
   8.9271711e+05
   8.9286463e+05
   8.9303473e+05
   8.9317183e+05
   8.9335567e+05
   8.9359221e+05
   8.9384028e+05
   8.9428654e+05
   8.9451296e+05
   8.9468934e+05
   8.9484128e+05
   8.9497763e+05
   8.9512275e+05
   8.9526453e+05
   8.9541758e+05
   8.9569198e+05
   8.9593719e+05
   8.9606744e+05
   8.9668031e+05
   8.9688820e+05
   8.9707442e+05
   8.9728964e+05
   8.9738898e+05
   8.9766048e+05
   8.9808653e+05
   8.9823935e+05
   8.9844667e+05
   8.9869016e+05
   8.9883182e+05
   8.9924284e+05
   8.9943867e+05
   8.9959318e+05
   8.9974290e+05
   9.0098175e+05
   9.0127485e+05
   9.0214028e+05
   9.0286314e+05
   9.0503469e+05
   9.0516602e+05
   9.0564741e+05
   9.0629208e+05
   9.4023875e+05
   9.4097520e+05
   9.4120610e+05
   9.4136465e+05
   9.4148175e+05
   9.4159760e+05
   9.4181823e+05
   9.4196530e+05
   9.4218534e+05
   9.4231101e+05
   9.4239396e+05
   9.4263763e+05
   9.4291394e+05
   9.4301400e+05
   9.4314393e+05
   9.4328778e+05
   9.4343347e+05
   9.4360403e+05
   9.4379869e+05
   9.4396383e+05
   9.4410312e+05
   9.4423325e+05
   9.4439839e+05
   9.4453171e+05
   9.4463645e+05
   9.4477231e+05
   9.4495134e+05
   9.4507972e+05
   9.4525127e+05
   9.4540873e+05
   9.4552045e+05
   9.4574656e+05
   9.4610934e+05
   9.4621484e+05
   9.4639145e+05
   9.4653648e+05
   9.4663647e+05
   9.4685854e+05
   9.4735182e+05
   9.4748615e+05
   9.4758081e+05
   9.4774917e+05
   9.4794699e+05
   9.4806443e+05
   9.4820538e+05
   9.4841534e+05
   9.4857877e+05
   9.4883370e+05
   9.4894468e+05
   9.4915172e+05
   9.4926878e+05
   9.4946275e+05
   9.4977625e+05
   9.4994031e+05
   9.5012535e+05
   9.5036272e+05
   9.5063239e+05
   9.5083316e+05
   9.5100348e+05
   9.5124932e+05
   9.5134858e+05
   9.5156607e+05
   9.5172993e+05
   9.5194947e+05
   9.5206111e+05
   9.5218328e+05
   9.5237261e+05
   9.5248096e+05
   9.5268631e+05
   9.5287651e+05
   9.5303550e+05
   9.5322105e+05
   9.5332777e+05
   9.5349694e+05
   9.5375511e+05
   9.5389353e+05
   9.5449478e+05
   9.5586933e+05
   9.5598397e+05
   9.5617055e+05
   9.5630653e+05
   9.5644572e+05
   9.5692493e+05
   9.5707503e+05
   9.5736439e+05
   9.5751329e+05
   9.5767826e+05
   9.5785156e+05
   9.5820002e+05
   9.5832095e+05
   9.5848984e+05
   9.5860363e+05
   9.5879416e+05
   9.5897282e+05
   9.5920289e+05
   9.5945098e+05
   9.5961785e+05
   9.5988621e+05
   9.6027318e+05
   9.6044305e+05
   9.6249991e+05
   9.6632503e+05
   9.6671479e+05
   9.6753282e+05
   9.6775107e+05
   9.6820648e+05
   9.6852972e+05
   9.6893756e+05
   9.6934780e+05
   9.6981407e+05
   9.7010282e+05
   9.7065596e+05
   9.7093377e+05
   9.7216191e+05
   9.7287550e+05
   9.7512581e+05
   9.7533322e+05
   9.7555400e+05
   9.7577911e+05
   9.7656396e+05
   9.7751647e+05
   9.7778622e+05
   9.7816570e+05
   9.7990310e+05
   9.8020000e+05
   9.8071958e+05
   9.8128401e+05
   9.8160378e+05
   9.8271486e+05
   9.8304371e+05
   9.8375151e+05
   9.8416941e+05
   9.8461597e+05
   9.8483331e+05
   9.8651889e+05
   9.8694288e+05
   9.8745292e+05
   9.8800839e+05
   9.8845040e+05
   9.8877230e+05
   9.8994839e+05
   9.9035369e+05
   9.9073888e+05
   9.9107517e+05
   9.9170212e+05
   9.9228385e+05
   9.9866667e+05
   9.9893050e+05
   9.9986706e+05
   1.0002920e+06
   1.0004726e+06
   1.0006259e+06
   1.0007797e+06
   1.0009098e+06
   1.0010221e+06
   1.0011343e+06
   1.0013664e+06
   1.0014968e+06
   1.0016327e+06
   1.0018097e+06
   1.0020138e+06
   1.0021038e+06
   1.0036434e+06
   1.0037647e+06
   1.0039174e+06
   1.0040428e+06
   1.0041882e+06
   1.0043104e+06
   1.0045007e+06
   1.0046251e+06
   1.0047796e+06
   1.0050217e+06
   1.0051714e+06
   1.0053139e+06
   1.0054512e+06
   1.0057077e+06
   1.0059226e+06
   1.0061041e+06
   1.0062582e+06
   1.0064844e+06
   1.0067248e+06
   1.0069279e+06
   1.0072111e+06
   1.0073446e+06
   1.0075269e+06
   1.0076874e+06
   1.0078359e+06
   1.0080246e+06
   1.0081845e+06
   1.0084333e+06
   1.0086095e+06
   1.0087330e+06
   1.0088816e+06
   1.0090666e+06
   1.0091930e+06
   1.0092969e+06
   1.0094758e+06
   1.0096474e+06
   1.0097943e+06
   1.0099647e+06
   1.0106219e+06
   1.0108173e+06
   1.0109892e+06
   1.0111332e+06
   1.0112404e+06
   1.0113795e+06
   1.0115166e+06
   1.0116798e+06
   1.0177131e+06
   1.0178738e+06
   1.0180923e+06
   1.0184042e+06
   1.0190150e+06
   1.0194557e+06
   1.0196860e+06
   1.0198526e+06
   1.0199830e+06
   1.0205195e+06
   1.0206802e+06
   1.0237280e+06
   1.0241478e+06
   1.0245152e+06
   1.0250827e+06
   1.0252371e+06
   1.0258570e+06
   1.0264309e+06
   1.0265856e+06
   1.0267314e+06
   1.0269338e+06
   1.0274743e+06
   1.0280434e+06
   1.0285238e+06
   1.0289152e+06
   1.0295819e+06
   1.0298457e+06
   1.0306440e+06
   1.0309678e+06
   1.0312828e+06
   1.0351430e+06
   1.0356052e+06
   1.0358657e+06
   1.0383523e+06
   1.0393390e+06
   1.0396237e+06
   1.0398602e+06
   1.0401278e+06
   1.0406275e+06
   1.0422913e+06
   1.0443482e+06
   1.0451480e+06
   1.0454995e+06
   1.0460034e+06
   1.0465114e+06
   1.0467620e+06
   1.0470248e+06
   1.0473881e+06
   1.0477046e+06
   1.0478304e+06
   1.0481345e+06
   1.0484219e+06
   1.0494491e+06
   1.0524600e+06
   1.0532553e+06
   1.0536958e+06
   1.0540609e+06
   1.0544493e+06
   1.0548533e+06
   1.0551020e+06
   1.0554253e+06
   1.0557460e+06
   1.0559452e+06
   1.0564444e+06
   1.0566767e+06
   1.0569104e+06
   1.0600824e+06
   1.0601568e+06
   1.0603037e+06
   1.0604379e+06
   1.0605801e+06
   1.0606901e+06
   1.0609339e+06
   1.0610487e+06
   1.0611882e+06
   1.0613432e+06
   1.0615414e+06
   1.0616543e+06
   1.0617556e+06
   1.0619072e+06
   1.0620841e+06
   1.0621689e+06
   1.0624068e+06
   1.0625664e+06
   1.0627202e+06
   1.0628246e+06
   1.0629333e+06
   1.0630197e+06
   1.0634869e+06
   1.0636391e+06
   1.0637402e+06
   1.0638474e+06
   1.0640050e+06
   1.0642611e+06
   1.0643938e+06
   1.0645254e+06
   1.0646982e+06
   1.0648444e+06
   1.0649945e+06
   1.0651187e+06
   1.0652640e+06
   1.0654166e+06
   1.0655410e+06
   1.0656530e+06
   1.0658168e+06
   1.0659951e+06
   1.0661647e+06
   1.0663054e+06
   1.0664355e+06
   1.0666110e+06
   1.0667549e+06
   1.0668783e+06
   1.0669812e+06
   1.0672434e+06
   1.0673804e+06
   1.0674932e+06
   1.0676420e+06
   1.0677749e+06
   1.0678958e+06
   1.0680045e+06
   1.0681290e+06
   1.0683346e+06
   1.0684527e+06
   1.0685832e+06
   1.0686822e+06
   1.0688385e+06
   1.0689627e+06
   1.0690924e+06
   1.0692674e+06
   1.0694109e+06
   1.0695415e+06
   1.0696811e+06
   1.0698320e+06
   1.0701099e+06
   1.0702388e+06
   1.0703466e+06
   1.0705671e+06
   1.0707379e+06
   1.0708359e+06
   1.0710670e+06
   1.0712237e+06
   1.0713695e+06
   1.0715108e+06
   1.0716482e+06
   1.0719319e+06
   1.0720355e+06
   1.0721745e+06
   1.0723586e+06
   1.0725444e+06
   1.0726824e+06
   1.0727894e+06
   1.0729959e+06
   1.0731549e+06
   1.0732775e+06
   1.0734185e+06
   1.0735039e+06
   1.0736842e+06
   1.0738062e+06
   1.0739460e+06
   1.0743205e+06
   1.0744576e+06
   1.0746182e+06
   1.0747450e+06
   1.0748423e+06
   1.0750740e+06
   1.0751838e+06
   1.0754091e+06
   1.0756672e+06
   1.0758225e+06
   1.0760028e+06
   1.0762888e+06
   1.0765898e+06
   1.0768766e+06
   1.0770365e+06
   1.0771569e+06
   1.0773482e+06
   1.0775022e+06
   1.0777668e+06
   1.0780240e+06
   1.0781762e+06
   1.0784265e+06
   1.0785510e+06
   1.0786931e+06
   1.0788308e+06
   1.0790432e+06
   1.0792084e+06
   1.0794435e+06
   1.0796114e+06
   1.0797348e+06
   1.0802773e+06
   1.0807575e+06
   1.0815962e+06
   1.0819552e+06
   1.0822842e+06
   1.0825331e+06
   1.0828636e+06
   1.0831588e+06
   1.0837610e+06
   1.0842524e+06
   1.0847685e+06
   1.0850556e+06
   1.0854534e+06
   1.0856240e+06
   1.0858554e+06
   1.0861725e+06
   1.0866495e+06
   1.0875654e+06
   1.0882507e+06
   1.0884888e+06
   1.1013165e+06
   1.1019910e+06
   1.1024665e+06
   1.1109306e+06
   1.1111905e+06
   1.1132233e+06
   1.1138770e+06
   1.1140729e+06
   1.1142544e+06
   1.1146687e+06
   1.1151482e+06
   1.1153571e+06
   1.1156895e+06
   1.1158969e+06
   1.1162845e+06
   1.1166416e+06
   1.1175900e+06
   1.1182185e+06
   1.1188594e+06
   1.1200947e+06
   1.1202534e+06
   1.1203856e+06
   1.1205429e+06
   1.1206584e+06
   1.1207822e+06
   1.1209357e+06
   1.1210852e+06
   1.1212051e+06
   1.1213185e+06
   1.1214296e+06
   1.1216522e+06
   1.1217677e+06
   1.1219651e+06
   1.1221398e+06
   1.1222935e+06
   1.1224391e+06
   1.1225654e+06
   1.1227856e+06
   1.1228955e+06
   1.1230048e+06
   1.1231290e+06
   1.1232581e+06
   1.1234013e+06
   1.1235369e+06
   1.1236222e+06
   1.1238572e+06
   1.1239624e+06
   1.1241131e+06
   1.1243042e+06
   1.1244353e+06
   1.1245843e+06
   1.1246812e+06
   1.1248954e+06
   1.1249971e+06
   1.1251611e+06
   1.1252860e+06
   1.1254167e+06
   1.1255565e+06
   1.1257365e+06
   1.1258731e+06
   1.1260103e+06
   1.1261129e+06
   1.1262181e+06
   1.1263467e+06
   1.1266040e+06
   1.1267077e+06
   1.1268852e+06
   1.1271837e+06
   1.1273028e+06
   1.1274453e+06
   1.1276362e+06
   1.1277650e+06
   1.1279230e+06
   1.1281190e+06
   1.1282632e+06
   1.1283716e+06
   1.1285966e+06
   1.1287876e+06
   1.1289198e+06
   1.1290744e+06
   1.1292391e+06
   1.1293396e+06
   1.1295459e+06
   1.1296614e+06
   1.1298748e+06
   1.1300772e+06
   1.1302288e+06
   1.1303363e+06
   1.1304222e+06
   1.1306360e+06
   1.1307690e+06
   1.1311570e+06
   1.1314507e+06
   1.1316293e+06
   1.1317679e+06
   1.1318814e+06
   1.1320588e+06
   1.1322557e+06
   1.1323602e+06
   1.1324771e+06
   1.1326392e+06
   1.1327570e+06
   1.1329372e+06
   1.1331210e+06
   1.1332682e+06
   1.1333827e+06
   1.1334780e+06
   1.1335919e+06
   1.1339121e+06
   1.1343309e+06
   1.1344504e+06
   1.1346242e+06
   1.1347814e+06
   1.1349801e+06
   1.1351009e+06
   1.1352067e+06
   1.1353433e+06
   1.1354573e+06
   1.1357636e+06
   1.1359355e+06
   1.1362526e+06
   1.1364306e+06
   1.1365408e+06
   1.1367474e+06
   1.1369141e+06
   1.1370632e+06
   1.1372866e+06
   1.1374023e+06
   1.1376021e+06
   1.1378496e+06
   1.1380186e+06
   1.1383219e+06
   1.1384478e+06
   1.1387708e+06
   1.1389799e+06
   1.1390990e+06
   1.1392341e+06
   1.1393373e+06
   1.1394594e+06
   1.1396699e+06
   1.1398393e+06
   1.1399322e+06
   1.1408175e+06
   1.1412353e+06
   1.1417748e+06
   1.1427504e+06
   1.1432070e+06
   1.1434486e+06
   1.1438175e+06
   1.1444074e+06
   1.1446660e+06
   1.1468809e+06
   1.1476326e+06
   1.1483888e+06
   1.1493439e+06
   1.1499844e+06
   1.1504168e+06
   1.1513183e+06
   1.1521696e+06
   1.1523938e+06
   1.1527073e+06
   1.1532224e+06
   1.1536618e+06
   1.1546014e+06
   1.1554273e+06
   1.1561464e+06
   1.1563844e+06
   1.1583026e+06
   1.1586168e+06
   1.1598513e+06
   1.1604233e+06
   1.1607257e+06
   1.1637612e+06
   1.1642939e+06
   1.1646559e+06
   1.1657068e+06
   1.1661312e+06
   1.1663178e+06
   1.1665787e+06
   1.1680907e+06
   1.1683493e+06
   1.1685790e+06
   1.1688300e+06
   1.1694973e+06
   1.1702713e+06
   1.1704786e+06
   1.1707444e+06
   1.1709980e+06
   1.1736636e+06
   1.1739479e+06
   1.1746695e+06
   1.1749459e+06
   1.1751945e+06
   1.1757554e+06
   1.1761975e+06
   1.1763926e+06
   1.1766324e+06
   1.1770150e+06
   1.1799393e+06
   1.1801705e+06
   1.1803087e+06
   1.1804674e+06
   1.1805674e+06
   1.1807220e+06
   1.1808200e+06
   1.1809185e+06
   1.1811375e+06
   1.1812718e+06
   1.1815357e+06
   1.1816716e+06
   1.1817800e+06
   1.1818740e+06
   1.1819796e+06
   1.1820712e+06
   1.1822823e+06
   1.1824661e+06
   1.1825687e+06
   1.1826888e+06
   1.1828797e+06
   1.1830563e+06
   1.1831665e+06
   1.1832788e+06
   1.1833622e+06
   1.1834803e+06
   1.1835996e+06
   1.1837511e+06
   1.1839166e+06
   1.1840262e+06
   1.1841468e+06
   1.1842654e+06
   1.1843774e+06
   1.1845358e+06
   1.1846291e+06
   1.1847167e+06
   1.1848940e+06
   1.1850011e+06
   1.1851040e+06
   1.1855267e+06
   1.1857131e+06
   1.1857964e+06
   1.1859520e+06
   1.1860973e+06
   1.1862128e+06
   1.1864247e+06
   1.1865016e+06
   1.1866414e+06
   1.1867692e+06
   1.1868779e+06
   1.1871093e+06
   1.1872187e+06
   1.1873211e+06
   1.1874575e+06
   1.1875815e+06
   1.1877050e+06
   1.1877994e+06
   1.1879272e+06
   1.1880850e+06
   1.1882114e+06
   1.1882963e+06
   1.1883897e+06
   1.1885596e+06
   1.1886690e+06
   1.1888782e+06
   1.1890360e+06
   1.1891896e+06
   1.1893390e+06
   1.1894353e+06
   1.1895684e+06
   1.1897026e+06
   1.1898019e+06
   1.1899508e+06
   1.1901163e+06
   1.1902220e+06
   1.1903284e+06
   1.1904354e+06
   1.1905344e+06
   1.1907269e+06
   1.1908239e+06
   1.1909941e+06
   1.1911677e+06
   1.1913003e+06
   1.1913977e+06
   1.1914879e+06
   1.1916091e+06
   1.1917983e+06
   1.1919734e+06
   1.1920911e+06
   1.1921977e+06
   1.1923112e+06
   1.1924202e+06
   1.1925595e+06
   1.1926713e+06
   1.1929517e+06
   1.1931115e+06
   1.1932398e+06
   1.1934296e+06
   1.1935876e+06
   1.1936791e+06
   1.1938234e+06
   1.1941892e+06
   1.1943934e+06
   1.1945856e+06
   1.1947421e+06
   1.1948593e+06
   1.1951075e+06
   1.1952416e+06
   1.1953484e+06
   1.1954484e+06
   1.1955993e+06
   1.1957330e+06
   1.1958291e+06
   1.1959210e+06
   1.1961326e+06
   1.1962407e+06
   1.1963543e+06
   1.1964691e+06
   1.1965704e+06
   1.1966863e+06
   1.1971412e+06
   1.1977052e+06
   1.1978748e+06
   1.1980093e+06
   1.1982386e+06
   1.1984952e+06
   1.1986261e+06
   1.1987486e+06
   1.1988599e+06
   1.1990336e+06
   1.1991321e+06
   1.1992442e+06
   1.1994306e+06
   1.1995858e+06
   1.1997918e+06
   1.1999041e+06
   1.2004887e+06
   1.2009314e+06
   1.2032991e+06
   1.2035894e+06
   1.2079172e+06
   1.2083231e+06
   1.2092215e+06
   1.2258866e+06
   1.2264641e+06
   1.2272129e+06
   1.2275744e+06
   1.2277434e+06
   1.2280119e+06
   1.2293479e+06
   1.2354367e+06
   1.2379300e+06
   1.2382422e+06
   1.2391618e+06
   1.2397746e+06
   1.2401377e+06
   1.2403037e+06
   1.2404224e+06
   1.2405375e+06
   1.2407001e+06
   1.2408252e+06
   1.2410183e+06
   1.2411588e+06
   1.2412478e+06
   1.2414165e+06
   1.2415545e+06
   1.2417317e+06
   1.2418150e+06
   1.2419240e+06
   1.2420209e+06
   1.2421312e+06
   1.2422325e+06
   1.2423254e+06
   1.2424009e+06
   1.2425388e+06
   1.2426735e+06
   1.2428072e+06
   1.2429549e+06
   1.2430860e+06
   1.2432075e+06
   1.2433289e+06
   1.2434754e+06
   1.2435781e+06
   1.2436819e+06
   1.2437948e+06
   1.2439573e+06
   1.2440531e+06
   1.2441672e+06
   1.2443656e+06
   1.2444815e+06
   1.2447208e+06
   1.2448405e+06
   1.2449393e+06
   1.2450430e+06
   1.2451778e+06
   1.2453049e+06
   1.2454224e+06
   1.2456223e+06
   1.2457579e+06
   1.2458823e+06
   1.2459987e+06
   1.2461052e+06
   1.2462612e+06
   1.2463917e+06
   1.2464855e+06
   1.2465785e+06
   1.2466840e+06
   1.2467804e+06
   1.2469111e+06
   1.2469963e+06
   1.2472106e+06
   1.2473701e+06
   1.2475466e+06
   1.2476251e+06
   1.2477350e+06
   1.2478499e+06
   1.2480407e+06
   1.2482349e+06
   1.2483675e+06
   1.2485004e+06
   1.2486860e+06
   1.2488803e+06
   1.2490182e+06
   1.2491290e+06
   1.2493209e+06
   1.2494767e+06
   1.2496130e+06
   1.2497444e+06
   1.2498948e+06
   1.2500018e+06
   1.2501253e+06
   1.2502612e+06
   1.2503682e+06
   1.2504852e+06
   1.2506232e+06
   1.2507314e+06
   1.2508335e+06
   1.2509461e+06
   1.2510551e+06
   1.2512118e+06
   1.2513591e+06
   1.2515008e+06
   1.2516584e+06
   1.2517914e+06
   1.2519194e+06
   1.2520277e+06
   1.2521957e+06
   1.2523344e+06
   1.2524564e+06
   1.2525924e+06
   1.2526984e+06
   1.2528063e+06
   1.2530014e+06
   1.2531537e+06
   1.2533125e+06
   1.2534494e+06
   1.2535867e+06
   1.2536643e+06
   1.2537823e+06
   1.2539174e+06
   1.2541736e+06
   1.2543003e+06
   1.2544754e+06
   1.2546909e+06
   1.2548133e+06
   1.2550256e+06
   1.2551453e+06
   1.2553334e+06
   1.2554491e+06
   1.2556042e+06
   1.2557209e+06
   1.2558318e+06
   1.2559216e+06
   1.2560265e+06
   1.2561765e+06
   1.2563265e+06
   1.2564260e+06
   1.2565409e+06
   1.2566609e+06
   1.2567513e+06
   1.2568811e+06
   1.2569943e+06
   1.2571303e+06
   1.2572271e+06
   1.2573301e+06
   1.2574683e+06
   1.2576005e+06
   1.2577805e+06
   1.2579872e+06
   1.2581162e+06
   1.2582272e+06
   1.2584784e+06
   1.2588429e+06
   1.2589286e+06
   1.2591283e+06
   1.2592817e+06
   1.2593823e+06
   1.2594817e+06
   1.2597316e+06
   1.2598403e+06
   1.2599650e+06
   1.2602127e+06
   1.2608091e+06
   1.2610430e+06
   1.2664442e+06
   1.2679960e+06
   1.2682461e+06
   1.2685815e+06
   1.2692431e+06
   1.2696892e+06
   1.2715522e+06
   1.2719269e+06
   1.2723406e+06
   1.2725901e+06
   1.2734070e+06
   1.2741065e+06
   1.2745811e+06
   1.2751123e+06
   1.2754331e+06
   1.2760932e+06
   1.2765870e+06
   1.2767607e+06
   1.2770664e+06
   1.2779682e+06
   1.2787071e+06
   1.2789723e+06
   1.2792782e+06
   1.2831783e+06
   1.2836252e+06
   1.2841078e+06
   1.2843852e+06
   1.2848420e+06
   1.2853055e+06
   1.2855691e+06
   1.2857802e+06
   1.2861853e+06
   1.2870083e+06
   1.2877292e+06
   1.2880760e+06
   1.2887017e+06
   1.2892363e+06
   1.2901862e+06
   1.2903829e+06
   1.2905777e+06
   1.2923391e+06
   1.2925650e+06
   1.2928025e+06
   1.2930286e+06
   1.3001198e+06
   1.3002303e+06
   1.3003370e+06
   1.3004413e+06
   1.3005385e+06
   1.3006288e+06
   1.3007435e+06
   1.3008593e+06
   1.3010039e+06
   1.3011292e+06
   1.3012533e+06
   1.3013763e+06
   1.3015414e+06
   1.3016643e+06
   1.3017472e+06
   1.3018592e+06
   1.3019718e+06
   1.3020794e+06
   1.3021657e+06
   1.3022840e+06
   1.3024050e+06
   1.3024929e+06
   1.3026859e+06
   1.3028120e+06
   1.3029187e+06
   1.3030243e+06
   1.3031434e+06
   1.3032580e+06
   1.3034472e+06
   1.3035674e+06
   1.3036422e+06
   1.3037568e+06
   1.3038809e+06
   1.3039998e+06
   1.3041543e+06
   1.3043892e+06
   1.3045426e+06
   1.3046502e+06
   1.3047950e+06
   1.3049345e+06
   1.3050122e+06
   1.3052056e+06
   1.3053112e+06
   1.3054243e+06
   1.3055237e+06
   1.3056369e+06
   1.3057382e+06
   1.3058543e+06
   1.3059867e+06
   1.3062425e+06
   1.3063471e+06
   1.3064564e+06
   1.3065676e+06
   1.3067099e+06
   1.3068817e+06
   1.3071801e+06
   1.3072845e+06
   1.3074620e+06
   1.3076005e+06
   1.3077118e+06
   1.3078906e+06
   1.3080108e+06
   1.3083629e+06
   1.3084948e+06
   1.3086036e+06
   1.3087222e+06
   1.3088183e+06
   1.3089981e+06
   1.3091011e+06
   1.3091993e+06
   1.3093120e+06
   1.3094253e+06
   1.3095403e+06
   1.3096305e+06
   1.3097732e+06
   1.3099168e+06
   1.3099846e+06
   1.3101042e+06
   1.3101866e+06
   1.3103907e+06
   1.3105278e+06
   1.3107144e+06
   1.3107925e+06
   1.3109235e+06
   1.3110644e+06
   1.3112511e+06
   1.3114653e+06
   1.3116202e+06
   1.3117113e+06
   1.3118881e+06
   1.3120320e+06
   1.3121922e+06
   1.3123143e+06
   1.3124083e+06
   1.3124771e+06
   1.3127078e+06
   1.3128682e+06
   1.3129707e+06
   1.3130795e+06
   1.3131966e+06
   1.3133073e+06
   1.3134769e+06
   1.3135744e+06
   1.3138051e+06
   1.3139161e+06
   1.3141171e+06
   1.3142089e+06
   1.3143322e+06
   1.3145782e+06
   1.3147123e+06
   1.3148569e+06
   1.3149530e+06
   1.3150408e+06
   1.3151890e+06
   1.3152856e+06
   1.3154679e+06
   1.3155808e+06
   1.3156854e+06
   1.3157901e+06
   1.3159073e+06
   1.3159898e+06
   1.3161033e+06
   1.3162543e+06
   1.3163844e+06
   1.3165250e+06
   1.3166635e+06
   1.3167933e+06
   1.3170199e+06
   1.3171356e+06
   1.3172669e+06
   1.3173460e+06
   1.3174788e+06
   1.3176889e+06
   1.3178832e+06
   1.3179942e+06
   1.3181807e+06
   1.3182777e+06
   1.3183877e+06
   1.3185443e+06
   1.3186485e+06
   1.3187595e+06
   1.3188915e+06
   1.3190290e+06
   1.3191263e+06
   1.3193294e+06
   1.3194330e+06
   1.3195099e+06
   1.3196760e+06
   1.3198083e+06
   1.3199178e+06
   1.3206490e+06
   1.3208680e+06
   1.3232447e+06
   1.3235838e+06
   1.3241440e+06
   1.3249144e+06
   1.3255985e+06
   1.3270476e+06
   1.3277005e+06
   1.3279342e+06
   1.3281987e+06
   1.3284751e+06
   1.3287296e+06
   1.3289586e+06
   1.3297011e+06
   1.3303674e+06
   1.3313962e+06
   1.3318524e+06
   1.3324007e+06
   1.3328547e+06
   1.3331071e+06
   1.3353149e+06
   1.3360668e+06
   1.3361909e+06
   1.3367993e+06
   1.3371046e+06
   1.3373154e+06
   1.3411891e+06
   1.3413811e+06
   1.3430929e+06
   1.3434312e+06
   1.3454973e+06
   1.3458014e+06
   1.3518493e+06
   1.3521785e+06
   1.3524419e+06
   1.3588774e+06
   1.3601905e+06
   1.3604417e+06
   1.3605625e+06
   1.3606838e+06
   1.3607741e+06
   1.3608729e+06
   1.3609631e+06
   1.3610581e+06
   1.3611814e+06
   1.3613101e+06
   1.3614475e+06
   1.3615981e+06
   1.3617310e+06
   1.3618038e+06
   1.3619962e+06
   1.3620741e+06
   1.3621700e+06
   1.3622907e+06
   1.3624296e+06
   1.3625589e+06
   1.3626682e+06
   1.3628076e+06
   1.3629139e+06
   1.3630701e+06
   1.3631668e+06
   1.3632720e+06
   1.3634386e+06
   1.3635243e+06
   1.3636214e+06
   1.3637334e+06
   1.3638711e+06
   1.3639840e+06
   1.3640832e+06
   1.3641681e+06
   1.3642451e+06
   1.3643425e+06
   1.3644576e+06
   1.3646167e+06
   1.3647253e+06
   1.3648474e+06
   1.3649601e+06
   1.3651198e+06
   1.3652062e+06
   1.3652920e+06
   1.3654006e+06
   1.3655668e+06
   1.3656667e+06
   1.3657742e+06
   1.3659398e+06
   1.3660608e+06
   1.3661396e+06
   1.3662263e+06
   1.3663658e+06
   1.3664560e+06
   1.3665578e+06
   1.3666339e+06
   1.3667286e+06
   1.3668934e+06
   1.3669942e+06
   1.3672900e+06
   1.3674000e+06
   1.3675111e+06
   1.3676392e+06
   1.3678004e+06
   1.3679338e+06
   1.3680928e+06
   1.3682079e+06
   1.3683006e+06
   1.3684526e+06
   1.3685465e+06
   1.3687484e+06
   1.3688548e+06
   1.3689853e+06
   1.3690944e+06
   1.3692506e+06
   1.3693518e+06
   1.3695001e+06
   1.3696271e+06
   1.3697282e+06
   1.3698990e+06
   1.3699900e+06
   1.3702432e+06
   1.3703693e+06
   1.3704896e+06
   1.3705788e+06
   1.3707021e+06
   1.3707817e+06
   1.3708892e+06
   1.3710194e+06
   1.3711151e+06
   1.3712603e+06
   1.3714387e+06
   1.3715872e+06
   1.3717479e+06
   1.3718450e+06
   1.3719529e+06
   1.3720767e+06
   1.3721975e+06
   1.3723329e+06
   1.3724604e+06
   1.3726353e+06
   1.3727767e+06
   1.3729116e+06
   1.3730215e+06
   1.3731515e+06
   1.3732882e+06
   1.3734055e+06
   1.3735304e+06
   1.3736559e+06
   1.3737544e+06
   1.3738464e+06
   1.3739661e+06
   1.3742035e+06
   1.3743157e+06
   1.3744553e+06
   1.3746334e+06
   1.3747475e+06
   1.3748418e+06
   1.3749613e+06
   1.3751078e+06
   1.3752185e+06
   1.3753118e+06
   1.3754572e+06
   1.3755710e+06
   1.3756641e+06
   1.3759162e+06
   1.3760535e+06
   1.3761838e+06
   1.3763110e+06
   1.3764359e+06
   1.3765727e+06
   1.3767086e+06
   1.3768329e+06
   1.3771589e+06
   1.3773832e+06
   1.3775129e+06
   1.3775922e+06
   1.3777392e+06
   1.3779207e+06
   1.3780208e+06
   1.3781413e+06
   1.3782427e+06
   1.3784228e+06
   1.3785564e+06
   1.3786364e+06
   1.3787697e+06
   1.3789120e+06
   1.3790095e+06
   1.3791205e+06
   1.3792362e+06
   1.3793558e+06
   1.3794707e+06
   1.3795677e+06
   1.3796797e+06
   1.3797951e+06
   1.3798867e+06
   1.3799903e+06
   1.3816456e+06
   1.3920562e+06
   1.3924074e+06
   1.3936049e+06
   1.3941189e+06
   1.3957527e+06
   1.3965512e+06
   1.3972500e+06
   1.3974813e+06
   1.3977595e+06
   1.3979683e+06
   1.3989211e+06
   1.3991610e+06
   1.4010497e+06
   1.4026421e+06
   1.4028778e+06
   1.4040833e+06
   1.4043215e+06
   1.4051076e+06
   1.4053784e+06
   1.4061310e+06
   1.4064100e+06
   1.4068069e+06
   1.4074366e+06
   1.4076352e+06
   1.4086348e+06
   1.4088712e+06
   1.4094233e+06
   1.4097543e+06
   1.4105105e+06
   1.4108376e+06
   1.4111775e+06
   1.4118539e+06
   1.4134807e+06
   1.4200952e+06
   1.4202673e+06
   1.4204049e+06
   1.4204961e+06
   1.4205729e+06
   1.4207039e+06
   1.4209026e+06
   1.4210448e+06
   1.4211412e+06
   1.4212385e+06
   1.4213248e+06
   1.4214187e+06
   1.4216193e+06
   1.4217196e+06
   1.4218093e+06
   1.4219070e+06
   1.4219989e+06
   1.4220979e+06
   1.4221827e+06
   1.4222573e+06
   1.4223429e+06
   1.4224365e+06
   1.4225331e+06
   1.4226236e+06
   1.4227235e+06
   1.4228700e+06
   1.4229408e+06
   1.4230415e+06
   1.4231543e+06
   1.4232549e+06
   1.4233359e+06
   1.4234549e+06
   1.4236228e+06
   1.4237457e+06
   1.4238470e+06
   1.4239827e+06
   1.4240738e+06
   1.4241774e+06
   1.4242819e+06
   1.4243741e+06
   1.4244695e+06
   1.4245475e+06
   1.4246349e+06
   1.4247414e+06
   1.4248436e+06
   1.4249357e+06
   1.4250765e+06
   1.4251682e+06
   1.4252587e+06
   1.4253684e+06
   1.4254600e+06
   1.4255666e+06
   1.4257864e+06
   1.4258835e+06
   1.4259521e+06
   1.4260601e+06
   1.4261425e+06
   1.4262461e+06
   1.4263522e+06
   1.4264339e+06
   1.4265266e+06
   1.4266091e+06
   1.4267391e+06
   1.4269350e+06
   1.4271377e+06
   1.4272499e+06
   1.4273682e+06
   1.4274786e+06
   1.4276008e+06
   1.4277085e+06
   1.4277926e+06
   1.4278915e+06
   1.4280016e+06
   1.4280979e+06
   1.4282336e+06
   1.4283310e+06
   1.4284309e+06
   1.4285412e+06
   1.4286259e+06
   1.4287280e+06
   1.4288237e+06
   1.4290462e+06
   1.4291753e+06
   1.4293170e+06
   1.4294481e+06
   1.4295576e+06
   1.4296717e+06
   1.4297944e+06
   1.4299086e+06
   1.4300123e+06
   1.4301025e+06
   1.4302176e+06
   1.4303552e+06
   1.4304544e+06
   1.4305683e+06
   1.4307280e+06
   1.4308302e+06
   1.4309444e+06
   1.4310553e+06
   1.4311705e+06
   1.4313027e+06
   1.4314143e+06
   1.4314934e+06
   1.4316779e+06
   1.4317988e+06
   1.4319304e+06
   1.4320279e+06
   1.4321922e+06
   1.4322793e+06
   1.4323761e+06
   1.4324906e+06
   1.4326049e+06
   1.4327525e+06
   1.4328322e+06
   1.4329296e+06
   1.4330651e+06
   1.4331563e+06
   1.4332672e+06
   1.4334110e+06
   1.4335202e+06
   1.4335981e+06
   1.4336821e+06
   1.4338347e+06
   1.4341340e+06
   1.4342879e+06
   1.4344112e+06
   1.4345999e+06
   1.4347389e+06
   1.4348434e+06
   1.4349918e+06
   1.4350758e+06
   1.4352996e+06
   1.4354135e+06
   1.4354947e+06
   1.4357081e+06
   1.4358214e+06
   1.4359501e+06
   1.4360892e+06
   1.4362529e+06
   1.4363820e+06
   1.4364970e+06
   1.4366152e+06
   1.4366993e+06
   1.4368168e+06
   1.4369981e+06
   1.4370728e+06
   1.4371781e+06
   1.4372921e+06
   1.4374684e+06
   1.4375682e+06
   1.4376776e+06
   1.4377765e+06
   1.4378881e+06
   1.4379899e+06
   1.4380681e+06
   1.4382223e+06
   1.4383452e+06
   1.4385168e+06
   1.4386027e+06
   1.4387033e+06
   1.4387949e+06
   1.4389160e+06
   1.4390476e+06
   1.4391354e+06
   1.4392723e+06
   1.4393959e+06
   1.4394796e+06
   1.4395647e+06
   1.4397397e+06
   1.4398672e+06
   1.4399944e+06
   1.4410508e+06
   1.4414313e+06
   1.4418103e+06
   1.4420751e+06
   1.4427459e+06
   1.4444983e+06
   1.4447231e+06
   1.4465190e+06
   1.4470277e+06
   1.4494559e+06
   1.4496145e+06
   1.4556079e+06
   1.4558508e+06
   1.4571820e+06
   1.4584412e+06
   1.4594005e+06
   1.4598450e+06
   1.4601334e+06
   1.4606138e+06
   1.4608122e+06
   1.4610014e+06
   1.4620646e+06
   1.4624496e+06
   1.4634898e+06
   1.4638396e+06
   1.4657393e+06
   1.4660453e+06
   1.4661897e+06
   1.4663946e+06
   1.4667422e+06
   1.4676203e+06
   1.4679903e+06
   1.4684139e+06
   1.4715741e+06
   1.4801280e+06
   1.4801990e+06
   1.4802954e+06
   1.4803745e+06
   1.4804763e+06
   1.4805608e+06
   1.4806465e+06
   1.4807284e+06
   1.4808387e+06
   1.4809291e+06
   1.4810089e+06
   1.4810968e+06
   1.4812103e+06
   1.4812973e+06
   1.4813813e+06
   1.4814607e+06
   1.4815313e+06
   1.4816299e+06
   1.4817258e+06
   1.4818092e+06
   1.4819663e+06
   1.4820818e+06
   1.4821974e+06
   1.4822887e+06
   1.4824148e+06
   1.4824970e+06
   1.4826020e+06
   1.4826867e+06
   1.4827725e+06
   1.4828806e+06
   1.4830288e+06
   1.4831136e+06
   1.4832115e+06
   1.4833155e+06
   1.4834377e+06
   1.4835297e+06
   1.4836436e+06
   1.4837527e+06
   1.4838652e+06
   1.4839999e+06
   1.4841256e+06
   1.4842503e+06
   1.4843146e+06
   1.4844396e+06
   1.4845754e+06
   1.4846614e+06
   1.4847438e+06
   1.4848383e+06
   1.4849611e+06
   1.4850828e+06
   1.4851747e+06
   1.4853333e+06
   1.4854109e+06
   1.4855176e+06
   1.4856024e+06
   1.4856960e+06
   1.4857855e+06
   1.4858700e+06
   1.4859670e+06
   1.4860602e+06
   1.4861551e+06
   1.4862460e+06
   1.4863398e+06
   1.4864185e+06
   1.4865314e+06
   1.4866313e+06
   1.4867391e+06
   1.4868417e+06
   1.4871448e+06
   1.4872494e+06
   1.4873983e+06
   1.4875050e+06
   1.4876508e+06
   1.4877507e+06
   1.4878369e+06
   1.4879572e+06
   1.4881010e+06
   1.4881726e+06
   1.4882983e+06
   1.4884202e+06
   1.4885293e+06
   1.4886889e+06
   1.4887880e+06
   1.4888916e+06
   1.4890452e+06
   1.4891173e+06
   1.4892638e+06
   1.4893344e+06
   1.4894131e+06
   1.4894942e+06
   1.4895818e+06
   1.4896511e+06
   1.4897456e+06
   1.4898426e+06
   1.4899663e+06
   1.4900892e+06
   1.4902108e+06
   1.4903263e+06
   1.4904385e+06
   1.4905509e+06
   1.4906545e+06
   1.4907499e+06
   1.4908290e+06
   1.4909352e+06
   1.4910732e+06
   1.4911924e+06
   1.4912784e+06
   1.4913665e+06
   1.4914478e+06
   1.4915247e+06
   1.4916098e+06
   1.4917056e+06
   1.4918181e+06
   1.4919257e+06
   1.4920162e+06
   1.4921224e+06
   1.4922170e+06
   1.4923227e+06
   1.4924506e+06
   1.4925809e+06
   1.4927039e+06
   1.4928362e+06
   1.4929253e+06
   1.4930067e+06
   1.4931326e+06
   1.4932409e+06
   1.4933526e+06
   1.4934318e+06
   1.4935359e+06
   1.4936963e+06
   1.4938204e+06
   1.4939048e+06
   1.4939794e+06
   1.4941665e+06
   1.4943043e+06
   1.4943971e+06
   1.4945062e+06
   1.4945823e+06
   1.4946911e+06
   1.4948080e+06
   1.4949155e+06
   1.4950105e+06
   1.4950926e+06
   1.4952019e+06
   1.4953587e+06
   1.4954682e+06
   1.4955923e+06
   1.4957435e+06
   1.4958421e+06
   1.4959787e+06
   1.4960998e+06
   1.4962246e+06
   1.4963250e+06
   1.4964271e+06
   1.4965397e+06
   1.4966839e+06
   1.4967793e+06
   1.4969131e+06
   1.4969916e+06
   1.4970744e+06
   1.4971560e+06
   1.4972438e+06
   1.4973843e+06
   1.4974908e+06
   1.4976366e+06
   1.4977692e+06
   1.4978467e+06
   1.4979569e+06
   1.4980460e+06
   1.4981458e+06
   1.4982722e+06
   1.4984039e+06
   1.4984876e+06
   1.4985912e+06
   1.4986756e+06
   1.4987619e+06
   1.4988648e+06
   1.4989486e+06
   1.4990683e+06
   1.4991874e+06
   1.4992889e+06
   1.4994489e+06
   1.4995657e+06
   1.4996784e+06
   1.4997532e+06
   1.4999003e+06
   1.4999932e+06
   1.5002809e+06
   1.5007033e+06
   1.5014041e+06
   1.5018899e+06
   1.5063057e+06
   1.5076325e+06
   1.5080064e+06
   1.5090311e+06
   1.5096508e+06
   1.5102736e+06
   1.5104443e+06
   1.5117136e+06
   1.5121282e+06
   1.5124698e+06
   1.5131135e+06
   1.5136982e+06
   1.5142326e+06
   1.5147490e+06
   1.5152724e+06
   1.5156306e+06
   1.5162657e+06
   1.5168509e+06
   1.5197248e+06
   1.5204018e+06
   1.5206093e+06
   1.5209025e+06
   1.5272660e+06
   1.5291749e+06
   1.5293667e+06
   1.5362342e+06
   1.5365959e+06
   1.5370848e+06
   1.5372877e+06
   1.5377097e+06
   1.5382451e+06
   1.5385821e+06
   1.5390371e+06
   1.5394517e+06
   1.5398833e+06
   1.5401150e+06
   1.5402368e+06
   1.5403205e+06
   1.5404153e+06
   1.5405280e+06
   1.5406196e+06
   1.5407626e+06
   1.5408921e+06
   1.5410483e+06
   1.5411122e+06
   1.5412429e+06
   1.5413427e+06
   1.5415257e+06
   1.5416193e+06
   1.5417025e+06
   1.5418171e+06
   1.5419241e+06
   1.5420187e+06
   1.5421113e+06
   1.5421875e+06
   1.5422836e+06
   1.5423802e+06
   1.5424932e+06
   1.5425910e+06
   1.5427390e+06
   1.5428347e+06
   1.5429195e+06
   1.5430297e+06
   1.5431017e+06
   1.5432174e+06
   1.5433139e+06
   1.5434011e+06
   1.5434869e+06
   1.5435783e+06
   1.5436601e+06
   1.5437538e+06
   1.5438600e+06
   1.5439440e+06
   1.5440758e+06
   1.5441833e+06
   1.5442733e+06
   1.5444031e+06
   1.5445235e+06
   1.5445978e+06
   1.5447314e+06
   1.5448151e+06
   1.5448941e+06
   1.5449715e+06
   1.5451120e+06
   1.5451829e+06
   1.5453129e+06
   1.5453950e+06
   1.5454886e+06
   1.5456156e+06
   1.5457145e+06
   1.5458066e+06
   1.5459185e+06
   1.5460209e+06
   1.5461350e+06
   1.5462250e+06
   1.5463440e+06
   1.5464407e+06
   1.5465261e+06
   1.5466336e+06
   1.5467437e+06
   1.5468495e+06
   1.5469560e+06
   1.5471236e+06
   1.5472048e+06
   1.5472893e+06
   1.5474365e+06
   1.5475242e+06
   1.5476074e+06
   1.5477015e+06
   1.5477812e+06
   1.5478813e+06
   1.5479772e+06
   1.5481140e+06
   1.5482159e+06
   1.5483176e+06
   1.5484017e+06
   1.5485117e+06
   1.5486156e+06
   1.5487372e+06
   1.5488122e+06
   1.5488857e+06
   1.5489858e+06
   1.5490727e+06
   1.5491938e+06
   1.5492730e+06
   1.5493514e+06
   1.5494615e+06
   1.5495720e+06
   1.5497128e+06
   1.5497977e+06
   1.5498851e+06
   1.5499741e+06
   1.5500766e+06
   1.5501727e+06
   1.5502576e+06
   1.5503662e+06
   1.5504489e+06
   1.5505429e+06
   1.5506378e+06
   1.5507096e+06
   1.5508419e+06
   1.5509165e+06
   1.5510380e+06
   1.5512118e+06
   1.5513280e+06
   1.5514237e+06
   1.5515227e+06
   1.5516782e+06
   1.5517845e+06
   1.5518601e+06
   1.5519705e+06
   1.5520691e+06
   1.5521984e+06
   1.5522898e+06
   1.5524212e+06
   1.5525031e+06
   1.5526387e+06
   1.5527881e+06
   1.5528730e+06
   1.5529499e+06
   1.5530788e+06
   1.5532125e+06
   1.5533065e+06
   1.5533819e+06
   1.5534769e+06
   1.5536060e+06
   1.5536822e+06
   1.5537688e+06
   1.5538615e+06
   1.5539577e+06
   1.5541599e+06
   1.5542713e+06
   1.5543652e+06
   1.5545309e+06
   1.5546383e+06
   1.5547758e+06
   1.5548903e+06
   1.5549815e+06
   1.5551164e+06
   1.5552325e+06
   1.5553528e+06
   1.5554388e+06
   1.5555379e+06
   1.5556275e+06
   1.5557240e+06
   1.5558246e+06
   1.5559078e+06
   1.5560141e+06
   1.5561507e+06
   1.5562520e+06
   1.5563707e+06
   1.5564730e+06
   1.5565638e+06
   1.5567008e+06
   1.5567839e+06
   1.5568897e+06
   1.5569687e+06
   1.5570754e+06
   1.5571586e+06
   1.5572597e+06
   1.5573492e+06
   1.5575197e+06
   1.5576386e+06
   1.5577715e+06
   1.5578734e+06
   1.5579491e+06
   1.5580306e+06
   1.5581845e+06
   1.5582853e+06
   1.5583604e+06
   1.5584626e+06
   1.5585517e+06
   1.5586554e+06
   1.5587482e+06
   1.5588251e+06
   1.5589199e+06
   1.5590417e+06
   1.5591703e+06
   1.5592468e+06
   1.5593209e+06
   1.5594138e+06
   1.5595139e+06
   1.5596062e+06
   1.5596990e+06
   1.5597858e+06
   1.5598836e+06
   1.5599799e+06
   1.5602437e+06
   1.5605143e+06
   1.5608459e+06
   1.5636725e+06
   1.5640458e+06
   1.5643804e+06
   1.5655016e+06
   1.5665792e+06
   1.5668769e+06
   1.5676880e+06
   1.5679992e+06
   1.5685709e+06
   1.5755786e+06
   1.5757865e+06
   1.5772676e+06
   1.5776139e+06
   1.5780033e+06
   1.5799571e+06
   1.5801162e+06
   1.5806081e+06
   1.5809239e+06
   1.5835635e+06
   1.5837551e+06
   1.5840759e+06
   1.5842569e+06
   1.5852848e+06
   1.5856884e+06
   1.5860004e+06
   1.5861996e+06
   1.5865337e+06
   1.5870414e+06
   1.5874040e+06
   1.5876325e+06
   1.5880547e+06
   1.5891019e+06
   1.5899330e+06
   1.5906916e+06
   1.5910022e+06
   1.5916306e+06
   1.5921391e+06
   1.5923551e+06
   1.5933186e+06
   1.5935639e+06
   1.5945084e+06
   1.5947624e+06
   1.5950264e+06
   1.6001003e+06
   1.6001659e+06
   1.6002489e+06
   1.6003217e+06
   1.6004094e+06
   1.6005016e+06
   1.6005834e+06
   1.6006467e+06
   1.6007321e+06
   1.6008301e+06
   1.6009494e+06
   1.6010422e+06
   1.6011609e+06
   1.6012511e+06
   1.6013444e+06
   1.6014160e+06
   1.6015284e+06
   1.6016053e+06
   1.6016832e+06
   1.6018066e+06
   1.6019394e+06
   1.6020161e+06
   1.6020895e+06
   1.6021809e+06
   1.6022748e+06
   1.6024028e+06
   1.6025024e+06
   1.6026147e+06
   1.6027021e+06
   1.6028248e+06
   1.6029173e+06
   1.6029974e+06
   1.6030894e+06
   1.6031700e+06
   1.6032832e+06
   1.6034210e+06
   1.6035138e+06
   1.6036466e+06
   1.6037368e+06
   1.6038241e+06
   1.6039094e+06
   1.6039777e+06
   1.6040732e+06
   1.6041706e+06
   1.6043473e+06
   1.6044570e+06
   1.6045556e+06
   1.6046426e+06
   1.6047397e+06
   1.6048692e+06
   1.6049463e+06
   1.6050338e+06
   1.6051552e+06
   1.6052488e+06
   1.6053143e+06
   1.6054134e+06
   1.6054954e+06
   1.6055645e+06
   1.6056599e+06
   1.6057329e+06
   1.6058174e+06
   1.6058960e+06
   1.6059735e+06
   1.6060592e+06
   1.6061419e+06
   1.6062160e+06
   1.6062886e+06
   1.6063788e+06
   1.6064610e+06
   1.6065807e+06
   1.6066626e+06
   1.6067689e+06
   1.6068646e+06
   1.6069804e+06
   1.6071710e+06
   1.6072910e+06
   1.6073836e+06
   1.6075148e+06
   1.6075883e+06
   1.6076614e+06
   1.6077746e+06
   1.6078816e+06
   1.6079883e+06
   1.6080622e+06
   1.6081893e+06
   1.6082987e+06
   1.6084110e+06
   1.6085108e+06
   1.6085884e+06
   1.6086527e+06
   1.6087384e+06
   1.6088856e+06
   1.6089661e+06
   1.6091019e+06
   1.6091892e+06
   1.6092838e+06
   1.6093941e+06
   1.6094860e+06
   1.6096028e+06
   1.6097193e+06
   1.6098161e+06
   1.6099268e+06
   1.6100355e+06
   1.6101484e+06
   1.6102258e+06
   1.6102993e+06
   1.6104148e+06
   1.6104931e+06
   1.6105938e+06
   1.6107032e+06
   1.6108209e+06
   1.6109182e+06
   1.6110201e+06
   1.6111818e+06
   1.6113021e+06
   1.6113868e+06
   1.6114695e+06
   1.6115590e+06
   1.6116431e+06
   1.6117901e+06
   1.6119239e+06
   1.6120861e+06
   1.6121746e+06
   1.6122785e+06
   1.6123633e+06
   1.6124579e+06
   1.6125333e+06
   1.6126055e+06
   1.6126792e+06
   1.6127470e+06
   1.6128385e+06
   1.6129312e+06
   1.6130536e+06
   1.6131692e+06
   1.6132478e+06
   1.6133553e+06
   1.6134725e+06
   1.6136131e+06
   1.6136906e+06
   1.6137792e+06
   1.6138549e+06
   1.6139162e+06
   1.6141096e+06
   1.6141960e+06
   1.6143143e+06
   1.6143904e+06
   1.6145137e+06
   1.6146236e+06
   1.6146972e+06
   1.6147762e+06
   1.6148658e+06
   1.6150151e+06
   1.6151335e+06
   1.6152257e+06
   1.6153134e+06
   1.6154630e+06
   1.6155518e+06
   1.6156360e+06
   1.6157457e+06
   1.6158227e+06
   1.6159278e+06
   1.6160169e+06
   1.6161007e+06
   1.6161876e+06
   1.6162987e+06
   1.6164100e+06
   1.6165506e+06
   1.6166363e+06
   1.6167322e+06
   1.6169394e+06
   1.6170427e+06
   1.6171461e+06
   1.6172515e+06
   1.6173438e+06
   1.6174549e+06
   1.6175537e+06
   1.6176569e+06
   1.6177635e+06
   1.6178449e+06
   1.6179535e+06
   1.6180391e+06
   1.6181162e+06
   1.6182051e+06
   1.6183433e+06
   1.6184095e+06
   1.6184913e+06
   1.6186116e+06
   1.6187368e+06
   1.6188301e+06
   1.6189774e+06
   1.6190632e+06
   1.6191745e+06
   1.6193031e+06
   1.6194244e+06
   1.6195054e+06
   1.6195926e+06
   1.6196978e+06
   1.6197855e+06
   1.6199350e+06
   1.6204687e+06
   1.6207013e+06
   1.6209348e+06
   1.6211330e+06
   1.6213519e+06
   1.6215356e+06
   1.6217764e+06
   1.6221646e+06
   1.6230570e+06
   1.6235778e+06
   1.6237158e+06
   1.6242784e+06
   1.6246860e+06
   1.6252959e+06
   1.6258597e+06
   1.6264799e+06
   1.6266886e+06
   1.6274400e+06
   1.6277584e+06
   1.6294236e+06
   1.6296463e+06
   1.6299288e+06
   1.6371766e+06
   1.6379599e+06
   1.6383216e+06
   1.6385738e+06
   1.6395787e+06
   1.6514084e+06
   1.6516227e+06
   1.6526187e+06
   1.6547435e+06
   1.6552281e+06
   1.6555632e+06
   1.6565454e+06
   1.6600778e+06
   1.6601863e+06
   1.6602652e+06
   1.6603650e+06
   1.6604607e+06
   1.6605497e+06
   1.6606251e+06
   1.6607015e+06
   1.6607908e+06
   1.6608920e+06
   1.6609831e+06
   1.6610761e+06
   1.6611900e+06
   1.6612647e+06
   1.6613317e+06
   1.6614362e+06
   1.6615233e+06
   1.6615953e+06
   1.6616811e+06
   1.6617662e+06
   1.6618505e+06
   1.6619297e+06
   1.6619998e+06
   1.6621205e+06
   1.6622367e+06
   1.6623213e+06
   1.6624135e+06
   1.6626076e+06
   1.6627173e+06
   1.6628092e+06
   1.6629081e+06
   1.6630039e+06
   1.6630688e+06
   1.6631923e+06
   1.6632782e+06
   1.6633885e+06
   1.6634868e+06
   1.6636391e+06
   1.6637284e+06
   1.6638267e+06
   1.6639079e+06
   1.6639760e+06
   1.6640574e+06
   1.6641433e+06
   1.6645476e+06
   1.6646253e+06
   1.6646987e+06
   1.6647865e+06
   1.6648717e+06
   1.6649529e+06
   1.6650404e+06
   1.6651328e+06
   1.6652105e+06
   1.6652883e+06
   1.6654058e+06
   1.6655282e+06
   1.6656158e+06
   1.6656911e+06
   1.6657680e+06
   1.6658657e+06
   1.6659419e+06
   1.6660178e+06
   1.6661232e+06
   1.6662226e+06
   1.6663185e+06
   1.6664207e+06
   1.6664998e+06
   1.6665968e+06
   1.6667077e+06
   1.6668101e+06
   1.6668983e+06
   1.6669929e+06
   1.6671577e+06
   1.6672367e+06
   1.6673216e+06
   1.6674086e+06
   1.6675080e+06
   1.6675860e+06
   1.6677026e+06
   1.6677933e+06
   1.6678955e+06
   1.6679858e+06
   1.6681124e+06
   1.6682443e+06
   1.6683777e+06
   1.6684301e+06
   1.6685191e+06
   1.6686065e+06
   1.6686805e+06
   1.6687798e+06
   1.6688823e+06
   1.6689885e+06
   1.6691598e+06
   1.6692274e+06
   1.6693183e+06
   1.6694120e+06
   1.6695250e+06
   1.6696803e+06
   1.6697723e+06
   1.6698580e+06
   1.6699588e+06
   1.6700704e+06
   1.6701624e+06
   1.6702517e+06
   1.6703468e+06
   1.6704578e+06
   1.6705263e+06
   1.6706307e+06
   1.6707029e+06
   1.6707826e+06
   1.6708643e+06
   1.6709794e+06
   1.6710693e+06
   1.6711563e+06
   1.6712678e+06
   1.6713942e+06
   1.6714860e+06
   1.6715730e+06
   1.6716594e+06
   1.6717730e+06
   1.6718542e+06
   1.6719645e+06
   1.6720670e+06
   1.6721523e+06
   1.6722416e+06
   1.6723117e+06
   1.6723981e+06
   1.6724813e+06
   1.6726297e+06
   1.6727055e+06
   1.6727941e+06
   1.6729282e+06
   1.6730422e+06
   1.6731454e+06
   1.6732170e+06
   1.6733437e+06
   1.6734561e+06
   1.6735835e+06
   1.6737090e+06
   1.6737856e+06
   1.6738732e+06
   1.6739810e+06
   1.6741830e+06
   1.6743108e+06
   1.6744115e+06
   1.6748819e+06
   1.6749714e+06
   1.6750453e+06
   1.6751245e+06
   1.6751955e+06
   1.6752757e+06
   1.6753681e+06
   1.6754741e+06
   1.6755578e+06
   1.6756372e+06
   1.6757200e+06
   1.6758952e+06
   1.6759818e+06
   1.6760696e+06
   1.6761432e+06
   1.6762468e+06
   1.6763492e+06
   1.6764352e+06
   1.6765157e+06
   1.6766165e+06
   1.6767032e+06
   1.6768661e+06
   1.6770081e+06
   1.6770742e+06
   1.6771566e+06
   1.6772531e+06
   1.6773653e+06
   1.6774683e+06
   1.6775637e+06
   1.6776466e+06
   1.6777303e+06
   1.6778201e+06
   1.6779159e+06
   1.6779898e+06
   1.6780736e+06
   1.6781786e+06
   1.6782657e+06
   1.6783510e+06
   1.6784579e+06
   1.6785416e+06
   1.6786233e+06
   1.6786970e+06
   1.6788056e+06
   1.6789004e+06
   1.6790081e+06
   1.6790887e+06
   1.6791734e+06
   1.6792675e+06
   1.6793528e+06
   1.6794861e+06
   1.6795920e+06
   1.6796894e+06
   1.6797731e+06
   1.6798668e+06
   1.6799487e+06
   1.6803994e+06
   1.6815023e+06
   1.6821646e+06
   1.6827301e+06
   1.6830949e+06
   1.6832790e+06
   1.6835457e+06
   1.6838717e+06
   1.6841463e+06
   1.6848630e+06
   1.6868261e+06
   1.6869945e+06
   1.6872815e+06
   1.6899412e+06
   1.6902701e+06
   1.6908651e+06
   1.6910235e+06
   1.6913348e+06
   1.6916462e+06
   1.6925206e+06
   1.6926728e+06
   1.6933481e+06
   1.6936278e+06
   1.6953101e+06
   1.6959043e+06
   1.6962935e+06
   1.6972109e+06
   1.6976042e+06
   1.6977351e+06
   1.6979517e+06
   1.6985642e+06
   1.6991993e+06
   1.6994589e+06
   1.6999589e+06
   1.7005401e+06
   1.7007878e+06
   1.7009991e+06
   1.7016081e+06
   1.7019959e+06
   1.7039326e+06
   1.7200585e+06
   1.7201385e+06
   1.7202155e+06
   1.7203019e+06
   1.7203771e+06
   1.7204530e+06
   1.7205744e+06
   1.7206519e+06
   1.7207426e+06
   1.7208256e+06
   1.7209129e+06
   1.7210149e+06
   1.7210980e+06
   1.7211918e+06
   1.7213033e+06
   1.7213811e+06
   1.7214692e+06
   1.7215337e+06
   1.7216307e+06
   1.7217013e+06
   1.7217754e+06
   1.7218537e+06
   1.7219380e+06
   1.7220283e+06
   1.7221168e+06
   1.7222190e+06
   1.7223066e+06
   1.7223950e+06
   1.7224677e+06
   1.7225439e+06
   1.7226276e+06
   1.7226988e+06
   1.7227857e+06
   1.7228582e+06
   1.7229377e+06
   1.7230236e+06
   1.7231010e+06
   1.7231867e+06
   1.7232947e+06
   1.7233811e+06
   1.7234664e+06
   1.7235602e+06
   1.7236953e+06
   1.7237768e+06
   1.7238570e+06
   1.7239549e+06
   1.7240446e+06
   1.7241225e+06
   1.7242278e+06
   1.7243170e+06
   1.7244189e+06
   1.7244971e+06
   1.7245858e+06
   1.7246662e+06
   1.7247289e+06
   1.7248181e+06
   1.7248849e+06
   1.7249589e+06
   1.7250485e+06
   1.7251259e+06
   1.7251956e+06
   1.7252715e+06
   1.7253551e+06
   1.7254290e+06
   1.7255186e+06
   1.7256504e+06
   1.7257376e+06
   1.7257997e+06
   1.7258752e+06
   1.7259668e+06
   1.7260634e+06
   1.7261448e+06
   1.7262155e+06
   1.7263103e+06
   1.7264260e+06
   1.7265125e+06
   1.7265851e+06
   1.7266858e+06
   1.7267996e+06
   1.7268561e+06
   1.7269381e+06
   1.7270958e+06
   1.7271811e+06
   1.7273154e+06
   1.7273855e+06
   1.7274619e+06
   1.7275398e+06
   1.7276107e+06
   1.7277263e+06
   1.7278243e+06
   1.7279005e+06
   1.7279857e+06
   1.7280597e+06
   1.7281593e+06
   1.7282254e+06
   1.7282872e+06
   1.7283742e+06
   1.7284627e+06
   1.7285575e+06
   1.7286560e+06
   1.7287629e+06
   1.7288991e+06
   1.7290096e+06
   1.7291268e+06
   1.7292115e+06
   1.7293006e+06
   1.7294175e+06
   1.7295063e+06
   1.7296152e+06
   1.7297157e+06
   1.7297863e+06
   1.7298615e+06
   1.7299618e+06
   1.7300488e+06
   1.7301235e+06
   1.7302080e+06
   1.7302850e+06
   1.7303845e+06
   1.7304740e+06
   1.7305888e+06
   1.7306636e+06
   1.7307803e+06
   1.7309033e+06
   1.7309995e+06
   1.7310759e+06
   1.7311539e+06
   1.7312290e+06
   1.7313081e+06
   1.7314006e+06
   1.7315081e+06
   1.7315776e+06
   1.7316727e+06
   1.7317371e+06
   1.7318615e+06
   1.7319241e+06
   1.7320194e+06
   1.7321523e+06
   1.7322793e+06
   1.7323803e+06
   1.7324758e+06
   1.7325541e+06
   1.7326431e+06
   1.7327158e+06
   1.7328127e+06
   1.7328880e+06
   1.7329650e+06
   1.7330544e+06
   1.7331663e+06
   1.7332631e+06
   1.7333665e+06
   1.7334409e+06
   1.7335070e+06
   1.7336090e+06
   1.7336812e+06
   1.7337514e+06
   1.7338743e+06
   1.7339801e+06
   1.7341295e+06
   1.7342301e+06
   1.7343258e+06
   1.7344243e+06
   1.7344972e+06
   1.7346317e+06
   1.7347484e+06
   1.7348291e+06
   1.7349320e+06
   1.7350327e+06
   1.7351358e+06
   1.7352408e+06
   1.7353513e+06
   1.7354221e+06
   1.7355111e+06
   1.7356207e+06
   1.7357423e+06
   1.7358346e+06
   1.7358947e+06
   1.7360233e+06
   1.7361544e+06
   1.7362668e+06
   1.7363461e+06
   1.7364342e+06
   1.7365115e+06
   1.7366050e+06
   1.7366770e+06
   1.7367666e+06
   1.7368623e+06
   1.7369485e+06
   1.7370347e+06
   1.7371145e+06
   1.7372182e+06
   1.7373135e+06
   1.7374156e+06
   1.7375246e+06
   1.7376359e+06
   1.7377047e+06
   1.7377716e+06
   1.7378546e+06
   1.7379564e+06
   1.7380411e+06
   1.7381245e+06
   1.7382100e+06
   1.7383059e+06
   1.7384145e+06
   1.7385037e+06
   1.7386836e+06
   1.7387611e+06
   1.7388566e+06
   1.7389649e+06
   1.7390760e+06
   1.7391562e+06
   1.7392673e+06
   1.7393579e+06
   1.7394235e+06
   1.7394962e+06
   1.7396001e+06
   1.7397008e+06
   1.7398940e+06
   1.7399580e+06
   1.7402873e+06
   1.7406734e+06
   1.7410817e+06
   1.7416899e+06
   1.7421370e+06
   1.7434780e+06
   1.7479681e+06
   1.7489702e+06
   1.7501887e+06
   1.7504638e+06
   1.7506506e+06
   1.7508828e+06
   1.7520114e+06
   1.7530060e+06
   1.7535513e+06
   1.7543599e+06
   1.7558729e+06
   1.7562233e+06
   1.7564465e+06
   1.7576555e+06
   1.7582994e+06
   1.7587104e+06
   1.7588726e+06
   1.7593246e+06
   1.7595799e+06
   1.7597798e+06
   1.7616212e+06
   1.7617939e+06
   1.7619627e+06
   1.7623092e+06
   1.7632427e+06
   1.7634707e+06
   1.7640689e+06
   1.7644305e+06
   1.7647647e+06
   1.7652658e+06
   1.7655101e+06
   1.7658664e+06
   1.7661215e+06
   1.7666241e+06
   1.7718819e+06
   1.7723020e+06
   1.7733845e+06
   1.7753133e+06
   1.7757310e+06
   1.7760804e+06
   1.7779527e+06
   1.7784452e+06
   1.7789515e+06
   1.7800796e+06
   1.7801513e+06
   1.7802112e+06
   1.7802880e+06
   1.7803689e+06
   1.7804597e+06
   1.7805214e+06
   1.7806175e+06
   1.7806984e+06
   1.7808091e+06
   1.7808721e+06
   1.7809422e+06
   1.7810078e+06
   1.7810879e+06
   1.7811573e+06
   1.7812275e+06
   1.7813295e+06
   1.7813923e+06
   1.7814559e+06
   1.7815589e+06
   1.7816346e+06
   1.7817052e+06
   1.7817941e+06
   1.7818615e+06
   1.7819423e+06
   1.7820007e+06
   1.7820959e+06
   1.7821822e+06
   1.7822886e+06
   1.7823567e+06
   1.7824378e+06
   1.7825125e+06
   1.7825859e+06
   1.7826678e+06
   1.7827316e+06
   1.7828017e+06
   1.7828869e+06
   1.7829556e+06
   1.7830804e+06
   1.7831850e+06
   1.7832602e+06
   1.7833250e+06
   1.7833912e+06
   1.7834865e+06
   1.7835882e+06
   1.7836454e+06
   1.7837238e+06
   1.7838172e+06
   1.7839529e+06
   1.7840261e+06
   1.7841011e+06
   1.7841860e+06
   1.7842642e+06
   1.7843307e+06
   1.7844077e+06
   1.7844940e+06
   1.7845639e+06
   1.7846481e+06
   1.7847225e+06
   1.7848111e+06
   1.7848876e+06
   1.7849873e+06
   1.7850703e+06
   1.7851526e+06
   1.7852549e+06
   1.7853300e+06
   1.7854072e+06
   1.7854867e+06
   1.7855557e+06
   1.7856449e+06
   1.7857547e+06
   1.7858474e+06
   1.7859135e+06
   1.7859953e+06
   1.7860836e+06
   1.7861615e+06
   1.7862375e+06
   1.7863130e+06
   1.7864136e+06
   1.7864750e+06
   1.7865365e+06
   1.7865953e+06
   1.7866890e+06
   1.7867892e+06
   1.7868646e+06
   1.7869218e+06
   1.7870913e+06
   1.7872005e+06
   1.7872788e+06
   1.7873896e+06
   1.7874549e+06
   1.7875232e+06
   1.7875945e+06
   1.7876760e+06
   1.7877693e+06
   1.7878753e+06
   1.7879628e+06
   1.7880464e+06
   1.7881332e+06
   1.7882216e+06
   1.7883133e+06
   1.7884064e+06
   1.7885091e+06
   1.7885992e+06
   1.7887062e+06
   1.7887913e+06
   1.7888856e+06
   1.7889806e+06
   1.7890832e+06
   1.7891719e+06
   1.7892450e+06
   1.7893367e+06
   1.7894153e+06
   1.7894998e+06
   1.7896270e+06
   1.7897135e+06
   1.7898032e+06
   1.7898934e+06
   1.7899786e+06
   1.7900549e+06
   1.7902267e+06
   1.7903077e+06
   1.7903950e+06
   1.7904627e+06
   1.7905417e+06
   1.7906444e+06
   1.7907177e+06
   1.7907843e+06
   1.7908763e+06
   1.7909655e+06
   1.7910505e+06
   1.7911447e+06
   1.7912274e+06
   1.7913243e+06
   1.7913995e+06
   1.7915111e+06
   1.7916096e+06
   1.7916708e+06
   1.7917531e+06
   1.7918302e+06
   1.7918956e+06
   1.7920004e+06
   1.7920943e+06
   1.7921709e+06
   1.7922369e+06
   1.7923110e+06
   1.7923950e+06
   1.7924588e+06
   1.7925294e+06
   1.7926067e+06
   1.7927014e+06
   1.7927949e+06
   1.7928910e+06
   1.7929606e+06
   1.7930528e+06
   1.7931338e+06
   1.7932083e+06
   1.7932985e+06
   1.7933833e+06
   1.7934590e+06
   1.7935465e+06
   1.7936165e+06
   1.7937209e+06
   1.7938017e+06
   1.7938706e+06
   1.7939469e+06
   1.7941457e+06
   1.7942262e+06
   1.7943140e+06
   1.7944122e+06
   1.7944954e+06
   1.7945589e+06
   1.7946391e+06
   1.7947000e+06
   1.7947883e+06
   1.7948815e+06
   1.7949752e+06
   1.7950838e+06
   1.7951829e+06
   1.7952720e+06
   1.7953621e+06
   1.7954398e+06
   1.7955010e+06
   1.7955851e+06
   1.7956797e+06
   1.7957699e+06
   1.7958480e+06
   1.7959356e+06
   1.7960158e+06
   1.7961224e+06
   1.7962032e+06
   1.7962821e+06
   1.7963906e+06
   1.7965047e+06
   1.7965816e+06
   1.7966587e+06
   1.7967633e+06
   1.7968356e+06
   1.7969162e+06
   1.7970275e+06
   1.7971045e+06
   1.7971923e+06
   1.7972939e+06
   1.7973728e+06
   1.7974706e+06
   1.7975446e+06
   1.7976408e+06
   1.7977272e+06
   1.7978075e+06
   1.7979036e+06
   1.7980053e+06
   1.7980849e+06
   1.7981674e+06
   1.7982415e+06
   1.7983211e+06
   1.7984315e+06
   1.7985222e+06
   1.7986133e+06
   1.7987101e+06
   1.7987995e+06
   1.7988938e+06
   1.7989851e+06
   1.7990635e+06
   1.7991484e+06
   1.7992516e+06
   1.7993614e+06
   1.7994443e+06
   1.7995310e+06
   1.7996269e+06
   1.7997125e+06
   1.7998091e+06
   1.7998976e+06
   1.7999778e+06
   1.8004357e+06
   1.8007800e+06
   1.8011554e+06
   1.8016284e+06
   1.8034859e+06
   1.8097943e+06
   1.8099166e+06
   1.8112323e+06
   1.8114437e+06
   1.8117068e+06
   1.8121212e+06
   1.8133939e+06
   1.8140080e+06
   1.8157148e+06
   1.8160618e+06
   1.8167111e+06
   1.8174956e+06
   1.8179178e+06
   1.8247989e+06
   1.8252696e+06
   1.8355338e+06
   1.8363045e+06
   1.8387180e+06
   1.8392520e+06
   1.8395837e+06
   1.8400852e+06
   1.8401493e+06
   1.8402392e+06
   1.8403060e+06
   1.8403762e+06
   1.8404559e+06
   1.8405254e+06
   1.8405953e+06
   1.8406864e+06
   1.8407572e+06
   1.8408217e+06
   1.8408832e+06
   1.8409497e+06
   1.8410127e+06
   1.8411022e+06
   1.8411807e+06
   1.8412617e+06
   1.8413323e+06
   1.8414073e+06
   1.8414856e+06
   1.8415535e+06
   1.8416185e+06
   1.8416963e+06
   1.8417686e+06
   1.8418321e+06
   1.8419059e+06
   1.8419716e+06
   1.8420596e+06
   1.8421380e+06
   1.8422249e+06
   1.8422964e+06
   1.8423696e+06
   1.8424422e+06
   1.8425093e+06
   1.8425689e+06
   1.8426488e+06
   1.8427356e+06
   1.8427976e+06
   1.8428550e+06
   1.8429334e+06
   1.8430267e+06
   1.8431549e+06
   1.8432077e+06
   1.8432773e+06
   1.8433527e+06
   1.8434256e+06
   1.8435471e+06
   1.8436178e+06
   1.8437049e+06
   1.8437912e+06
   1.8438735e+06
   1.8439628e+06
   1.8440450e+06
   1.8441004e+06
   1.8441732e+06
   1.8442831e+06
   1.8443780e+06
   1.8444498e+06
   1.8445347e+06
   1.8446101e+06
   1.8446739e+06
   1.8447478e+06
   1.8448272e+06
   1.8448866e+06
   1.8449616e+06
   1.8450343e+06
   1.8451222e+06
   1.8452089e+06
   1.8452896e+06
   1.8453719e+06
   1.8454281e+06
   1.8454892e+06
   1.8455630e+06
   1.8456290e+06
   1.8457087e+06
   1.8457853e+06
   1.8458719e+06
   1.8459348e+06
   1.8459978e+06
   1.8460574e+06
   1.8461209e+06
   1.8461915e+06
   1.8463045e+06
   1.8463877e+06
   1.8464499e+06
   1.8465074e+06
   1.8465795e+06
   1.8466515e+06
   1.8467387e+06
   1.8468122e+06
   1.8468873e+06
   1.8469535e+06
   1.8471083e+06
   1.8471794e+06
   1.8472780e+06
   1.8473468e+06
   1.8474504e+06
   1.8475311e+06
   1.8476249e+06
   1.8477060e+06
   1.8477796e+06
   1.8478595e+06
   1.8479718e+06
   1.8480418e+06
   1.8481093e+06
   1.8482049e+06
   1.8483124e+06
   1.8483802e+06
   1.8484662e+06
   1.8485504e+06
   1.8486272e+06
   1.8487095e+06
   1.8487852e+06
   1.8488446e+06
   1.8489249e+06
   1.8490090e+06
   1.8490818e+06
   1.8491622e+06
   1.8492485e+06
   1.8493112e+06
   1.8493682e+06
   1.8494397e+06
   1.8495196e+06
   1.8495835e+06
   1.8496595e+06
   1.8497458e+06
   1.8498114e+06
   1.8498840e+06
   1.8499484e+06
   1.8500248e+06
   1.8501193e+06
   1.8501838e+06
   1.8502491e+06
   1.8503276e+06
   1.8504419e+06
   1.8505153e+06
   1.8505984e+06
   1.8506654e+06
   1.8507355e+06
   1.8508178e+06
   1.8508926e+06
   1.8509637e+06
   1.8510409e+06
   1.8511100e+06
   1.8511916e+06
   1.8512906e+06
   1.8513587e+06
   1.8514523e+06
   1.8515266e+06
   1.8515971e+06
   1.8516712e+06
   1.8517650e+06
   1.8518512e+06
   1.8519174e+06
   1.8520090e+06
   1.8520940e+06
   1.8521577e+06
   1.8522240e+06
   1.8523032e+06
   1.8523660e+06
   1.8524327e+06
   1.8525358e+06
   1.8526296e+06
   1.8526869e+06
   1.8527842e+06
   1.8528656e+06
   1.8529316e+06
   1.8530096e+06
   1.8530936e+06
   1.8531530e+06
   1.8532169e+06
   1.8532956e+06
   1.8533807e+06
   1.8534438e+06
   1.8535035e+06
   1.8535732e+06
   1.8536376e+06
   1.8537620e+06
   1.8538360e+06
   1.8539101e+06
   1.8539975e+06
   1.8541611e+06
   1.8542403e+06
   1.8543245e+06
   1.8543829e+06
   1.8544769e+06
   1.8545425e+06
   1.8546212e+06
   1.8546903e+06
   1.8547811e+06
   1.8548343e+06
   1.8549350e+06
   1.8549987e+06
   1.8550793e+06
   1.8551478e+06
   1.8552132e+06
   1.8553112e+06
   1.8553807e+06
   1.8554568e+06
   1.8555275e+06
   1.8556014e+06
   1.8556807e+06
   1.8557615e+06
   1.8558334e+06
   1.8559185e+06
   1.8560212e+06
   1.8561294e+06
   1.8562054e+06
   1.8563039e+06
   1.8563738e+06
   1.8564736e+06
   1.8565752e+06
   1.8566568e+06
   1.8567515e+06
   1.8568275e+06
   1.8569272e+06
   1.8570007e+06
   1.8570746e+06
   1.8571405e+06
   1.8572133e+06
   1.8572966e+06
   1.8573838e+06
   1.8574473e+06
   1.8575151e+06
   1.8576333e+06
   1.8576966e+06
   1.8577984e+06
   1.8578844e+06
   1.8579743e+06
   1.8580642e+06
   1.8581825e+06
   1.8582501e+06
   1.8583303e+06
   1.8584043e+06
   1.8584870e+06
   1.8585452e+06
   1.8586164e+06
   1.8586835e+06
   1.8587405e+06
   1.8588126e+06
   1.8588755e+06
   1.8589416e+06
   1.8590190e+06
   1.8590952e+06
   1.8591841e+06
   1.8592514e+06
   1.8593218e+06
   1.8593940e+06
   1.8594842e+06
   1.8595716e+06
   1.8596781e+06
   1.8597414e+06
   1.8598496e+06
   1.8599304e+06
   1.8611625e+06
   1.8614087e+06
   1.8619223e+06
   1.8626133e+06
   1.8631790e+06
   1.8728288e+06
   1.8732435e+06
   1.8734435e+06
   1.8738750e+06
   1.8752839e+06
   1.8754841e+06
   1.8756764e+06
   1.8759050e+06
   1.8765720e+06
   1.8770874e+06
   1.8780808e+06
   1.8790344e+06
   1.8793103e+06
   1.8900400e+06
   1.8914598e+06
   1.8919120e+06
   1.8920959e+06
   1.8923315e+06
   1.8941960e+06
   1.8955446e+06
   1.8969038e+06
   1.8973707e+06
   1.8977246e+06
   1.8980268e+06
   1.8987138e+06
   1.8990175e+06
   1.8995436e+06
   1.8997447e+06
   1.9000744e+06
   1.9001310e+06
   1.9001963e+06
   1.9002556e+06
   1.9003170e+06
   1.9003815e+06
   1.9004394e+06
   1.9005335e+06
   1.9006051e+06
   1.9006755e+06
   1.9007742e+06
   1.9008341e+06
   1.9009200e+06
   1.9009790e+06
   1.9010330e+06
   1.9010901e+06
   1.9011522e+06
   1.9012285e+06
   1.9013089e+06
   1.9013878e+06
   1.9014487e+06
   1.9015117e+06
   1.9015868e+06
   1.9016507e+06
   1.9017127e+06
   1.9017771e+06
   1.9018520e+06
   1.9019182e+06
   1.9020172e+06
   1.9020747e+06
   1.9021585e+06
   1.9022115e+06
   1.9023041e+06
   1.9023857e+06
   1.9024610e+06
   1.9025284e+06
   1.9026206e+06
   1.9026740e+06
   1.9027447e+06
   1.9028078e+06
   1.9028746e+06
   1.9029419e+06
   1.9030231e+06
   1.9030890e+06
   1.9031469e+06
   1.9032318e+06
   1.9033026e+06
   1.9033789e+06
   1.9034433e+06
   1.9035056e+06
   1.9035955e+06
   1.9036689e+06
   1.9037417e+06
   1.9038069e+06
   1.9038804e+06
   1.9039303e+06
   1.9039990e+06
   1.9040508e+06
   1.9041098e+06
   1.9041898e+06
   1.9042592e+06
   1.9043231e+06
   1.9043967e+06
   1.9044695e+06
   1.9045284e+06
   1.9045910e+06
   1.9046707e+06
   1.9047452e+06
   1.9048175e+06
   1.9049079e+06
   1.9049761e+06
   1.9050380e+06
   1.9050980e+06
   1.9051597e+06
   1.9052270e+06
   1.9052937e+06
   1.9053649e+06
   1.9054246e+06
   1.9054947e+06
   1.9055549e+06
   1.9056268e+06
   1.9057067e+06
   1.9057883e+06
   1.9058635e+06
   1.9059153e+06
   1.9059749e+06
   1.9060340e+06
   1.9061091e+06
   1.9061741e+06
   1.9062631e+06
   1.9063215e+06
   1.9063839e+06
   1.9064496e+06
   1.9065174e+06
   1.9066246e+06
   1.9066992e+06
   1.9067842e+06
   1.9068528e+06
   1.9069267e+06
   1.9070737e+06
   1.9071475e+06
   1.9072167e+06
   1.9072908e+06
   1.9073579e+06
   1.9074389e+06
   1.9075177e+06
   1.9075841e+06
   1.9076583e+06
   1.9077166e+06
   1.9077822e+06
   1.9078656e+06
   1.9079310e+06
   1.9079898e+06
   1.9080668e+06
   1.9081410e+06
   1.9082353e+06
   1.9083019e+06
   1.9083842e+06
   1.9084863e+06
   1.9085812e+06
   1.9086373e+06
   1.9087064e+06
   1.9088124e+06
   1.9088880e+06
   1.9089623e+06
   1.9090369e+06
   1.9090973e+06
   1.9091690e+06
   1.9092361e+06
   1.9092949e+06
   1.9093889e+06
   1.9094533e+06
   1.9095227e+06
   1.9096089e+06
   1.9096763e+06
   1.9097309e+06
   1.9097982e+06
   1.9098803e+06
   1.9099513e+06
   1.9100256e+06
   1.9100917e+06
   1.9101601e+06
   1.9102328e+06
   1.9103250e+06
   1.9104231e+06
   1.9104926e+06
   1.9105586e+06
   1.9106268e+06
   1.9107138e+06
   1.9107995e+06
   1.9108722e+06
   1.9109857e+06
   1.9110516e+06
   1.9111155e+06
   1.9111883e+06
   1.9112622e+06
   1.9113352e+06
   1.9114103e+06
   1.9115001e+06
   1.9115668e+06
   1.9116665e+06
   1.9117365e+06
   1.9118015e+06
   1.9118855e+06
   1.9119431e+06
   1.9120056e+06
   1.9120787e+06
   1.9121623e+06
   1.9122475e+06
   1.9123144e+06
   1.9124108e+06
   1.9124651e+06
   1.9125233e+06
   1.9125869e+06
   1.9126753e+06
   1.9127276e+06
   1.9128328e+06
   1.9129123e+06
   1.9129820e+06
   1.9130471e+06
   1.9131374e+06
   1.9131984e+06
   1.9132767e+06
   1.9133421e+06
   1.9134226e+06
   1.9134922e+06
   1.9135718e+06
   1.9136328e+06
   1.9136940e+06
   1.9137626e+06
   1.9138370e+06
   1.9139028e+06
   1.9139670e+06
   1.9141149e+06
   1.9141855e+06
   1.9142744e+06
   1.9143549e+06
   1.9144185e+06
   1.9145106e+06
   1.9145817e+06
   1.9146492e+06
   1.9147339e+06
   1.9147975e+06
   1.9148817e+06
   1.9149676e+06
   1.9150284e+06
   1.9150883e+06
   1.9151788e+06
   1.9152651e+06
   1.9153409e+06
   1.9154130e+06
   1.9154853e+06
   1.9155588e+06
   1.9156186e+06
   1.9156938e+06
   1.9157792e+06
   1.9158472e+06
   1.9159216e+06
   1.9160054e+06
   1.9160638e+06
   1.9161533e+06
   1.9161549e+06
   1.9161585e+06
   1.9161845e+06
   1.9162101e+06
   1.9162201e+06
   1.9162219e+06
   1.9162304e+06
   1.9162734e+06
   1.9162871e+06
   1.9162886e+06
   1.9162983e+06
   1.9163014e+06
   1.9163037e+06
   1.9163376e+06
   1.9163600e+06
   1.9163765e+06
   1.9163808e+06
   1.9163885e+06
   1.9163946e+06
   1.9164010e+06
   1.9164501e+06
   1.9164539e+06
   1.9164698e+06
   1.9164719e+06
   1.9164884e+06
   1.9164916e+06
   1.9165233e+06
   1.9165323e+06
   1.9165528e+06
   1.9165572e+06
   1.9165645e+06
   1.9165758e+06
   1.9165872e+06
   1.9166039e+06
   1.9166184e+06
   1.9166331e+06
   1.9166408e+06
   1.9166647e+06
   1.9166756e+06
   1.9166793e+06
   1.9166860e+06
   1.9167116e+06
   1.9167178e+06
   1.9167409e+06
   1.9167443e+06
   1.9167578e+06
   1.9167717e+06
   1.9167818e+06
   1.9167956e+06
   1.9168018e+06
   1.9168090e+06
   1.9168410e+06
   1.9168726e+06
   1.9168764e+06
   1.9168765e+06
   1.9168813e+06
   1.9168965e+06
   1.9169237e+06
   1.9169494e+06
   1.9169494e+06
   1.9169527e+06
   1.9169564e+06
   1.9169675e+06
   1.9170110e+06
   1.9170164e+06
   1.9170278e+06
   1.9170404e+06
   1.9170410e+06
   1.9170633e+06
   1.9170933e+06
   1.9170983e+06
   1.9171006e+06
   1.9171154e+06
   1.9171176e+06
   1.9171376e+06
   1.9171604e+06
   1.9171693e+06
   1.9171821e+06
   1.9171934e+06
   1.9172156e+06
   1.9172256e+06
   1.9172266e+06
   1.9172477e+06
   1.9172528e+06
   1.9172690e+06
   1.9172968e+06
   1.9172996e+06
   1.9173017e+06
   1.9173173e+06
   1.9173341e+06
   1.9173494e+06
   1.9173538e+06
   1.9173797e+06
   1.9173955e+06
   1.9174007e+06
   1.9174124e+06
   1.9174305e+06
   1.9174319e+06
   1.9174514e+06
   1.9174763e+06
   1.9174774e+06
   1.9174848e+06
   1.9174947e+06
   1.9175104e+06
   1.9175253e+06
   1.9175462e+06
   1.9175492e+06
   1.9175529e+06
   1.9175706e+06
   1.9175860e+06
   1.9175914e+06
   1.9176165e+06
   1.9176352e+06
   1.9176361e+06
   1.9176370e+06
   1.9176597e+06
   1.9176788e+06
   1.9176965e+06
   1.9177085e+06
   1.9177087e+06
   1.9177208e+06
   1.9177478e+06
   1.9177615e+06
   1.9177753e+06
   1.9177754e+06
   1.9177774e+06
   1.9177989e+06
   1.9178228e+06
   1.9178369e+06
   1.9178457e+06
   1.9178463e+06
   1.9178465e+06
   1.9178936e+06
   1.9179031e+06
   1.9179150e+06
   1.9179239e+06
   1.9179264e+06
   1.9179308e+06
   1.9179658e+06
   1.9179795e+06
   1.9179942e+06
   1.9179980e+06
   1.9180036e+06
   1.9180049e+06
   1.9180378e+06
   1.9180496e+06
   1.9180746e+06
   1.9180771e+06
   1.9180806e+06
   1.9180809e+06
   1.9181037e+06
   1.9181396e+06
   1.9181514e+06
   1.9181556e+06
   1.9181629e+06
   1.9181645e+06
   1.9181934e+06
   1.9182259e+06
   1.9182293e+06
   1.9182294e+06
   1.9182368e+06
   1.9182369e+06
   1.9182712e+06
   1.9182906e+06
   1.9182972e+06
   1.9182996e+06
   1.9183165e+06
   1.9183315e+06
   1.9183447e+06
   1.9183584e+06
   1.9183625e+06
   1.9183755e+06
   1.9183848e+06
   1.9184086e+06
   1.9184129e+06
   1.9184226e+06
   1.9184573e+06
   1.9184610e+06
   1.9184627e+06
   1.9184802e+06
   1.9184862e+06
   1.9185222e+06
   1.9185335e+06
   1.9185422e+06
   1.9185438e+06
   1.9185520e+06
   1.9185529e+06
   1.9186012e+06
   1.9186104e+06
   1.9186119e+06
   1.9186191e+06
   1.9186263e+06
   1.9186363e+06
   1.9186654e+06
   1.9186790e+06
   1.9186915e+06
   1.9186923e+06
   1.9186993e+06
   1.9187031e+06
   1.9187372e+06
   1.9187388e+06
   1.9187570e+06
   1.9187744e+06
   1.9187748e+06
   1.9187777e+06
   1.9188092e+06
   1.9188226e+06
   1.9188303e+06
   1.9188360e+06
   1.9188572e+06
   1.9188643e+06
   1.9188685e+06
   1.9188919e+06
   1.9188944e+06
   1.9189135e+06
   1.9189230e+06
   1.9189346e+06
   1.9189350e+06
   1.9189673e+06
   1.9189810e+06
   1.9189950e+06
   1.9190013e+06
   1.9190095e+06
   1.9190403e+06
   1.9190490e+06
   1.9190672e+06
   1.9190703e+06
   1.9190802e+06
   1.9190920e+06
   1.9191159e+06
   1.9191231e+06
   1.9191321e+06
   1.9191337e+06
   1.9191576e+06
   1.9191869e+06
   1.9191891e+06
   1.9191922e+06
   1.9191953e+06
   1.9192061e+06
   1.9192483e+06
   1.9192588e+06
   1.9192627e+06
   1.9192645e+06
   1.9192851e+06
   1.9192860e+06
   1.9193272e+06
   1.9193283e+06
   1.9193363e+06
   1.9193369e+06
   1.9193544e+06
   1.9193546e+06
   1.9193978e+06
   1.9194045e+06
   1.9194140e+06
   1.9194179e+06
   1.9194255e+06
   1.9194454e+06
   1.9194834e+06
   1.9194876e+06
   1.9194959e+06
   1.9194984e+06
   1.9195126e+06
   1.9195331e+06
   1.9195715e+06
   1.9195779e+06
   1.9195782e+06
   1.9195864e+06
   1.9195995e+06
   1.9196111e+06
   1.9196525e+06
   1.9196603e+06
   1.9196623e+06
   1.9196624e+06
   1.9196666e+06
   1.9196913e+06
   1.9197205e+06
   1.9197375e+06
   1.9197422e+06
   1.9197471e+06
   1.9197510e+06
   1.9197699e+06
   1.9197971e+06
   1.9198099e+06
   1.9198130e+06
   1.9198228e+06
   1.9198442e+06
   1.9198548e+06
   1.9198583e+06
   1.9198839e+06
   1.9198953e+06
   1.9199169e+06
   1.9199225e+06
   1.9199312e+06
   1.9199447e+06
   1.9199570e+06
   1.9199664e+06
